! EM field energy per field component
  Iter        Time                          B1                      B2                      B3                      E1                      E2                      E3
     0   0.0000000      0.0000000000000000E+00  0.0000000000000000E+00  0.0000000000000000E+00  0.0000000000000000E+00  0.0000000000000000E+00  0.0000000000000000E+00
     1  0.95000000E-01  0.0000000000000000E+00  1.8679141738137660E-10  1.4072359966185145E-10  2.1265489264443884E-09  1.4906460830868889E-09  2.1145634938890635E-09
     2  0.19000000      0.0000000000000000E+00  2.0751035525257061E-09  1.5954350223182396E-09  8.3844416406851358E-09  4.2227866384598426E-09  5.8870308854345215E-09
     3  0.28500000      0.0000000000000000E+00  6.0979277514848351E-09  4.9290302189154529E-09  1.8419932293591579E-08  6.4289538034450164E-09  8.7487111641302938E-09
     4  0.38000000      0.0000000000000000E+00  1.0174702262192639E-08  8.8932321626080897E-09  3.1669658632504213E-08  8.3957343726085469E-09  1.1213929025123640E-08
     5  0.47500000      0.0000000000000000E+00  1.3112412107173397E-08  1.2380025758119926E-08  4.7393877761776187E-08  1.0728289922270557E-08  1.3616625230993528E-08
     6  0.57000000      0.0000000000000000E+00  1.5632902621954525E-08  1.5550410218228608E-08  6.4720004638533221E-08  1.3274702723123191E-08  1.5172876728028812E-08
     7  0.66500000      0.0000000000000000E+00  1.8846077999538354E-08  1.9146662586096696E-08  8.2693780574391367E-08  1.5488267127562055E-08  1.5161692163005626E-08
     8  0.76000000      0.0000000000000000E+00  2.2709416196015476E-08  2.3282795959503777E-08  1.0033497811284253E-07  1.7570429918085111E-08  1.4063791341550100E-08
     9  0.85500000      0.0000000000000000E+00  2.6064120275753190E-08  2.8123999488259891E-08  1.1669437992356013E-07  1.9332606955946004E-08  1.3272891174224378E-08
    10  0.95000000      0.0000000000000000E+00  2.7986601231866425E-08  3.3792534884305190E-08  1.3090853918700435E-07  2.0249222791288957E-08  1.3544861855628037E-08
    11   1.0450000      0.0000000000000000E+00  2.8462394052377937E-08  3.9504344201588393E-08  1.4224920562719110E-07  2.0823152347661357E-08  1.4461650036144828E-08
    12   1.1400000      0.0000000000000000E+00  2.8014457580502425E-08  4.4822377244279902E-08  1.5016444501144058E-07  2.1640196680000674E-08  1.4955173104134356E-08
    13   1.2350000      0.0000000000000000E+00  2.6529833087102952E-08  5.0751883790903087E-08  1.5430890428479953E-07  2.2443890821608695E-08  1.4872404778013026E-08
    14   1.3300000      0.0000000000000000E+00  2.3549698139541067E-08  5.8760945441994304E-08  1.5456162683958205E-07  2.2688321222552554E-08  1.4875190513232008E-08
    15   1.4250000      0.0000000000000000E+00  2.0038292867969455E-08  6.9314881752032552E-08  1.5103034663990913E-07  2.1908574243613956E-08  1.4349235113248668E-08
    16   1.5200000      0.0000000000000000E+00  1.7584742221841352E-08  8.1052071222563012E-08  1.4404210796994394E-07  2.0466798261941977E-08  1.2220506582058537E-08
    17   1.6150000      0.0000000000000000E+00  1.6124540550659473E-08  9.2133672211555423E-08  1.3412084460425864E-07  1.9183633835999195E-08  9.4869760320317303E-09
    18   1.7100000      0.0000000000000000E+00  1.4955966549407633E-08  1.0213878711486818E-07  1.2195356562497992E-07  1.8418348189666815E-08  7.6956118934692009E-09
    19   1.8050000      0.0000000000000000E+00  1.4522331661113092E-08  1.1212978915256568E-07  1.0834703430798858E-07  1.8011369529024976E-08  6.6157424512279125E-09
    20   1.9000000      0.0000000000000000E+00  1.5180626922309813E-08  1.2354675686526279E-07  9.4177751121538754E-08  1.7388870571491898E-08  5.8210664261804783E-09
    21   1.9950000      0.0000000000000000E+00  1.6410790242626476E-08  1.3681303218055643E-07  8.0338243120943503E-08  1.6625613759676095E-08  5.5926872436716088E-09
    22   2.0900000      0.0000000000000000E+00  1.7538891962727484E-08  1.5178269979558093E-07  6.7682934981104734E-08  1.6179169511369113E-08  6.0853663513997589E-09
    23   2.1850000      0.0000000000000000E+00  1.8007124480017257E-08  1.6895776347036119E-07  5.6977032246181323E-08  1.5809500908111385E-08  7.3491909005781478E-09
    24   2.2800000      0.0000000000000000E+00  1.7855035363964318E-08  1.8902408296202079E-07  4.8851382399145372E-08  1.5032797721603965E-08  9.0689645901761932E-09
    25   2.3750000      0.0000000000000000E+00  1.7990927352179192E-08  2.1173697366152203E-07  4.3766016770173993E-08  1.4195352041798565E-08  1.0296039862446814E-08
    26   2.4700000      0.0000000000000000E+00  1.8985004195061985E-08  2.3657428924330069E-07  4.1984520103220885E-08  1.3776654041581625E-08  1.0717309396815850E-08
    27   2.5650000      0.0000000000000000E+00  2.0288179392142205E-08  2.6395174541222654E-07  4.3560647785659374E-08  1.3345427277472196E-08  1.1229284079777102E-08
    28   2.6600000      0.0000000000000000E+00  2.1444435331911468E-08  2.9464721751608783E-07  4.8337933260502198E-08  1.2889874302681312E-08  1.2223399011398078E-08
    29   2.7550000      0.0000000000000000E+00  2.2881293978824162E-08  3.2950549486647061E-07  5.5962085170581059E-08  1.3016242120615564E-08  1.2490275661995967E-08
    30   2.8500000      0.0000000000000000E+00  2.3945606879535032E-08  3.6937565092802501E-07  6.5905426221700898E-08  1.3620591479108515E-08  1.1924148028627668E-08
    31   2.9450000      0.0000000000000000E+00  2.2802840065409655E-08  4.1357740738900141E-07  7.7501686052809090E-08  1.3924034065855174E-08  1.2203278612177397E-08
    32   3.0400000      0.0000000000000000E+00  1.9370907122343975E-08  4.5870958849198024E-07  8.9989057048709789E-08  1.4005409435979200E-08  1.3559328906139513E-08
    33   3.1350000      0.0000000000000000E+00  1.5352573705696902E-08  5.0120621962857740E-07  1.0255853170885938E-07  1.5046058565304429E-08  1.4802668736704843E-08
    34   3.2300000      0.0000000000000000E+00  1.2138092107367013E-08  5.4231192728149281E-07  1.1440458953913138E-07  1.7300461022932256E-08  1.5362738651829813E-08
    35   3.3250000      0.0000000000000000E+00  1.0302918247559798E-08  5.8859079897150236E-07  1.2477514757231185E-07  2.0076646343948145E-08  1.5171981534477160E-08
    36   3.4200000      0.0000000000000000E+00  9.7394697330377487E-09  6.4733290190076115E-07  1.3301765987050634E-07  2.3224223992125944E-08  1.4331623323915447E-08
    37   3.5150000      0.0000000000000000E+00  9.9199754545384093E-09  7.2248766057679406E-07  1.3861856871468799E-07  2.6460536262597735E-08  1.3055645191622171E-08
    38   3.6100000      0.0000000000000000E+00  1.0551701033268794E-08  8.1294983967448379E-07  1.4123365468341402E-07  2.9394873214629929E-08  1.1344036575166169E-08
    39   3.7050000      0.0000000000000000E+00  1.1813984719913813E-08  9.1430122745084946E-07  1.4070771075267885E-07  3.1849668963143394E-08  8.8573967118478339E-09
    40   3.8000000      0.0000000000000000E+00  1.3068201591379049E-08  1.0224161834500289E-06  1.3708228415740718E-07  3.3465636859186857E-08  6.4844748364934297E-09
    41   3.8950000      0.0000000000000000E+00  1.3085599079428104E-08  1.1352046440269565E-06  1.3059112261282707E-07  3.3975732092836419E-08  6.0020899655553948E-09
    42   3.9900000      0.0000000000000000E+00  1.2378572503523464E-08  1.2524301479766015E-06  1.2164380917426080E-07  3.3657790726044093E-08  6.9825168667950150E-09
    43   4.0850000      0.0000000000000000E+00  1.2290519787974719E-08  1.3754536533510834E-06  1.1079869273730750E-07  3.3549260073196526E-08  7.8609625089630376E-09
    44   4.1800000      0.0000000000000000E+00  1.2714885911724847E-08  1.5079506871010398E-06  9.8726732009499728E-08  3.4331106713438301E-08  8.7911265607890182E-09
    45   4.2750000      0.0000000000000000E+00  1.3137489786407480E-08  1.6549469562262115E-06  8.6168648416652809E-08  3.5919657208230212E-08  1.0340643752865067E-08
    46   4.3700000      0.0000000000000000E+00  1.3960756013930263E-08  1.8199624635092718E-06  7.3888294021011010E-08  3.8549307959318201E-08  1.1908472781207332E-08
    47   4.4650000      0.0000000000000000E+00  1.5679538443955018E-08  2.0049752135747030E-06  6.2625118485140024E-08  4.2321804930326862E-08  1.2618204803222643E-08
    48   4.5600000      0.0000000000000000E+00  1.7878719151426780E-08  2.2128895009858181E-06  5.3048645587381916E-08  4.6734886929052118E-08  1.2489819506761518E-08
    49   4.6550000      0.0000000000000000E+00  1.9730038397993416E-08  2.4480410526836860E-06  4.5717793589875812E-08  5.2025681822764752E-08  1.1988336995903106E-08
    50   4.7500000      0.0000000000000000E+00  2.0652334947260185E-08  2.7142353095096016E-06  4.1047577397391429E-08  5.8910405639705463E-08  1.1506643876808700E-08
    51   4.8450000      0.0000000000000000E+00  2.0505084818027857E-08  3.0123030348564707E-06  3.9285062150824974E-08  6.7022410728239575E-08  1.1381927644504619E-08
    52   4.9400000      0.0000000000000000E+00  2.0068754528812423E-08  3.3400267515204839E-06  4.0496005413810904E-08  7.4837127863024196E-08  1.1168685780414806E-08
    53   5.0350000      0.0000000000000000E+00  2.0075258245883340E-08  3.6949425342707536E-06  4.4562912511604775E-08  8.1924787191466102E-08  1.0512222807136588E-08
    54   5.1300000      0.0000000000000000E+00  1.9921093312720101E-08  4.0781385143548625E-06  5.1194637257669543E-08  9.0019139862838696E-08  1.0522149381682907E-08
    55   5.2250000      0.0000000000000000E+00  1.9273744842487347E-08  4.4961023070983651E-06  5.9946697251170442E-08  1.0055471638806962E-07  1.1579036145983454E-08
    56   5.3200000      0.0000000000000000E+00  1.8985539444162529E-08  4.9577665784871328E-06  7.0250843378355533E-08  1.1315805102450510E-07  1.2157377415265816E-08
    57   5.4150000      0.0000000000000000E+00  1.9024019686401806E-08  5.4696020144570819E-06  8.1452036530621797E-08  1.2697466294527477E-07  1.1673464359511075E-08
    58   5.5100000      0.0000000000000000E+00  1.8320892899994411E-08  6.0345099648800780E-06  9.2850477147214072E-08  1.4175413390057728E-07  1.1076953878241938E-08
    59   5.6050000      0.0000000000000000E+00  1.6882965029984306E-08  6.6552449241892087E-06  1.0374599335512458E-07  1.5764303664383189E-07  1.0626281807338845E-08
    60   5.7000000      0.0000000000000000E+00  1.5883990182167268E-08  7.3386042908815237E-06  1.1348183784184880E-07  1.7549466402336183E-07  9.7712766054754070E-09
    61   5.7950000      0.0000000000000000E+00  1.6030126993414374E-08  8.0983819213412859E-06  1.2148515802873628E-07  1.9592673486315955E-07  8.6494789704094275E-09
    62   5.8900000      0.0000000000000000E+00  1.6950214018696510E-08  8.9540296939650850E-06  1.2730161652475260E-07  2.1836931111464546E-07  8.1604429651035170E-09
    63   5.9850000      0.0000000000000000E+00  1.7698955866437897E-08  9.9244641581772139E-06  1.3062222671381954E-07  2.4170000086446812E-07  9.2214686942046659E-09
    64   6.0800000      0.0000000000000000E+00  1.8008199779896029E-08  1.1021634553355338E-05  1.3130076132529101E-07  2.6442166846573466E-07  1.1471048929789240E-08
    65   6.1750000      0.0000000000000000E+00  1.8491389006450697E-08  1.2246673346777063E-05  1.2936069737509451E-07  2.8519411000635148E-07  1.3458408887216695E-08
    66   6.2700000      0.0000000000000000E+00  1.9550569933627308E-08  1.3590277023703022E-05  1.2499131181711101E-07  3.0402839592292260E-07  1.4217186851662009E-08
    67   6.3650000      0.0000000000000000E+00  2.0531538201308302E-08  1.5039299031392722E-05  1.1853305160152734E-07  3.2269329515214027E-07  1.4288127692427864E-08
    68   6.4600000      0.0000000000000000E+00  2.0739228965316970E-08  1.6589180668247086E-05  1.1045353362034061E-07  3.4365376619077012E-07  1.4585555993636594E-08
    69   6.5550000      0.0000000000000000E+00  2.1590474178380552E-08  1.8256321489176402E-05  1.0131587567107325E-07  3.6858589749176683E-07  1.3556750802249741E-08
    70   6.6500000      0.0000000000000000E+00  2.4104495666368689E-08  2.0080091362650963E-05  9.1741414151857437E-08  3.9908061032011761E-07  9.9782330743955340E-09
    71   6.7450000      0.0000000000000000E+00  2.5627619184871053E-08  2.2111385102287359E-05  8.2369077997628274E-08  4.3833120027348734E-07  7.1974222113924414E-09
    72   6.8400000      0.0000000000000000E+00  2.4381156757116368E-08  2.4397618574850471E-05  7.3814204463901192E-08  4.8747159090042584E-07  7.4549429783703367E-09
    73   6.9350000      0.0000000000000000E+00  2.1928117676006874E-08  2.6970700686121179E-05  6.6629380308996993E-08  5.4413978454403890E-07  8.9837995905712215E-09
    74   7.0300000      0.0000000000000000E+00  1.9620869675868515E-08  2.9844972065792051E-05  6.1269687842584788E-08  6.0599537938879931E-07  1.0334587278600356E-08
    75   7.1250000      0.0000000000000000E+00  1.7372139571971908E-08  3.3029166130864577E-05  5.8064703161013696E-08  6.7242140684705619E-07  1.1420187847265277E-08
    76   7.2200000      0.0000000000000000E+00  1.4728999910227133E-08  3.6542798392050690E-05  5.7198947241548823E-08  7.4418671465622722E-07  1.2352994623064527E-08
    77   7.3150000      0.0000000000000000E+00  1.1917417868736529E-08  4.0424340274795955E-05  5.8701805411425005E-08  8.2178054965481478E-07  1.2590635407805499E-08
    78   7.4100000      0.0000000000000000E+00  9.7724241508807622E-09  4.4723946792835740E-05  6.2447594167695398E-08  9.0588556841878033E-07  1.1357878649523448E-08
    79   7.5050000      0.0000000000000000E+00  8.7062876240470662E-09  4.9489042222249189E-05  6.8165616800630470E-08  9.9737710550409772E-07  8.9671084721561510E-09
    80   7.6000000      0.0000000000000000E+00  8.3893221427595549E-09  5.4756559066184117E-05  7.5459470547373058E-08  1.0964429513198566E-06  6.8005134084917298E-09
    81   7.6950000      0.0000000000000000E+00  8.2515289061020274E-09  6.0558334132885035E-05  8.3834382093948902E-08  1.2041928817185321E-06  6.2455657252782332E-09
    82   7.7900000      0.0000000000000000E+00  8.3853073857553417E-09  6.6937131995639977E-05  9.2730660035211685E-08  1.3235997001166215E-06  7.2675023637543083E-09
    83   7.8850000      0.0000000000000000E+00  9.2075243535040117E-09  7.3960027164004407E-05  1.0156115762093457E-07  1.4582423852062106E-06  8.7506201381605496E-09
    84   7.9800000      0.0000000000000000E+00  9.9760392858134062E-09  8.1717970894835127E-05  1.0974998586567507E-07  1.6111047650012262E-06  1.0730926670955449E-08
    85   8.0750000      0.0000000000000000E+00  9.8342865539067642E-09  9.0315434377877504E-05  1.1677017409329263E-07  1.7835935689857868E-06  1.3599446371341141E-08
    86   8.1700000      0.0000000000000000E+00  9.7354296006976330E-09  9.9859936997782553E-05  1.2217789237955970E-07  1.9758261424695899E-06  1.5972207455846780E-08
    87   8.2650000      0.0000000000000000E+00  1.0940091821138080E-08  1.1045658480719506E-04  1.2564098124098759E-07  2.1879608748522945E-06  1.6452571540003744E-08
    88   8.3600000      0.0000000000000000E+00  1.3076611255482948E-08  1.2220671421338321E-04  1.2696009473082274E-07  2.4206336332266543E-06  1.5802757271998176E-08
    89   8.4550000      0.0000000000000000E+00  1.5521505582507111E-08  1.3520870216893619E-04  1.2608099276979529E-07  2.6755920346316002E-06  1.4940972290261670E-08
    90   8.5500000      0.0000000000000000E+00  1.8233418856242819E-08  1.4956482381612174E-04  1.2309733928058577E-07  2.9555135198036483E-06  1.3880931337853575E-08
    91   8.6450000      0.0000000000000000E+00  2.1002492809013784E-08  1.6539503131481181E-04  1.1824358242788367E-07  3.2645848152454165E-06  1.2665609845998464E-08
    92   8.7400000      0.0000000000000000E+00  2.3467194793723294E-08  1.8285296081362067E-04  1.1187872766771076E-07  3.6091009258613662E-06  1.1337678676822587E-08
    93   8.8350000      0.0000000000000000E+00  2.5156408931692631E-08  2.0213647679414410E-04  1.0446192875852629E-07  3.9957079131349424E-06  1.0088024260425236E-08
    94   8.9300000      0.0000000000000000E+00  2.5499913316110921E-08  2.2348556996218467E-04  9.6521723750476244E-08  4.4290768797115714E-06  9.5155144565456048E-09
    95   9.0250000      0.0000000000000000E+00  2.4756264245725537E-08  2.4716795481924950E-04  8.8621166855468327E-08  4.9117899775321540E-06  9.5056655613620513E-09
    96   9.1200000      0.0000000000000000E+00  2.4055106420663859E-08  2.7346215944029710E-04  8.1320706655963169E-08  5.4453410420556795E-06  8.9914452525737838E-09
    97   9.2150000      0.0000000000000000E+00  2.3756683834109392E-08  3.0264852429468404E-04  7.5141420176360835E-08  6.0296833488079375E-06  7.7393099942092148E-09
    98   9.3100000      0.0000000000000000E+00  2.2927689241971484E-08  3.3500774280661376E-04  7.0531005004506602E-08  6.6644183352770096E-06  7.0978611756393660E-09
    99   9.4050000      0.0000000000000000E+00  2.1616290246372430E-08  3.7082244536397853E-04  6.7834833368359503E-08  7.3519634923836680E-06  7.3208328336580216E-09
   100   9.5000000      0.0000000000000000E+00  2.1182559971047127E-08  4.1038220371216957E-04  6.7273793851935151E-08  8.0992506840387348E-06  7.0447613802559511E-09
   101   9.5950000      0.0000000000000000E+00  2.1571393273698670E-08  4.5399822113451088E-04  6.8930483741693059E-08  8.9178778719342795E-06  6.4634999829544821E-09
   102   9.6900000      0.0000000000000000E+00  2.1456161278168047E-08  5.0203491880653492E-04  7.2744581862207472E-08  9.8243535553792968E-06  6.9143848791108335E-09
   103   9.7850000      0.0000000000000000E+00  2.0214896788522971E-08  5.5495465497137908E-04  7.8517705204935787E-08  1.0840234982258713E-05  8.5850966243068345E-09
   104   9.8800000      0.0000000000000000E+00  1.7971340607824462E-08  6.1335503622454756E-04  8.5927386831167050E-08  1.1988107953056548E-05  1.0911073835331086E-08
   105   9.9750000      0.0000000000000000E+00  1.5257929833267213E-08  6.7796867359470794E-04  9.4549595657985208E-08  1.3285504244561013E-05  1.3231640785262024E-08
   106   10.070000      0.0000000000000000E+00  1.2919110507935270E-08  7.4961435873182637E-04  1.0388783529189517E-07  1.4742819418890697E-05  1.4961203485691702E-08
   107   10.165000      0.0000000000000000E+00  1.1586097397559763E-08  8.2912895253400192E-04  1.1340703551905100E-07  1.6364091743041774E-05  1.6004084753461217E-08
   108   10.260000      0.0000000000000000E+00  1.1389420002335612E-08  9.1732608506567975E-04  1.2257043428045854E-07  1.8150381219152587E-05  1.6744739776608985E-08
   109   10.355000      0.0000000000000000E+00  1.2739704261924576E-08  1.0150098680035216E-03  1.3087656961784721E-07  2.0105312333219538E-05  1.6715080158424050E-08
   110   10.450000      0.0000000000000000E+00  1.5894456733520622E-08  1.1230353096445087E-03  1.3789417322399947E-07  2.2238618512127751E-05  1.4920094422846508E-08
   111   10.545000      0.0000000000000000E+00  1.9114151377732060E-08  1.2423765196421452E-03  1.4329277104292615E-07  2.4566996375326275E-05  1.2524594167253644E-08
   112   10.640000      0.0000000000000000E+00  2.0346958945737167E-08  1.3741661639830656E-03  1.4686724981756352E-07  2.7112879149665706E-05  1.1339023005757504E-08
   113   10.735000      0.0000000000000000E+00  1.9859465828970617E-08  1.5196969117751008E-03  1.4855418863081486E-07  2.9903306836218358E-05  1.0951313173055025E-08
   114   10.830000      0.0000000000000000E+00  1.8873148971291507E-08  1.6804042699749445E-03  1.4843911860208028E-07  3.2968607235065230E-05  1.0409490076510532E-08
   115   10.925000      0.0000000000000000E+00  1.7763103229087636E-08  1.8578567236974229E-03  1.4675471725738353E-07  3.6340930381424071E-05  9.9408300854780981E-09
   116   11.020000      0.0000000000000000E+00  1.6545124043461625E-08  2.0537650755171667E-03  1.4386934421299150E-07  4.0055288715002842E-05  9.9332424803265546E-09
   117   11.115000      0.0000000000000000E+00  1.5565743073708198E-08  2.2700100100652635E-03  1.4026692096081146E-07  4.4150635625791451E-05  9.9930895194131788E-09
   118   11.210000      0.0000000000000000E+00  1.5071674271972306E-08  2.5086773136102892E-03  1.3651973920632175E-07  4.8668073236437574E-05  9.5801638377135163E-09
   119   11.305000      0.0000000000000000E+00  1.4873436760681446E-08  2.7720842762448453E-03  1.3325560253625235E-07  5.3649482193917127E-05  8.6226618082818847E-09
   120   11.400000      0.0000000000000000E+00  1.4605238669015092E-08  3.0627872422159192E-03  1.3112083894377017E-07  5.9137309372772958E-05  7.3102474269584730E-09
   121   11.495000      0.0000000000000000E+00  1.3582044254465100E-08  3.3835702888977831E-03  1.3074275471915710E-07  6.5173760247804957E-05  6.5107844969205773E-09
   122   11.590000      0.0000000000000000E+00  1.1696887332612985E-08  3.7374257697903313E-03  1.3269416015606575E-07  7.1800159210034408E-05  6.8073040238059820E-09
   123   11.685000      0.0000000000000000E+00  1.0259099211360768E-08  4.1275470388188271E-03  1.3746138292188085E-07  7.9058999429770687E-05  7.2839674948193369E-09
   124   11.780000      0.0000000000000000E+00  1.0040372562308209E-08  4.5573529827775726E-03  1.4541873371277843E-07  8.6999363864468542E-05  7.6402431091278361E-09
   125   11.875000      0.0000000000000000E+00  1.0285091521902472E-08  5.0305457100011611E-03  1.5680999802503936E-07  9.5679184715547155E-05  9.1516490803288977E-09
   126   11.970000      0.0000000000000000E+00  1.0892256936081971E-08  5.5511745850134256E-03  1.7173849901468849E-07  1.0516308906579631E-04  1.1780570684273338E-08
   127   12.065000      0.0000000000000000E+00  1.2644177878040186E-08  6.1236759604958212E-03  1.9016911302532141E-07  1.1551976289993468E-04  1.3994206426544885E-08
   128   12.160000      0.0000000000000000E+00  1.5302100903888700E-08  6.7528844570831680E-03  2.1193560936810123E-07  1.2682038486128846E-04  1.5267622029384456E-08
   129   12.255000      0.0000000000000000E+00  1.7746555378553245E-08  7.4440324940087677E-03  2.3675591473403334E-07  1.3913546052564090E-04  1.6107117954129699E-08
   130   12.350000      0.0000000000000000E+00  1.9503085480655612E-08  8.2027459895478907E-03  2.6425818661917303E-07  1.5253165134716058E-04  1.6478724129070437E-08
   131   12.445000      0.0000000000000000E+00  2.0956541082167566E-08  9.0350366445114301E-03  2.9402521056434511E-07  1.6706894151731388E-04  1.5855820483083234E-08
   132   12.540000      0.0000000000000000E+00  2.2688406972601219E-08  9.9472973046127455E-03  3.2565738169946408E-07  1.8279750820608158E-04  1.3966650568589664E-08
   133   12.635000      0.0000000000000000E+00  2.4581013480668990E-08  1.0946306913438321E-02  3.5882216301199678E-07  1.9975649360985055E-04  1.1634529601545142E-08
   134   12.730000      0.0000000000000000E+00  2.5901747220206935E-08  1.2039225794816850E-02  3.9330988944767649E-07  2.1797184780083441E-04  1.0278383691669192E-08
   135   12.825000      0.0000000000000000E+00  2.6347500791063156E-08  1.3233526132271665E-02  4.2908199948002847E-07  2.3745350731270648E-04  1.0276866337401493E-08
   136   12.920000      0.0000000000000000E+00  2.6379033687523165E-08  1.4536832754968726E-02  4.6628738644341806E-07  2.5819971150748989E-04  1.0475651689805858E-08
   137   13.015000      0.0000000000000000E+00  2.6056072162110845E-08  1.5956750077835279E-02  5.0528602443799128E-07  2.8021157300510326E-04  9.7119340492278857E-09
   138   13.110000      0.0000000000000000E+00  2.3601898704492283E-08  1.7500815955085736E-02  5.4668255401785897E-07  3.0351136865432383E-04  9.3098255486160823E-09
   139   13.205000      0.0000000000000000E+00  1.8309136090550372E-08  1.9176653476748406E-02  5.9124789615039837E-07  3.2814984592676924E-04  1.0354088679172353E-08
   140   13.300000      0.0000000000000000E+00  1.3425911553975011E-08  2.0992212742838540E-02  6.3999728536272154E-07  3.5419238688042209E-04  1.0064076090654002E-08
   141   13.395000      0.0000000000000000E+00  1.1253927155341517E-08  2.2955892597080297E-02  6.9420765236951661E-07  3.8169535935802276E-04  7.3788228756316869E-09
   142   13.490000      0.0000000000000000E+00  1.0553417656800464E-08  2.5076422742887239E-02  7.5526883639526276E-07  4.1067979277209250E-04  5.2744884938619112E-09
   143   13.585000      0.0000000000000000E+00  1.0362321897927799E-08  2.7362553855406375E-02  8.2465539269534437E-07  4.4111221138642715E-04  5.3543676265441407E-09
   144   13.680000      0.0000000000000000E+00  1.0849048175022822E-08  2.9822710272905329E-02  9.0395318072255557E-07  4.7290418815244264E-04  7.0732258635710600E-09
   145   13.775000      0.0000000000000000E+00  1.2073129442168920E-08  3.2464724183341877E-02  9.9466423913156789E-07  5.0592197728199263E-04  9.4307987510677179E-09
   146   13.870000      0.0000000000000000E+00  1.3447710216187547E-08  3.5295640053426870E-02  1.0978983315243452E-06  5.3999787388035541E-04  1.2004601536504070E-08
   147   13.965000      0.0000000000000000E+00  1.4322932023142072E-08  3.8321528725198242E-02  1.2143119879319386E-06  5.7494113891064875E-04  1.4707095089397997E-08
   148   14.060000      0.0000000000000000E+00  1.5021363693909708E-08  4.1547300889282858E-02  1.3438565743910931E-06  6.1055222460283719E-04  1.6779044196717091E-08
   149   14.155000      0.0000000000000000E+00  1.6581927698841654E-08  4.4976598751970756E-02  1.4857332848736779E-06  6.4664037966648258E-04  1.7094856939790654E-08
   150   14.250000      0.0000000000000000E+00  1.9565704846633743E-08  4.8611841856546628E-02  1.6387364421737257E-06  6.8303209603168616E-04  1.5275914353070702E-08
   151   14.345000      0.0000000000000000E+00  2.3115437568081502E-08  5.2454370567755482E-02  1.8015736166039943E-06  7.1956753791825308E-04  1.2476875308619475E-08
   152   14.440000      0.0000000000000000E+00  2.5664957402794098E-08  5.6504554623662488E-02  1.9726138827673027E-06  7.5609116501489299E-04  1.0497673909858027E-08
   153   14.535000      0.0000000000000000E+00  2.6858525301748238E-08  6.0761804100779498E-02  2.1498894132577254E-06  7.9244895082325765E-04  9.4477633842931292E-09
   154   14.630000      0.0000000000000000E+00  2.6888080924642395E-08  6.5224532038934621E-02  2.3312197338058927E-06  8.2847975999085543E-04  8.6941537799957695E-09
   155   14.725000      0.0000000000000000E+00  2.4933922969636951E-08  6.9890120497952957E-02  2.5143069210623668E-06  8.6401389500114021E-04  8.9871463758021563E-09
   156   14.820000      0.0000000000000000E+00  2.0715774921096803E-08  7.4754847256403509E-02  2.6979620466516275E-06  8.9886380481764218E-04  1.0757838040497496E-08
   157   14.915000      0.0000000000000000E+00  1.5935780619809438E-08  7.9813778096866850E-02  2.8823272437359693E-06  9.3283397012632106E-04  1.2420410400240653E-08
   158   15.010000      0.0000000000000000E+00  1.2258977305247037E-08  8.5060743001521374E-02  3.0685041717158660E-06  9.6573029681705589E-04  1.2782942436630281E-08
   159   15.105000      0.0000000000000000E+00  1.0074601161697396E-08  9.0488462982841536E-02  3.2582335715640675E-06  9.9737489121343864E-04  1.2132617098769753E-08
   160   15.200000      0.0000000000000000E+00  9.2638584398883157E-09  9.6088743317104194E-02  3.4530672824355961E-06  1.0276064664446001E-03  1.0919591466620797E-08
   161   15.295000      0.0000000000000000E+00  9.3504213732952114E-09  1.0185261567176399E-01  3.6546875457010218E-06  1.0562855608221183E-03  9.6428708147021370E-09
   162   15.390000      0.0000000000000000E+00  9.8081914858375172E-09  1.0777033157119148E-01  3.8648615158046062E-06  1.0832827448022633E-03  8.6695212060883757E-09
   163   15.485000      0.0000000000000000E+00  1.0478978695185771E-08  1.1383107497743217E-01  4.0843507696443480E-06  1.1084580595060400E-03  7.8970190619065897E-09
   164   15.580000      0.0000000000000000E+00  1.0964170248963262E-08  1.2002244116723221E-01  4.3117882134296332E-06  1.1316584582358323E-03  7.6507619443033820E-09
   165   15.675000      0.0000000000000000E+00  1.0610321818938178E-08  1.2632991393560042E-01  4.5434478290271908E-06  1.1527618159588129E-03  8.7521777923124778E-09
   166   15.770000      0.0000000000000000E+00  9.8299772087345263E-09  1.3273654571326310E-01  4.7734904836439826E-06  1.1717528054907057E-03  1.0868637317563392E-08
   167   15.865000      0.0000000000000000E+00  1.0106080227093140E-08  1.3922283104307095E-01  4.9976765001108507E-06  1.1888338746999664E-03  1.2317842315858047E-08
   168   15.960000      0.0000000000000000E+00  1.1664886558234791E-08  1.4576670341633013E-01  5.2156653541014841E-06  1.2045289749330051E-03  1.2759303692236036E-08
   169   16.055000      0.0000000000000000E+00  1.3252459782347570E-08  1.5234374667845835E-01  5.4293597082123317E-06  1.2197029778676738E-03  1.3492799350320569E-08
   170   16.150000      0.0000000000000000E+00  1.4756819080705494E-08  1.5892783160720636E-01  5.6423457501733947E-06  1.2355090291199585E-03  1.4249589385714012E-08
   171   16.245000      0.0000000000000000E+00  1.6860851323457514E-08  1.6549225045140195E-01  5.8612130997488788E-06  1.2532432976204008E-03  1.3835925049038220E-08
   172   16.340000      0.0000000000000000E+00  1.9226288701214990E-08  1.7201114383999097E-01  6.0990755973910422E-06  1.2741159280517502E-03  1.2476898314476783E-08
   173   16.435000      0.0000000000000000E+00  2.1097791886643981E-08  1.7846098249050352E-01  6.3754665373298738E-06  1.2990440015360706E-03  1.1054188320992300E-08
   174   16.530000      0.0000000000000000E+00  2.2148009030967518E-08  1.8482237348903810E-01  6.7163491960391411E-06  1.3284688568652846E-03  1.0168593777940902E-08
   175   16.625000      0.0000000000000000E+00  2.2496761383454925E-08  1.9108216885916099E-01  7.1509808263502027E-06  1.3620335790603193E-03  1.0027388898063460E-08
   176   16.720000      0.0000000000000000E+00  2.2672722762418338E-08  1.9723458455165410E-01  7.7052518398138344E-06  1.3983513684399443E-03  1.0221638118017399E-08
   177   16.815000      0.0000000000000000E+00  2.3171187742432047E-08  2.0327971125922592E-01  8.3945350183595558E-06  1.4350444632591679E-03  1.0069369642486619E-08
   178   16.910000      0.0000000000000000E+00  2.3534691919989231E-08  2.0921947546898392E-01  9.2215660382153791E-06  1.4691835331202994E-03  9.8231373896573841E-09
   179   17.005000      0.0000000000000000E+00  2.2979448008873644E-08  2.1505357333167208E-01  1.0171757236189603E-05  1.4977830240085423E-03  1.0307248642154840E-08
   180   17.100000      0.0000000000000000E+00  2.2418679986833337E-08  2.2077720107218815E-01  1.1204315372884700E-05  1.5179997440051285E-03  1.0504254534908206E-08
   181   17.195000      0.0000000000000000E+00  2.3011557584384510E-08  2.2637938412229663E-01  1.2249253795732586E-05  1.5272222771392930E-03  9.2379929995735197E-09
   182   17.290000      0.0000000000000000E+00  2.3900145772198316E-08  2.3184028661292846E-01  1.3222968892746378E-05  1.5234171463712513E-03  7.7758136055662156E-09
   183   17.385000      0.0000000000000000E+00  2.3922870347235595E-08  2.3712821399729803E-01  1.4046057416494345E-05  1.5055701461590871E-03  7.5682264370157167E-09
   184   17.480000      0.0000000000000000E+00  2.3227592966208369E-08  2.4219832275670355E-01  1.4652590699352150E-05  1.4738988132017858E-03  8.3932845670513622E-09
   185   17.575000      0.0000000000000000E+00  2.2253169932360090E-08  2.4699428222709849E-01  1.4998040291455034E-05  1.4296984829461430E-03  9.6706368688025054E-09
   186   17.670000      0.0000000000000000E+00  2.0886498917782641E-08  2.5145202408202366E-01  1.5065763334821478E-05  1.3751075723367342E-03  1.1395598434848098E-08
   187   17.765000      0.0000000000000000E+00  1.8973768708996637E-08  2.5550412994879118E-01  1.4873821021320355E-05  1.3129487707880081E-03  1.3535048803789697E-08
   188   17.860000      0.0000000000000000E+00  1.6796624411363136E-08  2.5908453410584659E-01  1.4468848123832459E-05  1.2466728385807395E-03  1.5519735544553294E-08
   189   17.955000      0.0000000000000000E+00  1.4793333050495683E-08  2.6213454377517298E-01  1.3911199904041592E-05  1.1801745029609949E-03  1.6755701132741027E-08
   190   18.050000      0.0000000000000000E+00  1.3624262452139968E-08  2.6460934823742532E-01  1.3269345162390121E-05  1.1172503427509561E-03  1.6525894861995263E-08
   191   18.145000      0.0000000000000000E+00  1.3479615196536335E-08  2.6648231108675280E-01  1.2619663063891774E-05  1.0611316704923384E-03  1.4761032396143465E-08
   192   18.240000      0.0000000000000000E+00  1.3389881257625342E-08  2.6774564553435348E-01  1.2063481613652613E-05  1.0145046427527281E-03  1.2881093765408402E-08
   193   18.335000      0.0000000000000000E+00  1.2928311858899113E-08  2.6840939112568157E-01  1.1692924114360564E-05  9.7996980048004880E-04  1.1595478549978121E-08
   194   18.430000      0.0000000000000000E+00  1.2874077458174054E-08  2.6850117285137781E-01  1.1566984822537289E-05  9.6002533861875195E-04  1.0014121194808414E-08
   195   18.525000      0.0000000000000000E+00  1.3109122780122239E-08  2.6806582240293525E-01  1.1708119945321813E-05  9.5680583647985156E-04  8.3628102127305421E-09
   196   18.620000      0.0000000000000000E+00  1.2725240621380002E-08  2.6716339162270586E-01  1.2102599285624303E-05  9.7175146999359501E-04  7.9152637452608546E-09
   197   18.715000      0.0000000000000000E+00  1.2022570971325774E-08  2.6586451937404271E-01  1.2694887920525743E-05  1.0055907368344181E-03  8.5360362730808044E-09
   198   18.810000      0.0000000000000000E+00  1.2051787696320963E-08  2.6424406640427600E-01  1.3399874531807487E-05  1.0582506213513026E-03  9.1577404527742207E-09
   199   18.905000      0.0000000000000000E+00  1.3010297949645125E-08  2.6237511564700966E-01  1.4129748747651037E-05  1.1287329957178481E-03  9.5551496726869213E-09
   200   19.000000      0.0000000000000000E+00  1.4330215464452127E-08  2.6032394892455057E-01  1.4791815904532489E-05  1.2149013212179886E-03  1.0170197862406571E-08
   201   19.095000      0.0000000000000000E+00  1.5611235200574896E-08  2.5814543628957604E-01  1.5329335319495046E-05  1.3135044756457796E-03  1.1174021286888335E-08
   202   19.190000      0.0000000000000000E+00  1.7191111022457402E-08  2.5587939961565848E-01  1.5755781627242711E-05  1.4200888286345175E-03  1.1921687225682997E-08
   203   19.285000      0.0000000000000000E+00  1.9584865992626542E-08  2.5354958242527703E-01  1.6125749825771290E-05  1.5293836611464063E-03  1.1600525173369230E-08
   204   19.380000      0.0000000000000000E+00  2.2247453219641317E-08  2.5116642811278278E-01  1.6518524555644096E-05  1.6358644600928405E-03  1.0685865011827418E-08
   205   19.475000      0.0000000000000000E+00  2.3721600274192328E-08  2.4873263592056422E-01  1.7038001461892997E-05  1.7342244386845057E-03  1.0712312638011689E-08
   206   19.570000      0.0000000000000000E+00  2.3338640396135911E-08  2.4624888016858637E-01  1.7783886281750652E-05  1.8199203717700352E-03  1.2483002876846450E-08
   207   19.665000      0.0000000000000000E+00  2.2730010113309241E-08  2.4371869871273272E-01  1.8808546284582118E-05  1.8898579081645169E-03  1.4204856401733666E-08
   208   19.760000      0.0000000000000000E+00  2.3121327434938806E-08  2.4115301482556159E-01  2.0110383312153108E-05  1.9428631963436874E-03  1.4521985746311303E-08
   209   19.855000      0.0000000000000000E+00  2.2743170648930472E-08  2.3857346546334124E-01  2.1646481279173404E-05  1.9798834841247468E-03  1.5725483902345610E-08
   210   19.950000      0.0000000000000000E+00  2.1179073329072817E-08  2.3601240762008882E-01  2.3365997237485187E-05  2.0041701577444295E-03  1.8288199177448114E-08
   211   20.045000      0.0000000000000000E+00  2.0860127218536661E-08  2.3350945693601766E-01  2.5240794653820227E-05  2.0211490180649717E-03  1.9112088471481217E-08
   212   20.140000      0.0000000000000000E+00  2.2486660110845245E-08  2.3110720975478705E-01  2.7282868848751677E-05  2.0378344517519515E-03  1.7428742234254509E-08
   213   20.235000      0.0000000000000000E+00  2.4771266803314301E-08  2.2884818741648033E-01  2.9544791681845179E-05  2.0616337214160135E-03  1.4797388965799319E-08
   214   20.330000      0.0000000000000000E+00  2.6562646328679320E-08  2.2677264923646626E-01  3.2066060706102154E-05  2.0988909328672652E-03  1.2558670527961116E-08
   215   20.425000      0.0000000000000000E+00  2.7580785928436739E-08  2.2491594585362984E-01  3.4820142550990349E-05  2.1538757220603724E-03  1.0923251800807147E-08
   216   20.520000      0.0000000000000000E+00  2.7930152370307884E-08  2.2330511171836009E-01  3.7716444253111162E-05  2.2282604649372997E-03  9.5259940379397622E-09
   217   20.615000      0.0000000000000000E+00  2.7288374361887216E-08  2.2195664878166746E-01  4.0628031374611586E-05  2.3211717394362205E-03  8.6525426130794324E-09
   218   20.710000      0.0000000000000000E+00  2.5378168629654959E-08  2.2087764053956727E-01  4.3411861351176597E-05  2.4294254459107760E-03  8.8196600712810615E-09
   219   20.805000      0.0000000000000000E+00  2.2701629975153544E-08  2.2007050654954866E-01  4.5931505246586367E-05  2.5479394905019073E-03  9.8537936237658937E-09
   220   20.900000      0.0000000000000000E+00  2.0554478777175970E-08  2.1953933129964792E-01  4.8102004784726693E-05  2.6702255197398003E-03  1.0623764289228058E-08
   221   20.995000      0.0000000000000000E+00  1.9946514498098542E-08  2.1929320127043550E-01  4.9860925983316141E-05  2.7891517375895152E-03  1.0037430333164922E-08
   222   21.090000      0.0000000000000000E+00  2.0197897333399160E-08  2.1934499236662194E-01  5.1142481672494268E-05  2.8984910585616620E-03  8.8494923151285727E-09
   223   21.185000      0.0000000000000000E+00  2.0162207671564469E-08  2.1970850634530109E-01  5.1885478300535783E-05  2.9940817581605903E-03  8.3579247556820437E-09
   224   21.280000      0.0000000000000000E+00  2.0049710461751757E-08  2.2039647563557804E-01  5.2049449341228345E-05  3.0745579847149627E-03  8.2525284798632754E-09
   225   21.375000      0.0000000000000000E+00  2.0113590466382018E-08  2.2142083023342060E-01  5.1625685343783075E-05  3.1420077393875113E-03  8.2166694910627607E-09
   226   21.470000      0.0000000000000000E+00  1.9454152673252325E-08  2.2279409727133448E-01  5.0666679361371038E-05  3.2012355125579229E-03  9.3706186268744620E-09
   227   21.565000      0.0000000000000000E+00  1.7846177459885441E-08  2.2452739997756010E-01  4.9324791922585956E-05  3.2586596117009634E-03  1.1949433944677379E-08
   228   21.660000      0.0000000000000000E+00  1.6342539610433102E-08  2.2662418533120157E-01  4.7806511230641163E-05  3.3215052992995155E-03  1.4601779491345449E-08
   229   21.755000      0.0000000000000000E+00  1.5683554915614561E-08  2.2907615439203549E-01  4.6336956429508141E-05  3.3968505636445575E-03  1.6390375346455597E-08
   230   21.850000      0.0000000000000000E+00  1.6017777997127543E-08  2.3186563708282196E-01  4.5126184582168365E-05  3.4900627561576928E-03  1.6969735368095178E-08
   231   21.945000      0.0000000000000000E+00  1.7128169606760191E-08  2.3497087172901043E-01  4.4332632360469362E-05  3.6033903330840813E-03  1.6362037598730311E-08
   232   22.040000      0.0000000000000000E+00  1.8508923352887031E-08  2.3836956533072390E-01  4.4067691443441203E-05  3.7357061195239963E-03  1.5039146532423037E-08
   233   22.135000      0.0000000000000000E+00  2.0006020462065701E-08  2.4204107114403972E-01  4.4386250291444652E-05  3.8831665993271196E-03  1.3185292741436653E-08
   234   22.230000      0.0000000000000000E+00  2.1773824716950055E-08  2.4596993308969575E-01  4.5288182972541460E-05  4.0395028942509723E-03  1.0626312358237834E-08
   235   22.325000      0.0000000000000000E+00  2.3140453637121894E-08  2.5014951063144569E-01  4.6746383000516043E-05  4.1964312233135166E-03  8.1493578556132177E-09
   236   22.420000      0.0000000000000000E+00  2.2869018914397683E-08  2.5458259072695333E-01  4.8668653772105811E-05  4.3453945240269918E-03  7.3193970255706525E-09
   237   22.515000      0.0000000000000000E+00  2.1207033279515152E-08  2.5927935737735325E-01  5.0897547543859785E-05  4.4797671527744094E-03  8.0910947873611682E-09
   238   22.610000      0.0000000000000000E+00  1.9693027907003596E-08  2.6425506786536790E-01  5.3214226552854705E-05  4.5966174748142373E-03  8.9054567031884398E-09
   239   22.705000      0.0000000000000000E+00  1.8521400554287276E-08  2.6953018610512997E-01  5.5336852677449258E-05  4.6968096402473141E-03  9.8410871013703387E-09
   240   22.800000      0.0000000000000000E+00  1.7152417939720471E-08  2.7513266887609050E-01  5.6964961289738029E-05  4.7839002415546719E-03  1.1715075931637940E-08
   241   22.895000      0.0000000000000000E+00  1.6195690504178262E-08  2.8109749985948823E-01  5.7849713721786859E-05  4.8625341214285078E-03  1.3753526995732347E-08
   242   22.990000      0.0000000000000000E+00  1.6423306785980655E-08  2.8746125802844619E-01  5.7858744428063268E-05  4.9367890065649730E-03  1.4900707864886994E-08
   243   23.085000      0.0000000000000000E+00  1.7732094746894532E-08  2.9425491561872974E-01  5.7029103909069858E-05  5.0092381367607616E-03  1.4971546912152947E-08
   244   23.180000      0.0000000000000000E+00  1.9395015982273838E-08  3.0149788033270952E-01  5.5580347245536477E-05  5.0799617312076760E-03  1.4401096604286131E-08
   245   23.275000      0.0000000000000000E+00  2.0511710482767933E-08  3.0919322012246914E-01  5.3893781931106744E-05  5.1455068493878962E-03  1.3986650798441662E-08
   246   23.370000      0.0000000000000000E+00  2.0646537865980264E-08  3.1732227507957989E-01  5.2422235977858355E-05  5.1989820674233191E-03  1.4345164568633668E-08
   247   23.465000      0.0000000000000000E+00  2.0503909909030740E-08  3.2583975428792189E-01  5.1577731365053227E-05  5.2313453739032054E-03  1.4989626758354934E-08
   248   23.560000      0.0000000000000000E+00  2.1086650058929442E-08  3.3467275698678589E-01  5.1648123236352042E-05  5.2323678779234613E-03  1.4935397978650302E-08
   249   23.655000      0.0000000000000000E+00  2.1850264754615312E-08  3.4372289712521664E-01  5.2751836518026435E-05  5.1922998213194448E-03  1.4923782611615964E-08
   250   23.750000      0.0000000000000000E+00  2.2197971500937937E-08  3.5286989308194411E-01  5.4842546576228763E-05  5.1042081078607618E-03  1.5711308570018111E-08
   251   23.845000      0.0000000000000000E+00  2.3303079518633349E-08  3.6197777326594410E-01  5.7726765991417887E-05  4.9664061506494101E-03  1.5826849842726560E-08
   252   23.940000      0.0000000000000000E+00  2.5819128597873616E-08  3.7090440339508490E-01  6.1105651434593014E-05  4.7836373335501167E-03  1.4338864739517174E-08
   253   24.035000      0.0000000000000000E+00  2.8576901560067515E-08  3.7951155788485719E-01  6.4666634010332401E-05  4.5671204356292515E-03  1.2335093385052207E-08
   254   24.130000      0.0000000000000000E+00  3.0437190065720391E-08  3.8767208690514560E-01  6.8134499058547426E-05  4.3335036609066322E-03  1.0884699886422958E-08
   255   24.225000      0.0000000000000000E+00  3.1497124017678352E-08  3.9527358242289656E-01  7.1273005349250604E-05  4.1037749665560680E-03  9.9526527897231263E-09
   256   24.320000      0.0000000000000000E+00  3.2359127935099244E-08  4.0222077024060976E-01  7.3896765547643912E-05  3.9004209061495178E-03  9.2387044717411918E-09
   257   24.415000      0.0000000000000000E+00  3.3228911266535911E-08  4.0843749877175273E-01  7.5882059331262291E-05  3.7437531311095475E-03  8.8712810891234624E-09
   258   24.510000      0.0000000000000000E+00  3.3915864036634202E-08  4.1386759736458623E-01  7.7314600554639315E-05  3.6484719704905594E-03  8.9588357809484241E-09
   259   24.605000      0.0000000000000000E+00  3.3784064862281883E-08  4.1847374410003457E-01  7.8396008604321953E-05  3.6205992936751449E-03  9.7839773609709216E-09
   260   24.700000      0.0000000000000000E+00  3.2603980771837034E-08  4.2223528487237216E-01  7.9415959247475395E-05  3.6565520734002117E-03  1.1281583079606351E-08
   261   24.795000      0.0000000000000000E+00  3.1385281676530403E-08  4.2514985936296257E-01  8.0673660240582345E-05  3.7434758256698359E-03  1.2255706335586532E-08
   262   24.890000      0.0000000000000000E+00  3.0599844703752757E-08  4.2723934297337735E-01  8.2364604103773434E-05  3.8596480719754879E-03  1.2385983976448435E-08
   263   24.985000      0.0000000000000000E+00  2.9328145221425728E-08  4.2855512182825034E-01  8.4511031722291655E-05  3.9765654642300950E-03  1.2963960394288177E-08
   264   25.080000      0.0000000000000000E+00  2.7465862732717998E-08  4.2917989901439191E-01  8.6891971508645468E-05  4.0621532325284416E-03  1.4086810744568250E-08
   265   25.175000      0.0000000000000000E+00  2.5920808262413983E-08  4.2922484746546030E-01  8.9109009172170595E-05  4.0863047420484156E-03  1.4676064022457633E-08
   266   25.270000      0.0000000000000000E+00  2.4649723361346214E-08  4.2882339522288410E-01  9.0613054221486277E-05  4.0279999421762086E-03  1.4930905146249155E-08
   267   25.365000      0.0000000000000000E+00  2.2913604084040738E-08  4.2812400628202685E-01  9.0754672552742670E-05  3.8809620354371371E-03  1.5762864019169299E-08
   268   25.460000      0.0000000000000000E+00  2.0623034894294659E-08  4.2728303953355617E-01  8.9041568906805010E-05  3.6570507611521363E-03  1.7129310399173531E-08
   269   25.555000      0.0000000000000000E+00  1.8271961578007637E-08  4.2645680077203940E-01  8.5380784366598011E-05  3.3866431036235381E-03  1.8290925619704419E-08
   270   25.650000      0.0000000000000000E+00  1.6251436791211661E-08  4.2579197982468653E-01  8.0167632284820496E-05  3.1142537730702328E-03  1.8815169982235609E-08
   271   25.745000      0.0000000000000000E+00  1.4671638190097443E-08  4.2541552118606696E-01  7.4154753913476253E-05  2.8899287608272249E-03  1.8830883118239279E-08
   272   25.840000      0.0000000000000000E+00  1.3693731330284017E-08  4.2542440900006773E-01  6.8262286315561583E-05  2.7563220883924785E-03  1.8521798743391379E-08
   273   25.935000      0.0000000000000000E+00  1.3934062878716239E-08  4.2587284962340433E-01  6.3355318052774661E-05  2.7396259023155199E-03  1.7312645188929716E-08
   274   26.030000      0.0000000000000000E+00  1.5925280446205070E-08  4.2676182735795098E-01  6.0019639369941183E-05  2.8451112853995612E-03  1.4508299433745974E-08
   275   26.125000      0.0000000000000000E+00  1.9213659641972875E-08  4.2803646915045701E-01  5.8497864182999120E-05  3.0576828443820581E-03  1.0537838906310536E-08
   276   26.220000      0.0000000000000000E+00  2.2023289027731115E-08  4.2958927266655283E-01  5.8747071261134592E-05  3.3510353267464338E-03  7.6412574979135624E-09
   277   26.315000      0.0000000000000000E+00  2.3586197829364343E-08  4.3126993141599201E-01  6.0525832883954690E-05  3.6980336582218298E-03  6.9821816662361840E-09
   278   26.410000      0.0000000000000000E+00  2.5581519323469123E-08  4.3290069345561000E-01  6.3435216373384411E-05  4.0795792213686134E-03  6.3615005213551562E-09
   279   26.505000      0.0000000000000000E+00  2.7908084982092051E-08  4.3429555784825280E-01  6.6917721058419702E-05  4.4891372828172035E-03  5.4843280807135834E-09
   280   26.600000      0.0000000000000000E+00  2.8118652874955524E-08  4.3528109357148409E-01  7.0650833290243932E-05  4.9313796840779085E-03  7.0242050721985049E-09
   281   26.695000      0.0000000000000000E+00  2.6417669778246238E-08  4.3571297641524681E-01  7.4653491429555515E-05  5.4191335806035622E-03  1.0531479062271519E-08
   282   26.790000      0.0000000000000000E+00  2.5043032730032546E-08  4.3548960444851326E-01  7.8979316316930416E-05  5.9691692671886886E-03  1.3407161801588378E-08
   283   26.885000      0.0000000000000000E+00  2.5044548702122370E-08  4.3456553251036428E-01  8.3712682107197237E-05  6.5940445253852929E-03  1.4462693136704547E-08
   284   26.980000      0.0000000000000000E+00  2.5777357992919620E-08  4.3295919198896854E-01  8.8769567498799340E-05  7.2957773403475859E-03  1.4268960764734707E-08
   285   27.075000      0.0000000000000000E+00  2.6087745655930310E-08  4.3075444954526126E-01  9.3613769069956156E-05  8.0625962050236734E-03  1.4042816426877262E-08
   286   27.170000      0.0000000000000000E+00  2.5798160129596860E-08  4.2809582923801426E-01  9.7498512583364419E-05  8.8659453720642302E-03  1.3988224682230076E-08
   287   27.265000      0.0000000000000000E+00  2.5303486613225405E-08  4.2517064525514470E-01  9.9715737618045558E-05  9.6627449202442654E-03  1.3874204580672460E-08
   288   27.360000      0.0000000000000000E+00  2.4728944790956462E-08  4.2217770877004113E-01  9.9780418645605267E-05  1.0404531543145717E-02  1.3879104205648565E-08
   289   27.455000      0.0000000000000000E+00  2.3783106038938948E-08  4.1929196422352144E-01  9.7555732266865834E-05  1.1046060807080852E-02  1.4661483424904042E-08
   290   27.550000      0.0000000000000000E+00  2.2490970625079276E-08  4.1663540473939831E-01  9.3251336927792936E-05  1.1553375591258956E-02  1.6452227695747960E-08
   291   27.645000      0.0000000000000000E+00  2.2036701180964415E-08  4.1426083082705567E-01  8.7464552660958245E-05  1.1908448776054820E-02  1.7916591676464582E-08
   292   27.740000      0.0000000000000000E+00  2.3410190527369423E-08  4.1214854353720159E-01  8.1290167190961883E-05  1.2108585783539967E-02  1.7750772101133710E-08
   293   27.835000      0.0000000000000000E+00  2.5841928929619405E-08  4.1021311942863203E-01  7.6356731575454105E-05  1.2166057839148951E-02  1.6633375222794551E-08
   294   27.930000      0.0000000000000000E+00  2.8399406544246308E-08  4.0832399426368238E-01  7.4418420092823813E-05  1.2106067527337378E-02  1.5241234757840192E-08
   295   28.025000      0.0000000000000000E+00  3.1209012025593070E-08  4.0633299802612710E-01  7.7011966939716649E-05  1.1961445830721111E-02  1.2973608554289270E-08
   296   28.120000      0.0000000000000000E+00  3.3996774971634568E-08  4.0409571499278196E-01  8.5128449554168768E-05  1.1768980413808082E-02  1.0093985686076798E-08
   297   28.215000      0.0000000000000000E+00  3.5836892697476744E-08  4.0149060131879138E-01  9.8855015024827954E-05  1.1565576897900245E-02  8.0574956583899496E-09
   298   28.310000      0.0000000000000000E+00  3.6503635925154253E-08  3.9844013045111731E-01  1.1716812702844793E-04  1.1381346813527225E-02  7.5049766770639733E-09
   299   28.405000      0.0000000000000000E+00  3.6187669719457116E-08  3.9492732994798552E-01  1.3797056079902910E-04  1.1233932928886530E-02  8.3260922452888077E-09
   300   28.500000      0.0000000000000000E+00  3.4961694947513118E-08  3.9100281885641891E-01  1.5845119686398791E-04  1.1125101808328630E-02  1.0155264165765380E-08
   301   28.595000      0.0000000000000000E+00  3.2987864057406288E-08  3.8678108264737859E-01  1.7572886000121780E-04  1.1040444816025091E-02  1.2300265994847244E-08
   302   28.690000      0.0000000000000000E+00  3.0302643061659114E-08  3.8242830694673979E-01  1.8793180544925643E-04  1.0952355269954833E-02  1.4393737862698266E-08
   303   28.785000      0.0000000000000000E+00  2.6906782652942267E-08  3.7814591409010845E-01  1.9475733713538061E-04  1.0823786962845576E-02  1.6505446176682657E-08
   304   28.880000      0.0000000000000000E+00  2.3627201622384068E-08  3.7414712588675370E-01  1.9747036902517364E-04  1.0614392926673011E-02  1.7997644263530339E-08
   305   28.975000      0.0000000000000000E+00  2.1711690771563572E-08  3.7062747311281857E-01  1.9826106896284366E-04  1.0291214010794515E-02  1.7820173534918444E-08
   306   29.070000      0.0000000000000000E+00  2.1055162412439788E-08  3.6773768284511549E-01  1.9912050763091742E-04  9.8403464347922246E-03  1.6614685455844948E-08
   307   29.165000      0.0000000000000000E+00  2.0581586324067512E-08  3.6556497926874421E-01  2.0130779637733207E-04  9.2747299977559809E-03  1.6179036850382761E-08
   308   29.260000      0.0000000000000000E+00  2.0406364897633267E-08  3.6413079308173329E-01  2.0480239420147053E-04  8.6361854331973836E-03  1.6456672541070142E-08
   309   29.355000      0.0000000000000000E+00  2.0872709961301445E-08  3.6340920325623816E-01  2.0842110756590177E-04  7.9884397424350197E-03  1.6561828937968235E-08
   310   29.450000      0.0000000000000000E+00  2.0950888537850083E-08  3.6335049731463198E-01  2.1049515207509476E-04  7.4062935041364535E-03  1.6929061435885942E-08
   311   29.545000      0.0000000000000000E+00  1.9717137915892237E-08  3.6389187887564067E-01  2.0908000931013876E-04  6.9666127896071094E-03  1.7824001141799604E-08
   312   29.640000      0.0000000000000000E+00  1.7424230121221166E-08  3.6495906122867261E-01  2.0328738062280329E-04  6.7385104255010186E-03  1.8550777360345673E-08
   313   29.735000      0.0000000000000000E+00  1.5071045895206653E-08  3.6646812312969962E-01  1.9360850902183443E-04  6.7723738714555648E-03  1.8195345815159699E-08
   314   29.830000      0.0000000000000000E+00  1.3865810008853657E-08  3.6833079244538125E-01  1.8237093005209367E-04  7.0916262295730561E-03  1.6090021054805544E-08
   315   29.925000      0.0000000000000000E+00  1.4437195423219752E-08  3.7046226795608184E-01  1.7296266887007950E-04  7.6881507842003032E-03  1.2369695249465506E-08
   316   30.020000      0.0000000000000000E+00  1.6113005870648330E-08  3.7278956883168574E-01  1.6891157838055181E-04  8.5220670715280538E-03  8.4643579786165595E-09
   317   30.115000      0.0000000000000000E+00  1.7722029110923703E-08  3.7525684317680769E-01  1.7236902712871547E-04  9.5276460322146431E-03  6.0410600728885063E-09
   318   30.210000      0.0000000000000000E+00  1.9243313592914457E-08  3.7782574113413736E-01  1.8349053428998237E-04  1.0623598977046220E-02  4.9032336735117637E-09
   319   30.305000      0.0000000000000000E+00  2.0572014147219016E-08  3.8047183977328985E-01  2.0042569054891011E-04  1.1724421067210661E-02  4.6152653976076172E-09
   320   30.400000      0.0000000000000000E+00  2.0303767599842829E-08  3.8317881723645875E-01  2.1973952794970006E-04  1.2750503917999157E-02  6.3994736900512154E-09
   321   30.495000      0.0000000000000000E+00  1.8223380169989619E-08  3.8593113903632009E-01  2.3738476057767871E-04  1.3636084671850304E-02  1.0307006389713547E-08
   322   30.590000      0.0000000000000000E+00  1.6092101911248026E-08  3.8870331922632584E-01  2.4993113668201418E-04  1.4336572410441681E-02  1.4349478831912266E-08
   323   30.685000      0.0000000000000000E+00  1.5318651766187855E-08  3.9145035662006400E-01  2.5532759808628066E-04  1.4831420965082843E-02  1.7062643249139022E-08
   324   30.780000      0.0000000000000000E+00  1.5833485555141452E-08  3.9410563927407566E-01  2.5347136865740193E-04  1.5125711003174025E-02  1.8511938643886469E-08
   325   30.875000      0.0000000000000000E+00  1.7027987280544397E-08  3.9658832783817999E-01  2.4599842700455036E-04  1.5245784788587039E-02  1.9216275272005755E-08
   326   30.970000      0.0000000000000000E+00  1.8640973957064790E-08  3.9881441388630190E-01  2.3527051412002801E-04  1.5233213608841684E-02  1.9357896428673895E-08
   327   31.065000      0.0000000000000000E+00  2.0591104430362653E-08  4.0070610436420273E-01  2.2364515063675339E-04  1.5134816824634568E-02  1.9086732934392201E-08
   328   31.160000      0.0000000000000000E+00  2.2781034417706345E-08  4.0219617243654060E-01  2.1301754281745369E-04  1.4991343958331682E-02  1.8433738387672062E-08
   329   31.255000      0.0000000000000000E+00  2.4624755149987335E-08  4.0323102600136185E-01  2.0457113891088932E-04  1.4828234698867963E-02  1.7633500702998059E-08
   330   31.350000      0.0000000000000000E+00  2.4970706763884998E-08  4.0377663279668652E-01  1.9879965596348665E-04  1.4650937282676472E-02  1.7610249674455758E-08
   331   31.445000      0.0000000000000000E+00  2.4024075598202763E-08  4.0382679084529277E-01  1.9552072556509753E-04  1.4447409729973840E-02  1.8060370732469736E-08
   332   31.540000      0.0000000000000000E+00  2.3459232735741943E-08  4.0341242245171949E-01  1.9387353479130201E-04  1.4194712359151193E-02  1.7377435579086966E-08
   333   31.635000      0.0000000000000000E+00  2.3764135802356873E-08  4.0260492411735438E-01  1.9291204389650825E-04  1.3865512344236287E-02  1.5675139154594952E-08
   334   31.730000      0.0000000000000000E+00  2.4364694459993797E-08  4.0150800120881691E-01  1.9210187492225498E-04  1.3435281977092936E-02  1.4276054184075636E-08
   335   31.825000      0.0000000000000000E+00  2.5635533044044392E-08  4.0024207490469399E-01  1.9193277422945281E-04  1.2884557154351665E-02  1.3006093369459268E-08
   336   31.920000      0.0000000000000000E+00  2.7995529114504683E-08  3.9892487378362884E-01  1.9407507042128343E-04  1.2199678369713361E-02  1.1245225911868048E-08
   337   32.015000      0.0000000000000000E+00  3.0463975052855600E-08  3.9765273426032510E-01  2.0113905310004950E-04  1.1375338403033071E-02  9.6843313177028651E-09
   338   32.110000      0.0000000000000000E+00  3.1560396302759056E-08  3.9648695581141591E-01  2.1559514709847119E-04  1.0422279075367500E-02  9.5011566922180094E-09
   339   32.205000      0.0000000000000000E+00  3.0807071425346599E-08  3.9544727433009330E-01  2.3831192903992881E-04  9.3762041261226409E-03  1.0970775929580659E-08
   340   32.300000      0.0000000000000000E+00  2.8942856071762081E-08  3.9451312514987191E-01  2.6752626284125546E-04  8.2993457437358347E-03  1.3380437221683112E-08
   341   32.395000      0.0000000000000000E+00  2.7044865579179293E-08  3.9362890878927970E-01  2.9913909574019938E-04  7.2757592989939326E-03  1.5841700428839901E-08
   342   32.490000      0.0000000000000000E+00  2.5447864743693006E-08  3.9270800082414342E-01  3.2848268855169028E-04  6.4021162185520569E-03  1.8271864380142947E-08
   343   32.585000      0.0000000000000000E+00  2.3961599319413164E-08  3.9163900057908502E-01  3.5166610768723678E-04  5.7729630212342122E-03  2.0865944487598280E-08
   344   32.680000      0.0000000000000000E+00  2.3045770685669445E-08  3.9030058839458892E-01  3.6667547168146641E-04  5.4618006277980143E-03  2.2839855990293795E-08
   345   32.775000      0.0000000000000000E+00  2.4062054590359370E-08  3.8858000731198256E-01  3.7372275512488227E-04  5.4990208094276814E-03  2.2368649001839187E-08
   346   32.870000      0.0000000000000000E+00  2.6906410538023646E-08  3.8638239627083570E-01  3.7443583759273541E-04  5.8607837931102880E-03  1.9414756212746361E-08
   347   32.965000      0.0000000000000000E+00  2.8938192167495140E-08  3.8363319761338299E-01  3.7104614524500058E-04  6.4729307100293123E-03  1.7101294704358244E-08
   348   33.060000      0.0000000000000000E+00  2.9368467949996861E-08  3.8028112638668721E-01  3.6526243161874225E-04  7.2274342451705414E-03  1.6216732366488627E-08
   349   33.155000      0.0000000000000000E+00  2.9932996992800263E-08  3.7629687685315516E-01  3.5795186205900287E-04  8.0080646373169046E-03  1.4547453263384182E-08
   350   33.250000      0.0000000000000000E+00  3.0287672104977221E-08  3.7167057472526377E-01  3.5004078308094094E-04  8.7149856413606119E-03  1.2841521229583621E-08
   351   33.345000      0.0000000000000000E+00  2.8944288369486237E-08  3.6642088751645963E-01  3.4338734653980543E-04  9.2763828870506514E-03  1.3190258730712790E-08
   352   33.440000      0.0000000000000000E+00  2.6108446273287959E-08  3.6061007612247931E-01  3.4033229509915783E-04  9.6489539601824006E-03  1.5324403892299581E-08
   353   33.535000      0.0000000000000000E+00  2.3064080811923987E-08  3.5435155309235200E-01  3.4264126114248305E-04  9.8124515344983395E-03  1.7487430103889836E-08
   354   33.630000      0.0000000000000000E+00  2.0785568592684355E-08  3.4780627397921821E-01  3.4982461110654838E-04  9.7639656270035631E-03  1.8118447699991612E-08
   355   33.725000      0.0000000000000000E+00  1.9033199049522588E-08  3.4116968474678366E-01  3.5946077662185274E-04  9.5147632251998075E-03  1.7334789061322279E-08
   356   33.820000      0.0000000000000000E+00  1.7390313568813322E-08  3.3465223040987857E-01  3.6929031300214014E-04  9.0903373855881122E-03  1.5849628350327305E-08
   357   33.915000      0.0000000000000000E+00  1.6137047130086538E-08  3.2845898347737079E-01  3.7879784189233059E-04  8.5316897121687652E-03  1.3952072375987638E-08
   358   34.010000      0.0000000000000000E+00  1.5825302442409403E-08  3.2276714033336590E-01  3.8945122944363957E-04  7.9001187942818185E-03  1.1693548818677871E-08
   359   34.105000      0.0000000000000000E+00  1.6295502496204258E-08  3.1770280413972757E-01  4.0295304971312132E-04  7.2819308502467626E-03  9.6840443968894387E-09
   360   34.200000      0.0000000000000000E+00  1.6387930304493993E-08  3.1332571631011574E-01  4.1943895605918994E-04  6.7870842870130649E-03  9.4917368745505249E-09
   361   34.295000      0.0000000000000000E+00  1.5680306288062800E-08  3.0962880621610095E-01  4.3753139393824998E-04  6.5386986389664274E-03  1.1606641318710007E-08
   362   34.390000      0.0000000000000000E+00  1.5313787093940803E-08  3.0655352907918465E-01  4.5488143119660194E-04  6.6543704261163919E-03  1.4316166137555450E-08
   363   34.485000      0.0000000000000000E+00  1.5792224504884485E-08  3.0402292567540062E-01  4.6983663927712766E-04  7.2243718697150988E-03  1.6568196923004152E-08
   364   34.580000      0.0000000000000000E+00  1.6532277851191582E-08  3.0198944681913986E-01  4.8218665429497482E-04  8.2893582311878451E-03  1.8771164291384984E-08
   365   34.675000      0.0000000000000000E+00  1.7878127579571760E-08  3.0047512810888494E-01  4.9260748062738440E-04  9.8257609796551324E-03  2.0337071353408084E-08
   366   34.770000      0.0000000000000000E+00  2.0644193419622201E-08  2.9957775675035386E-01  5.0296370001320511E-04  1.1744591163899370E-02  2.0013349303738303E-08
   367   34.865000      0.0000000000000000E+00  2.4219072213084273E-08  2.9944236035593347E-01  5.1581535408194972E-04  1.3904190645296206E-02  1.8201792460092190E-08
   368   34.960000      0.0000000000000000E+00  2.7383560706555164E-08  3.0021465251432111E-01  5.3389113342075664E-04  1.6131041666551413E-02  1.6169596990941346E-08
   369   35.055000      0.0000000000000000E+00  2.9610052158020510E-08  3.0199374661152945E-01  5.5949131217846273E-04  1.8246018070003232E-02  1.4758233441494588E-08
   370   35.150000      0.0000000000000000E+00  3.0934640517154361E-08  3.0480540481937046E-01  5.9413287386393448E-04  2.0089276942530890E-02  1.4345254018586955E-08
   371   35.245000      0.0000000000000000E+00  3.1752459248194566E-08  3.0860612064430032E-01  6.3869189386333083E-04  2.1535485246616925E-02  1.4603631752576205E-08
   372   35.340000      0.0000000000000000E+00  3.2420935472652364E-08  3.1330209764204409E-01  6.9218067106575410E-04  2.2502408072590865E-02  1.4833233383542712E-08
   373   35.435000      0.0000000000000000E+00  3.2602165460042678E-08  3.1877005533178004E-01  7.5136863412919716E-04  2.2954181420296701E-02  1.5052433795445680E-08
   374   35.530000      0.0000000000000000E+00  3.1915786439860494E-08  3.2487748887081125E-01  8.1031771385684328E-04  2.2897669043276343E-02  1.5616302629653740E-08
   375   35.625000      0.0000000000000000E+00  3.1438109916275447E-08  3.3149491911059403E-01  8.6136681215441720E-04  2.2375099786617988E-02  1.5485403608714059E-08
   376   35.720000      0.0000000000000000E+00  3.2567021112011498E-08  3.3849488891798424E-01  8.9723164257280450E-04  2.1458091221488340E-02  1.3387326821698141E-08
   377   35.815000      0.0000000000000000E+00  3.4524528002926805E-08  3.4574207643986332E-01  9.1322268539990870E-04  2.0243912550659340E-02  1.0590116792689510E-08
   378   35.910000      0.0000000000000000E+00  3.5646234146120643E-08  3.5308143920371454E-01  9.1032894539996162E-04  1.8853076033485846E-02  9.0871232922366338E-09
   379   36.005000      0.0000000000000000E+00  3.5618718256572089E-08  3.6033037318125516E-01  8.9531430356595278E-04  1.7421659808371199E-02  8.9342434322898776E-09
   380   36.100000      0.0000000000000000E+00  3.4566879691407900E-08  3.6728017883334391E-01  8.7972025526665727E-04  1.6089244277560682E-02  9.8471195159913042E-09
   381   36.195000      0.0000000000000000E+00  3.2552520583127537E-08  3.7371117373850637E-01  8.7651518659027396E-04  1.4982764392781992E-02  1.1860604869226334E-08
   382   36.290000      0.0000000000000000E+00  3.0129696334306138E-08  3.7941809471531940E-01  8.9596225466839806E-04  1.4201371653951645E-02  1.4485243513075515E-08
   383   36.385000      0.0000000000000000E+00  2.8110650188853374E-08  3.8423939698485832E-01  9.4172572732942935E-04  1.3801948278233318E-02  1.6893582991321236E-08
   384   36.480000      0.0000000000000000E+00  2.7203681179273972E-08  3.8808212349596616E-01  1.0087881569115231E-03  1.3789654089703274E-02  1.8195451044724564E-08
   385   36.575000      0.0000000000000000E+00  2.7848751301218647E-08  3.9093465605889310E-01  1.0845408961751742E-03  1.4117985515522841E-02  1.7612342308155724E-08
   386   36.670000      0.0000000000000000E+00  2.9683419912146140E-08  3.9286317393415482E-01  1.1534465018483504E-03  1.4701210776985107E-02  1.5282163388777002E-08
   387   36.765000      0.0000000000000000E+00  3.1121364246657061E-08  3.9399342482054933E-01  1.2027421887012106E-03  1.5432902344404122E-02  1.3084853667111710E-08
   388   36.860000      0.0000000000000000E+00  3.1117488633252012E-08  3.9448106910743413E-01  1.2263511133749668E-03  1.6204816013582573E-02  1.2436206131893748E-08
   389   36.955000      0.0000000000000000E+00  3.0315173558144078E-08  3.9447681662103645E-01  1.2265534223125174E-03  1.6920063636286488E-02  1.2609909752424543E-08
   390   37.050000      0.0000000000000000E+00  2.8883822230495034E-08  3.9409471748640046E-01  1.2122568506963997E-03  1.7503938465123964E-02  1.3539822447123279E-08
   391   37.145000      0.0000000000000000E+00  2.6313961101574561E-08  3.9339286693556225E-01  1.1951397089487938E-03  1.7910992668253287E-02  1.6087923450272087E-08
   392   37.240000      0.0000000000000000E+00  2.3214913226737546E-08  3.9236977785335858E-01  1.1850393959179422E-03  1.8126841195051098E-02  1.9598050656335560E-08
   393   37.335000      0.0000000000000000E+00  2.0876800623213237E-08  3.9097788855449689E-01  1.1874427716344956E-03  1.8164730678582083E-02  2.2328635953238677E-08
   394   37.430000      0.0000000000000000E+00  1.9963723193350802E-08  3.8915556112100547E-01  1.2023440392736550E-03  1.8057157284992964E-02  2.3175856020208855E-08
   395   37.525000      0.0000000000000000E+00  2.0465413514365397E-08  3.8686992039820567E-01  1.2249113238516943E-03  1.7844636030299399E-02  2.2044760974089768E-08
   396   37.620000      0.0000000000000000E+00  2.2142882868412033E-08  3.8415807588609929E-01  1.2482372094064441E-03  1.7564863067761071E-02  1.9314788492615651E-08
   397   37.715000      0.0000000000000000E+00  2.4432795793751228E-08  3.8115598274775842E-01  1.2663890875643721E-03  1.7243676819737132E-02  1.5824775753192151E-08
   398   37.810000      0.0000000000000000E+00  2.6813041593358726E-08  3.7810057553783910E-01  1.2771279182222902E-03  1.6895454807172337E-02  1.2436826937711963E-08
   399   37.905000      0.0000000000000000E+00  2.9307972289273221E-08  3.7530062129106451E-01  1.2820166274246138E-03  1.6532165409559759E-02  9.2811407897330217E-09
   400   38.000000      0.0000000000000000E+00  3.1259167540201164E-08  3.7308600132458580E-01  1.2845706527261154E-03  1.6171594715114097E-02  7.1911411922618834E-09
   401   38.095000      0.0000000000000000E+00  3.1502986322018107E-08  3.7174675681759772E-01  1.2899001888320796E-03  1.5843335132675055E-02  7.5366408232968368E-09
   402   38.190000      0.0000000000000000E+00  3.0502088288589134E-08  3.7147478766193709E-01  1.3043705213418634E-03  1.5592307468242040E-02  9.5929548544793467E-09
   403   38.285000      0.0000000000000000E+00  2.9414425594226813E-08  3.7232659977845017E-01  1.3344954919973827E-03  1.5476576540610821E-02  1.1681172940100681E-08
   404   38.380000      0.0000000000000000E+00  2.7914346503150225E-08  3.7422234973744206E-01  1.3850429290515392E-03  1.5558588773067065E-02  1.3908643842335563E-08
   405   38.475000      0.0000000000000000E+00  2.5566803620319642E-08  3.7698576370344994E-01  1.4554199168343802E-03  1.5890974379855705E-02  1.6628066636957139E-08
   406   38.570000      0.0000000000000000E+00  2.3339639928780729E-08  3.8040798327775688E-01  1.5360877222180523E-03  1.6501345753960152E-02  1.8757732602873072E-08
   407   38.665000      0.0000000000000000E+00  2.2219611950984190E-08  3.8430106635237249E-01  1.6119445095831846E-03  1.7383570059820219E-02  1.9279292905973954E-08
   408   38.760000      0.0000000000000000E+00  2.1853264670110656E-08  3.8852148051154667E-01  1.6702200823203617E-03  1.8499456349953470E-02  1.8574899261403758E-08
   409   38.855000      0.0000000000000000E+00  2.1182847401565555E-08  3.9297413549491250E-01  1.7070998407451802E-03  1.9782051031794486E-02  1.7837485943745351E-08
   410   38.950000      0.0000000000000000E+00  1.9842380547731710E-08  3.9760291820402655E-01  1.7316749656856910E-03  2.1143791540510343E-02  1.7712481416255063E-08
   411   39.045000      0.0000000000000000E+00  1.8676637834159538E-08  4.0237070490949389E-01  1.7589330783953786E-03  2.2488805755159377E-02  1.7556980391916232E-08
   412   39.140000      0.0000000000000000E+00  1.8544299692509071E-08  4.0723954215094055E-01  1.8010716606618315E-03  2.3725443395430212E-02  1.6561013551165218E-08
   413   39.235000      0.0000000000000000E+00  1.8936154846226037E-08  4.1216034981269711E-01  1.8643141657648324E-03  2.4775091858985687E-02  1.5303046722120237E-08
   414   39.330000      0.0000000000000000E+00  1.8626833434644688E-08  4.1706953909119504E-01  1.9430256663847973E-03  2.5576223822207839E-02  1.5141233119216567E-08
   415   39.425000      0.0000000000000000E+00  1.8052135181534065E-08  4.2188299944739249E-01  2.0268476953036419E-03  2.6090317165922517E-02  1.5566114479623293E-08
   416   39.520000      0.0000000000000000E+00  1.9246546653888555E-08  4.2649820754245193E-01  2.1088735016163550E-03  2.6299788207818559E-02  1.4057240820113565E-08
   417   39.615000      0.0000000000000000E+00  2.1507103857507626E-08  4.3081688506340932E-01  2.1875128654451812E-03  2.6190111462407552E-02  1.1406935611144570E-08
   418   39.710000      0.0000000000000000E+00  2.2118710036164030E-08  4.3477143960613962E-01  2.2690807293664944E-03  2.5730825294850986E-02  1.0897274395161691E-08
   419   39.805000      0.0000000000000000E+00  2.1621213260994062E-08  4.3833191035847086E-01  2.3601637453367812E-03  2.4868609937153691E-02  1.1723575108983573E-08
   420   39.900000      0.0000000000000000E+00  2.1912705779730165E-08  4.4148295089878931E-01  2.4563589814555983E-03  2.3546038241068813E-02  1.1560804059786375E-08
   421   39.995000      0.0000000000000000E+00  2.2562082827094354E-08  4.4419327720269619E-01  2.5369017615647044E-03  2.1735183059059793E-02  1.1009832537967279E-08
   422   40.090000      0.0000000000000000E+00  2.2258582269067470E-08  4.4640003285370966E-01  2.5686775092298841E-03  1.9468300154848850E-02  1.1590184507206246E-08
