! Kinetic energy for species "electrons-down"
  Iter        Time          Total Par.             Kin. Energy
     0   0.0000000              76800  7.5631104600390220E-01
     1  0.95000000E-01          76800  7.5631102424322383E-01
     2  0.19000000              76800  7.5631095987507668E-01
     3  0.28500000              76800  7.5631085506688156E-01
     4  0.38000000              76800  7.5631071213576362E-01
     5  0.47500000              76800  7.5631053308353524E-01
     6  0.57000000              76800  7.5631032003907905E-01
     7  0.66500000              76800  7.5631007572893161E-01
     8  0.76000000              76800  7.5630980337044140E-01
     9  0.85500000              76800  7.5630950643606443E-01
    10  0.95000000              76800  7.5630918885431020E-01
    11   1.0450000              76800  7.5630885528470249E-01
    12   1.1400000              76800  7.5630851075637051E-01
    13   1.2350000              76800  7.5630816000661816E-01
    14   1.3300000              76800  7.5630780749460280E-01
    15   1.4250000              76800  7.5630745781558417E-01
    16   1.5200000              76800  7.5630711529975558E-01
    17   1.6150000              76800  7.5630678307413834E-01
    18   1.7100000              76800  7.5630646334775675E-01
    19   1.8050000              76800  7.5630615920482647E-01
    20   1.9000000              76800  7.5630587575003205E-01
    21   1.9950000              76800  7.5630561891983206E-01
    22   2.0900000              76800  7.5630539318699119E-01
    23   2.1850000              76800  7.5630520061301465E-01
    24   2.2800000              76800  7.5630504180417102E-01
    25   2.3750000              76800  7.5630491730987637E-01
    26   2.4700000              76800  7.5630482814901168E-01
    27   2.5650000              76800  7.5630477546611219E-01
    28   2.6600000              76800  7.5630476024344062E-01
    29   2.7550000              76800  7.5630478358810116E-01
    30   2.8500000              76800  7.5630484668991826E-01
    31   2.9450000              76800  7.5630494964412676E-01
    32   3.0400000              76800  7.5630509040524174E-01
    33   3.1350000              76800  7.5630526538854281E-01
    34   3.2300000              76800  7.5630547084578525E-01
    35   3.3250000              76800  7.5630570334184899E-01
    36   3.4200000              76800  7.5630595946579504E-01
    37   3.5150000              76800  7.5630623578305811E-01
    38   3.6100000              76800  7.5630652900336559E-01
    39   3.7050000              76800  7.5630683573450641E-01
    40   3.8000000              76800  7.5630715198916243E-01
    41   3.8950000              76800  7.5630747337823601E-01
    42   3.9900000              76800  7.5630779595105202E-01
    43   4.0850000              76800  7.5630811602756842E-01
    44   4.1800000              76800  7.5630842853981584E-01
    45   4.2750000              76800  7.5630872648510095E-01
    46   4.3700000              76800  7.5630900323391181E-01
    47   4.4650000              76800  7.5630925453896058E-01
    48   4.5600000              76800  7.5630947666474124E-01
    49   4.6550000              76800  7.5630966345028616E-01
    50   4.7500000              76800  7.5630980778966261E-01
    51   4.8450000              76800  7.5630990614038240E-01
    52   4.9400000              76800  7.5630995919869903E-01
    53   5.0350000              76800  7.5630996753543611E-01
    54   5.1300000              76800  7.5630992866095481E-01
    55   5.2250000              76800  7.5630983919723749E-01
    56   5.3200000              76800  7.5630969799092040E-01
    57   5.4150000              76800  7.5630950560516630E-01
    58   5.5100000              76800  7.5630926139913468E-01
    59   5.6050000              76800  7.5630896208434539E-01
    60   5.7000000              76800  7.5630860343574424E-01
    61   5.7950000              76800  7.5630818343543127E-01
    62   5.8900000              76800  7.5630770347201093E-01
    63   5.9850000              76800  7.5630716645269325E-01
    64   6.0800000              76800  7.5630657473177731E-01
    65   6.1750000              76800  7.5630593070184782E-01
    66   6.2700000              76800  7.5630523875309341E-01
    67   6.3650000              76800  7.5630450531383353E-01
    68   6.4600000              76800  7.5630373580779964E-01
    69   6.5550000              76800  7.5630293039773933E-01
    70   6.6500000              76800  7.5630208210483363E-01
    71   6.7450000              76800  7.5630117982160550E-01
    72   6.8400000              76800  7.5630021444313589E-01
    73   6.9350000              76800  7.5629918298712351E-01
    74   7.0300000              76800  7.5629808748585492E-01
    75   7.1250000              76800  7.5629693022470823E-01
    76   7.2200000              76800  7.5629570948422753E-01
    77   7.3150000              76800  7.5629441890974025E-01
    78   7.4100000              76800  7.5629305037069494E-01
    79   7.5050000              76800  7.5629159701436777E-01
    80   7.6000000              76800  7.5629005284412543E-01
    81   7.6950000              76800  7.5628840861169888E-01
    82   7.7900000              76800  7.5628664823165348E-01
    83   7.8850000              76800  7.5628474988170125E-01
    84   7.9800000              76800  7.5628269045216345E-01
    85   8.0750000              76800  7.5628044786482174E-01
    86   8.1700000              76800  7.5627799890664971E-01
    87   8.2650000              76800  7.5627531646670809E-01
    88   8.3600000              76800  7.5627237049310225E-01
    89   8.4550000              76800  7.5626913069141599E-01
    90   8.5500000              76800  7.5626556550778123E-01
    91   8.6450000              76800  7.5626163737563679E-01
    92   8.7400000              76800  7.5625729963412225E-01
    93   8.8350000              76800  7.5625249649577508E-01
    94   8.9300000              76800  7.5624716257972235E-01
    95   9.0250000              76800  7.5624122287406714E-01
    96   9.1200000              76800  7.5623459755841105E-01
    97   9.2150000              76800  7.5622720908764784E-01
    98   9.3100000              76800  7.5621898330764448E-01
    99   9.4050000              76800  7.5620984358020205E-01
   100   9.5000000              76800  7.5619970571250095E-01
   101   9.5950000              76800  7.5618847743678974E-01
   102   9.6900000              76800  7.5617605565615786E-01
   103   9.7850000              76800  7.5616231486149110E-01
   104   9.8800000              76800  7.5614709286702508E-01
   105   9.9750000              76800  7.5613018822535893E-01
   106   10.070000              76800  7.5611137562741781E-01
   107   10.165000              76800  7.5609042976083796E-01
   108   10.260000              76800  7.5606713992531360E-01
   109   10.355000              76800  7.5604130373279743E-01
   110   10.450000              76800  7.5601270405293541E-01
   111   10.545000              76800  7.5598108622338567E-01
   112   10.640000              76800  7.5594614955910033E-01
   113   10.735000              76800  7.5590755179503188E-01
   114   10.830000              76800  7.5586491585897275E-01
   115   10.925000              76800  7.5581783240587952E-01
   116   11.020000              76800  7.5576585709524802E-01
   117   11.115000              76800  7.5570850250914523E-01
   118   11.210000              76800  7.5564522760059127E-01
   119   11.305000              76800  7.5557543142536054E-01
   120   11.400000              76800  7.5549845431842455E-01
   121   11.495000              76800  7.5541358353340249E-01
   122   11.590000              76800  7.5532005862030727E-01
   123   11.685000              76800  7.5521707070335220E-01
   124   11.780000              76800  7.5510375039363486E-01
   125   11.875000              76800  7.5497914782706599E-01
   126   11.970000              76800  7.5484221713843169E-01
   127   12.065000              76800  7.5469181352076975E-01
   128   12.160000              76800  7.5452669905479719E-01
   129   12.255000              76800  7.5434554827045586E-01
   130   12.350000              76800  7.5414695037376300E-01
   131   12.445000              76800  7.5392941030947891E-01
   132   12.540000              76800  7.5369134591434306E-01
   133   12.635000              76800  7.5343107458219349E-01
   134   12.730000              76800  7.5314679830222298E-01
   135   12.825000              76800  7.5283662125305395E-01
   136   12.920000              76800  7.5249862213395491E-01
   137   13.015000              76800  7.5213094161704508E-01
   138   13.110000              76800  7.5173179941398716E-01
   139   13.205000              76800  7.5129940491132507E-01
   140   13.300000              76800  7.5083183848731672E-01
   141   13.395000              76800  7.5032702326634348E-01
   142   13.490000              76800  7.4978282784430594E-01
   143   13.585000              76800  7.4919723255819692E-01
   144   13.680000              76800  7.4856843967986664E-01
   145   13.775000              76800  7.4789486484253298E-01
   146   13.870000              76800  7.4717507722734089E-01
   147   13.965000              76800  7.4640781586967264E-01
   148   14.060000              76800  7.4559213534965652E-01
   149   14.155000              76800  7.4472757608114981E-01
   150   14.250000              76800  7.4381420770334727E-01
   151   14.345000              76800  7.4285252169819282E-01
   152   14.440000              76800  7.4184329120340253E-01
   153   14.535000              76800  7.4078748619140777E-01
   154   14.630000              76800  7.3968623054782412E-01
   155   14.725000              76800  7.3854079699352315E-01
   156   14.820000              76800  7.3735268123884601E-01
   157   14.915000              76800  7.3612369481084294E-01
   158   15.010000              76800  7.3485591887760038E-01
   159   15.105000              76800  7.3355152203279705E-01
   160   15.200000              76800  7.3221256021825210E-01
   161   15.295000              76800  7.3084085072954974E-01
   162   15.390000              76800  7.2943787326147436E-01
   163   15.485000              76800  7.2800470597708056E-01
   164   15.580000              76800  7.2654204166564851E-01
   165   15.675000              76800  7.2505020706004830E-01
   166   15.770000              76800  7.2352903872787033E-01
   167   15.865000              76800  7.2197761969855523E-01
   168   15.960000              76800  7.2039413398239782E-01
   169   16.055000              76800  7.1877601936336766E-01
   170   16.150000              76800  7.1712027660402877E-01
   171   16.245000              76800  7.1542369751859125E-01
   172   16.340000              76800  7.1368293240202929E-01
   173   16.435000              76800  7.1189452297748779E-01
   174   16.530000              76800  7.1005509394782584E-01
   175   16.625000              76800  7.0816166592546570E-01
   176   16.720000              76800  7.0621208095782828E-01
   177   16.815000              76800  7.0420565894456599E-01
   178   16.910000              76800  7.0214407044354765E-01
   179   17.005000              76800  7.0003205950355252E-01
   180   17.100000              76800  6.9787777066450341E-01
   181   17.195000              76800  6.9569289188339489E-01
   182   17.290000              76800  6.9349286491291395E-01
   183   17.385000              76800  6.9129708035465598E-01
   184   17.480000              76800  6.8912870774487445E-01
   185   17.575000              76800  6.8701387801848657E-01
   186   17.670000              76800  6.8498041748636940E-01
   187   17.765000              76800  6.8305661647678084E-01
   188   17.860000              76800  6.8127039234668685E-01
   189   17.955000              76800  6.7964873570433015E-01
   190   18.050000              76800  6.7821715206844835E-01
   191   18.145000              76800  6.7699921401816732E-01
   192   18.240000              76800  6.7601643147469259E-01
   193   18.335000              76800  6.7528823245948422E-01
   194   18.430000              76800  6.7483132545271851E-01
   195   18.525000              76800  6.7465835264166896E-01
   196   18.620000              76800  6.7477670111748389E-01
   197   18.715000              76800  6.7518833445445381E-01
   198   18.810000              76800  6.7589041851160070E-01
   199   18.905000              76800  6.7687579308639245E-01
   200   19.000000              76800  6.7813307701697312E-01
   201   19.095000              76800  6.7964720408712331E-01
   202   19.190000              76800  6.8140079697766764E-01
   203   19.285000              76800  6.8337510462777296E-01
   204   19.380000              76800  6.8554946056890276E-01
   205   19.475000              76800  6.8790036904014529E-01
   206   19.570000              76800  6.9040143998719072E-01
   207   19.665000              76800  6.9302365095770257E-01
   208   19.760000              76800  6.9573526985969447E-01
   209   19.855000              76800  6.9850207812325804E-01
   210   19.950000              76800  7.0128856646767002E-01
   211   20.045000              76800  7.0405916771513510E-01
   212   20.140000              76800  7.0677823779501769E-01
   213   20.235000              76800  7.0940994650507139E-01
   214   20.330000              76800  7.1191983450473051E-01
   215   20.425000              76800  7.1427701693967360E-01
   216   20.520000              76800  7.1645503844130876E-01
   217   20.615000              76800  7.1843120499359792E-01
   218   20.710000              76800  7.2018584023450583E-01
   219   20.805000              76800  7.2170225812635647E-01
   220   20.900000              76800  7.2296650622790470E-01
   221   20.995000              76800  7.2396620116977628E-01
   222   21.090000              76800  7.2468895856546778E-01
   223   21.185000              76800  7.2512181642463247E-01
   224   21.280000              76800  7.2525214021154150E-01
   225   21.375000              76800  7.2506809928624927E-01
   226   21.470000              76800  7.2455784260592171E-01
   227   21.565000              76800  7.2370959269784907E-01
   228   21.660000              76800  7.2251436319758988E-01
   229   21.755000              76800  7.2096961842699425E-01
   230   21.850000              76800  7.1908123023258175E-01
   231   21.945000              76800  7.1686249159705318E-01
   232   22.040000              76800  7.1433183529337063E-01
   233   22.135000              76800  7.1151214323948209E-01
   234   22.230000              76800  7.0843117599417749E-01
   235   22.325000              76800  7.0512091177795777E-01
   236   22.420000              76800  7.0161549524281597E-01
   237   22.515000              76800  6.9794896127180717E-01
   238   22.610000              76800  6.9415394436633804E-01
   239   22.705000              76800  6.9026079443653243E-01
   240   22.800000              76800  6.8629625390041782E-01
   241   22.895000              76800  6.8228311307023892E-01
   242   22.990000              76800  6.7824174131134796E-01
   243   23.085000              76800  6.7419219840352218E-01
   244   23.180000              76800  6.7015560171953759E-01
   245   23.275000              76800  6.6615516651131723E-01
   246   23.370000              76800  6.6221749436169408E-01
   247   23.465000              76800  6.5837365460948449E-01
   248   23.560000              76800  6.5465994511326964E-01
   249   23.655000              76800  6.5111728943342118E-01
   250   23.750000              76800  6.4778803868333079E-01
   251   23.845000              76800  6.4471175806441483E-01
   252   23.940000              76800  6.4192244155014078E-01
   253   24.035000              76800  6.3944701468630627E-01
   254   24.130000              76800  6.3730350762602539E-01
   255   24.225000              76800  6.3549995876417842E-01
   256   24.320000              76800  6.3403589758137879E-01
   257   24.415000              76800  6.3290512521938902E-01
   258   24.510000              76800  6.3209724899137809E-01
   259   24.605000              76800  6.3159877907696327E-01
   260   24.700000              76800  6.3139491795639746E-01
   261   24.795000              76800  6.3146931677728380E-01
   262   24.890000              76800  6.3180197480951361E-01
   263   24.985000              76800  6.3236912830581771E-01
   264   25.080000              76800  6.3314403054114532E-01
   265   25.175000              76800  6.3409618556446568E-01
   266   25.270000              76800  6.3519131561704056E-01
   267   25.365000              76800  6.3639304153417653E-01
   268   25.460000              76800  6.3766310101115231E-01
   269   25.555000              76800  6.3895899190346217E-01
   270   25.650000              76800  6.4023268184565241E-01
   271   25.745000              76800  6.4143191028945123E-01
   272   25.840000              76800  6.4250321101231966E-01
   273   25.935000              76800  6.4339714891860100E-01
   274   26.030000              76800  6.4407438845551468E-01
   275   26.125000              76800  6.4451012455048939E-01
   276   26.220000              76800  6.4469717425408513E-01
   277   26.315000              76800  6.4464757000761419E-01
   278   26.410000              76800  6.4439015305275604E-01
   279   26.505000              76800  6.4396537243761376E-01
   280   26.600000              76800  6.4342158072841071E-01
   281   26.695000              76800  6.4281149345283395E-01
   282   26.790000              76800  6.4218616714756094E-01
   283   26.885000              76800  6.4159001984114294E-01
   284   26.980000              76800  6.4105750849391541E-01
   285   27.075000              76800  6.4060824654085924E-01
   286   27.170000              76800  6.4024366943455369E-01
   287   27.265000              76800  6.3995098064864975E-01
   288   27.360000              76800  6.3971324196416246E-01
   289   27.455000              76800  6.3951833004795411E-01
   290   27.550000              76800  6.3936255810000420E-01
   291   27.645000              76800  6.3925156504986180E-01
   292   27.740000              76800  6.3920237852108741E-01
   293   27.835000              76800  6.3924334692539686E-01
   294   27.930000              76800  6.3940633033806504E-01
   295   28.025000              76800  6.3972001995362859E-01
   296   28.120000              76800  6.4021128838106356E-01
   297   28.215000              76800  6.4090375048366977E-01
   298   28.310000              76800  6.4181234804492493E-01
   299   28.405000              76800  6.4294437971385821E-01
   300   28.500000              76800  6.4430437092074266E-01
   301   28.595000              76800  6.4589286403025792E-01
   302   28.690000              76800  6.4769837932709518E-01
   303   28.785000              76800  6.4969015470807445E-01
   304   28.880000              76800  6.5181602530762650E-01
   305   28.975000              76800  6.5400581531744340E-01
   306   29.070000              76800  6.5617962081667081E-01
   307   29.165000              76800  6.5825675010675988E-01
   308   29.260000              76800  6.6016482308075686E-01
   309   29.355000              76800  6.6184818330818440E-01
   310   29.450000              76800  6.6327074807898989E-01
   311   29.545000              76800  6.6441372318717939E-01
   312   29.640000              76800  6.6527255972170818E-01
   313   29.735000              76800  6.6585515969231368E-01
   314   29.830000              76800  6.6617865610886962E-01
   315   29.925000              76800  6.6626498648519727E-01
   316   30.020000              76800  6.6613875715231829E-01
   317   30.115000              76800  6.6582613800989854E-01
   318   30.210000              76800  6.6535243577981640E-01
   319   30.305000              76800  6.6474099611055204E-01
   320   30.400000              76800  6.6401432857052922E-01
   321   30.495000              76800  6.6319479000600867E-01
   322   30.590000              76800  6.6230553270116266E-01
   323   30.685000              76800  6.6137403181511134E-01
   324   30.780000              76800  6.6043665693970499E-01
   325   30.875000              76800  6.5953978241763478E-01
   326   30.970000              76800  6.5873729714462570E-01
   327   31.065000              76800  6.5808772303243579E-01
   328   31.160000              76800  6.5765101508155666E-01
   329   31.255000              76800  6.5748361057983629E-01
   330   31.350000              76800  6.5763222332348747E-01
   331   31.445000              76800  6.5812497436264383E-01
   332   31.540000              76800  6.5896147671716609E-01
   333   31.635000              76800  6.6010996649481912E-01
   334   31.730000              76800  6.6151073578779740E-01
   335   31.825000              76800  6.6307938823187018E-01
   336   31.920000              76800  6.6471241432609296E-01
   337   32.015000              76800  6.6629934718584261E-01
   338   32.110000              76800  6.6773619350110636E-01
   339   32.205000              76800  6.6893364887199636E-01
   340   32.300000              76800  6.6982187128516935E-01
   341   32.395000              76800  6.7035267958184575E-01
   342   32.490000              76800  6.7049746514045527E-01
   343   32.585000              76800  6.7024189559500225E-01
   344   32.680000              76800  6.6957918356595769E-01
   345   32.775000              76800  6.6850865121448200E-01
   346   32.870000              76800  6.6704122352596484E-01
   347   32.965000              76800  6.6520316804154755E-01
   348   33.060000              76800  6.6303368884025993E-01
   349   33.155000              76800  6.6057912623452841E-01
   350   33.250000              76800  6.5788832122189411E-01
   351   33.345000              76800  6.5500815236104226E-01
   352   33.440000              76800  6.5198252217509567E-01
   353   33.535000              76800  6.4886017300911702E-01
   354   33.630000              76800  6.4569760174862700E-01
   355   33.725000              76800  6.4254932146078247E-01
   356   33.820000              76800  6.3945750285898828E-01
   357   33.915000              76800  6.3644520260004955E-01
   358   34.010000              76800  6.3351599872653885E-01
   359   34.105000              76800  6.3066241426814096E-01
   360   34.200000              76800  6.2787262496443486E-01
   361   34.295000              76800  6.2513454686366132E-01
   362   34.390000              76800  6.2244375935175156E-01
   363   34.485000              76800  6.1980631574612244E-01
   364   34.580000              76800  6.1723038040213041E-01
   365   34.675000              76800  6.1471556950272588E-01
   366   34.770000              76800  6.1225192826631014E-01
   367   34.865000              76800  6.0982913771679814E-01
   368   34.960000              76800  6.0744807909135601E-01
   369   35.055000              76800  6.0513223797117810E-01
   370   35.150000              76800  6.0293144095849516E-01
   371   35.245000              76800  6.0091400262660410E-01
   372   35.340000              76800  5.9915792669844969E-01
   373   35.435000              76800  5.9774524766453618E-01
   374   35.530000              76800  5.9675507811751316E-01
   375   35.625000              76800  5.9625487372230168E-01
   376   35.720000              76800  5.9629092228987790E-01
   377   35.815000              76800  5.9688176100692791E-01
   378   35.910000              76800  5.9802036553835314E-01
   379   36.005000              76800  5.9968241641983133E-01
   380   36.100000              76800  6.0183343971033443E-01
   381   36.195000              76800  6.0443101903023133E-01
   382   36.290000              76800  6.0742487863920824E-01
   383   36.385000              76800  6.1075892750751848E-01
   384   36.480000              76800  6.1437276127881990E-01
   385   36.575000              76800  6.1820165397669280E-01
   386   36.670000              76800  6.2217827066836229E-01
   387   36.765000              76800  6.2623496901462494E-01
   388   36.860000              76800  6.3030358253562957E-01
   389   36.955000              76800  6.3431706506674990E-01
   390   37.050000              76800  6.3821584922617158E-01
   391   37.145000              76800  6.4195391740458763E-01
   392   37.240000              76800  6.4550134517551028E-01
   393   37.335000              76800  6.4884374884867091E-01
   394   37.430000              76800  6.5197931267192555E-01
   395   37.525000              76800  6.5491505128053717E-01
   396   37.620000              76800  6.5766478071617041E-01
   397   37.715000              76800  6.6024804161936756E-01
   398   37.810000              76800  6.6268684255481891E-01
   399   37.905000              76800  6.6500021670057108E-01
   400   38.000000              76800  6.6720091551830518E-01
   401   38.095000              76800  6.6929817107513012E-01
   402   38.190000              76800  6.7130108264207111E-01
   403   38.285000              76800  6.7321682980124797E-01
   404   38.380000              76800  6.7504837224330194E-01
   405   38.475000              76800  6.7679332650491042E-01
   406   38.570000              76800  6.7844299213536585E-01
   407   38.665000              76800  6.7998481379192188E-01
   408   38.760000              76800  6.8140800513423105E-01
   409   38.855000              76800  6.8270907316865803E-01
   410   38.950000              76800  6.8389864813637691E-01
   411   39.045000              76800  6.8501112893221094E-01
   412   39.140000              76800  6.8610773730321251E-01
   413   39.235000              76800  6.8726375553351460E-01
   414   39.330000              76800  6.8854796252134398E-01
   415   39.425000              76800  6.9000632336948431E-01
   416   39.520000              76800  6.9165707047995406E-01
   417   39.615000              76800  6.9349877547291983E-01
   418   39.710000              76800  6.9552327808971570E-01
   419   39.805000              76800  6.9772761123969185E-01
   420   39.900000              76800  7.0012088400151007E-01
   421   39.995000              76800  7.0271767852132705E-01
   422   40.090000              76800  7.0551760494970128E-01
