! Kinetic energy for species "positrons-down"
  Iter        Time          Total Par.             Kin. Energy
     0   0.0000000              76800  7.5648614050591179E-01
     1  0.95000000E-01          76800  7.5648615901107219E-01
     2  0.19000000              76800  7.5648621464803223E-01
     3  0.28500000              76800  7.5648630755438950E-01
     4  0.38000000              76800  7.5648643727280440E-01
     5  0.47500000              76800  7.5648660237184961E-01
     6  0.57000000              76800  7.5648680071707186E-01
     7  0.66500000              76800  7.5648702983070426E-01
     8  0.76000000              76800  7.5648728689850619E-01
     9  0.85500000              76800  7.5648756871429068E-01
    10  0.95000000              76800  7.5648787182237009E-01
    11   1.0450000              76800  7.5648819257027866E-01
    12   1.1400000              76800  7.5648852688705936E-01
    13   1.2350000              76800  7.5648887007881371E-01
    14   1.3300000              76800  7.5648921697913685E-01
    15   1.4250000              76800  7.5648956257513500E-01
    16   1.5200000              76800  7.5648990280413009E-01
    17   1.6150000              76800  7.5649023465315024E-01
    18   1.7100000              76800  7.5649055505418838E-01
    19   1.8050000              76800  7.5649085948665418E-01
    20   1.9000000              76800  7.5649114189661049E-01
    21   1.9950000              76800  7.5649139632008411E-01
    22   2.0900000              76800  7.5649161861335035E-01
    23   2.1850000              76800  7.5649180652796622E-01
    24   2.2800000              76800  7.5649195855195717E-01
    25   2.3750000              76800  7.5649207325120893E-01
    26   2.4700000              76800  7.5649214947157462E-01
    27   2.5650000              76800  7.5649218638520688E-01
    28   2.6600000              76800  7.5649218286590070E-01
    29   2.7550000              76800  7.5649213698178586E-01
    30   2.8500000              76800  7.5649204709040241E-01
    31   2.9450000              76800  7.5649191438568653E-01
    32   3.0400000              76800  7.5649174379132444E-01
    33   3.1350000              76800  7.5649154111514960E-01
    34   3.2300000              76800  7.5649130925107333E-01
    35   3.3250000              76800  7.5649104760522701E-01
    36   3.4200000              76800  7.5649075514270370E-01
    37   3.5150000              76800  7.5649043388352522E-01
    38   3.6100000              76800  7.5649008954358399E-01
    39   3.7050000              76800  7.5648972908045531E-01
    40   3.8000000              76800  7.5648935818495811E-01
    41   3.8950000              76800  7.5648898102417528E-01
    42   3.9900000              76800  7.5648860118475647E-01
    43   4.0850000              76800  7.5648822203205479E-01
    44   4.1800000              76800  7.5648784651817236E-01
    45   4.2750000              76800  7.5648747734851440E-01
    46   4.3700000              76800  7.5648711771674493E-01
    47   4.4650000              76800  7.5648677163790801E-01
    48   4.5600000              76800  7.5648644288426481E-01
    49   4.6550000              76800  7.5648613369197215E-01
    50   4.7500000              76800  7.5648584549384756E-01
    51   4.8450000              76800  7.5648558091944795E-01
    52   4.9400000              76800  7.5648534385442423E-01
    53   5.0350000              76800  7.5648513719905142E-01
    54   5.1300000              76800  7.5648496114997055E-01
    55   5.2250000              76800  7.5648481326974015E-01
    56   5.3200000              76800  7.5648468972439642E-01
    57   5.4150000              76800  7.5648458764119630E-01
    58   5.5100000              76800  7.5648450732017780E-01
    59   5.6050000              76800  7.5648445126591213E-01
    60   5.7000000              76800  7.5648441979585190E-01
    61   5.7950000              76800  7.5648440703465170E-01
    62   5.8900000              76800  7.5648440116540727E-01
    63   5.9850000              76800  7.5648438947806507E-01
    64   6.0800000              76800  7.5648436408953279E-01
    65   6.1750000              76800  7.5648432298259216E-01
    66   6.2700000              76800  7.5648426674420466E-01
    67   6.3650000              76800  7.5648419560516023E-01
    68   6.4600000              76800  7.5648410733181337E-01
    69   6.5550000              76800  7.5648399382015352E-01
    70   6.6500000              76800  7.5648383886046311E-01
    71   6.7450000              76800  7.5648362147679460E-01
    72   6.8400000              76800  7.5648332328813805E-01
    73   6.9350000              76800  7.5648293340137784E-01
    74   7.0300000              76800  7.5648244725810376E-01
    75   7.1250000              76800  7.5648186158817166E-01
    76   7.2200000              76800  7.5648116889765893E-01
    77   7.3150000              76800  7.5648035367631183E-01
    78   7.4100000              76800  7.5647939360811867E-01
    79   7.5050000              76800  7.5647826772430260E-01
    80   7.6000000              76800  7.5647696514063656E-01
    81   7.6950000              76800  7.5647548389140162E-01
    82   7.7900000              76800  7.5647381945667502E-01
    83   7.8850000              76800  7.5647195478999985E-01
    84   7.9800000              76800  7.5646986115897108E-01
    85   8.0750000              76800  7.5646750634502036E-01
    86   8.1700000              76800  7.5646486078197128E-01
    87   8.2650000              76800  7.5646189796580110E-01
    88   8.3600000              76800  7.5645859292137962E-01
    89   8.4550000              76800  7.5645492261518155E-01
    90   8.5500000              76800  7.5645086615747303E-01
    91   8.6450000              76800  7.5644639959394988E-01
    92   8.7400000              76800  7.5644148646971998E-01
    93   8.8350000              76800  7.5643607310422878E-01
    94   8.9300000              76800  7.5643009369672365E-01
    95   9.0250000              76800  7.5642347953112565E-01
    96   9.1200000              76800  7.5641616366595543E-01
    97   9.2150000              76800  7.5640807896909501E-01
    98   9.3100000              76800  7.5639915417892545E-01
    99   9.4050000              76800  7.5638931388509456E-01
   100   9.5000000              76800  7.5637848198869273E-01
   101   9.5950000              76800  7.5636658067868545E-01
   102   9.6900000              76800  7.5635351942786688E-01
   103   9.7850000              76800  7.5633917865547295E-01
   104   9.8800000              76800  7.5632339844969043E-01
   105   9.9750000              76800  7.5630598090453094E-01
   106   10.070000              76800  7.5628670727467173E-01
   107   10.165000              76800  7.5626535982354692E-01
   108   10.260000              76800  7.5624173223496416E-01
   109   10.355000              76800  7.5621562059063163E-01
   110   10.450000              76800  7.5618680183647247E-01
   111   10.545000              76800  7.5615501417107533E-01
   112   10.640000              76800  7.5611994942707783E-01
   113   10.735000              76800  7.5608125712679408E-01
   114   10.830000              76800  7.5603855211958848E-01
   115   10.925000              76800  7.5599141729068520E-01
   116   11.020000              76800  7.5593939849780178E-01
   117   11.115000              76800  7.5588199524307176E-01
   118   11.210000              76800  7.5581865215717803E-01
   119   11.305000              76800  7.5574875283105469E-01
   120   11.400000              76800  7.5567161502722635E-01
   121   11.495000              76800  7.5558648963279340E-01
   122   11.590000              76800  7.5549256783595120E-01
   123   11.685000              76800  7.5538899222295564E-01
   124   11.780000              76800  7.5527485588658694E-01
   125   11.875000              76800  7.5514918165582423E-01
   126   11.970000              76800  7.5501089647140729E-01
   127   12.065000              76800  7.5485881977978542E-01
   128   12.160000              76800  7.5469166321805214E-01
   129   12.255000              76800  7.5450802697646779E-01
   130   12.350000              76800  7.5430639348680195E-01
   131   12.445000              76800  7.5408513205529970E-01
   132   12.540000              76800  7.5384251637042166E-01
   133   12.635000              76800  7.5357673758335220E-01
   134   12.730000              76800  7.5328590120183214E-01
   135   12.825000              76800  7.5296802401339713E-01
   136   12.920000              76800  7.5262105593355888E-01
   137   13.015000              76800  7.5224292052884256E-01
   138   13.110000              76800  7.5183153491710542E-01
   139   13.205000              76800  7.5138478180890123E-01
   140   13.300000              76800  7.5090045556709750E-01
   141   13.395000              76800  7.5037622976052598E-01
   142   13.490000              76800  7.4980966969291640E-01
   143   13.585000              76800  7.4919828058155402E-01
   144   13.680000              76800  7.4853958539681642E-01
   145   13.775000              76800  7.4783123969009901E-01
   146   13.870000              76800  7.4707115697048432E-01
   147   13.965000              76800  7.4625758429580413E-01
   148   14.060000              76800  7.4538908869186526E-01
   149   14.155000              76800  7.4446447389804271E-01
   150   14.250000              76800  7.4348269640462072E-01
   151   14.345000              76800  7.4244285311761193E-01
   152   14.440000              76800  7.4134426651687468E-01
   153   14.535000              76800  7.4018662437056970E-01
   154   14.630000              76800  7.3897005875258526E-01
   155   14.725000              76800  7.3769511010151789E-01
   156   14.820000              76800  7.3636265021087832E-01
   157   14.915000              76800  7.3497386071713500E-01
   158   15.010000              76800  7.3353029560565208E-01
   159   15.105000              76800  7.3203394425137813E-01
   160   15.200000              76800  7.3048726028676203E-01
   161   15.295000              76800  7.2889318263067915E-01
   162   15.390000              76800  7.2725521276212879E-01
   163   15.485000              76800  7.2557761837578860E-01
   164   15.580000              76800  7.2386578221561382E-01
   165   15.675000              76800  7.2212658791924134E-01
   166   15.770000              76800  7.2036872147758213E-01
   167   15.865000              76800  7.1860293190980939E-01
   168   15.960000              76800  7.1684220822696454E-01
   169   16.055000              76800  7.1510165266944914E-01
   170   16.150000              76800  7.1339795293790831E-01
   171   16.245000              76800  7.1174868073814446E-01
   172   16.340000              76800  7.1017163824685170E-01
   173   16.435000              76800  7.0868404182736167E-01
   174   16.530000              76800  7.0730093754872869E-01
   175   16.625000              76800  7.0603300777387978E-01
   176   16.720000              76800  7.0488504315042355E-01
   177   16.815000              76800  7.0385633908599765E-01
   178   16.910000              76800  7.0294261446786832E-01
   179   17.005000              76800  7.0213761204472824E-01
   180   17.100000              76800  7.0143367354012243E-01
   181   17.195000              76800  7.0082244809664285E-01
   182   17.290000              76800  7.0029661031360313E-01
   183   17.385000              76800  6.9985181426653220E-01
   184   17.480000              76800  6.9948766983901756E-01
   185   17.575000              76800  6.9920746408784229E-01
   186   17.670000              76800  6.9901730389839978E-01
   187   17.765000              76800  6.9892495637902075E-01
   188   17.860000              76800  6.9893790233443764E-01
   189   17.955000              76800  6.9906025028769436E-01
   190   18.050000              76800  6.9928962776716597E-01
   191   18.145000              76800  6.9961570726166256E-01
   192   18.240000              76800  7.0002065977634864E-01
   193   18.335000              76800  7.0047989561104251E-01
   194   18.430000              76800  7.0096225152560532E-01
   195   18.525000              76800  7.0143083080310997E-01
   196   18.620000              76800  7.0184496563316345E-01
   197   18.715000              76800  7.0216310477399735E-01
   198   18.810000              76800  7.0234593101132403E-01
   199   18.905000              76800  7.0235915294405460E-01
   200   19.000000              76800  7.0217627199088173E-01
   201   19.095000              76800  7.0178146211678316E-01
   202   19.190000              76800  7.0117165998567466E-01
   203   19.285000              76800  7.0035665904952571E-01
   204   19.380000              76800  6.9935695763691941E-01
   205   19.475000              76800  6.9820016719031475E-01
   206   19.570000              76800  6.9691722824180369E-01
   207   19.665000              76800  6.9553906524472142E-01
   208   19.760000              76800  6.9409367785850651E-01
   209   19.855000              76800  6.9260384671229891E-01
   210   19.950000              76800  6.9108616850231641E-01
   211   20.045000              76800  6.8955215305035988E-01
   212   20.140000              76800  6.8801097458633975E-01
   213   20.235000              76800  6.8647171267553797E-01
   214   20.330000              76800  6.8494362643250661E-01
   215   20.425000              76800  6.8343623148302690E-01
   216   20.520000              76800  6.8196131747137745E-01
   217   20.615000              76800  6.8053562829311054E-01
   218   20.710000              76800  6.7918093422116022E-01
   219   20.805000              76800  6.7792042817289766E-01
   220   20.900000              76800  6.7677426044312006E-01
   221   20.995000              76800  6.7575780161080778E-01
   222   21.090000              76800  6.7488277786874318E-01
   223   21.185000              76800  6.7415914743086436E-01
   224   21.280000              76800  6.7359572010041857E-01
   225   21.375000              76800  6.7319843451204553E-01
   226   21.470000              76800  6.7296874437788723E-01
   227   21.565000              76800  6.7290572629223955E-01
   228   21.660000              76800  6.7301015853390966E-01
   229   21.755000              76800  6.7328471407526547E-01
   230   21.850000              76800  6.7372987217516378E-01
   231   21.945000              76800  6.7434173388503460E-01
   232   22.040000              76800  6.7511357570683561E-01
   233   22.135000              76800  6.7603646354853097E-01
   234   22.230000              76800  6.7709694114487229E-01
   235   22.325000              76800  6.7827494095423080E-01
   236   22.420000              76800  6.7954399550422973E-01
   237   22.515000              76800  6.8087265331411639E-01
   238   22.610000              76800  6.8222544641231297E-01
   239   22.705000              76800  6.8356230295590303E-01
   240   22.800000              76800  6.8483714986496080E-01
   241   22.895000              76800  6.8599850287276443E-01
   242   22.990000              76800  6.8699316432581281E-01
   243   23.085000              76800  6.8777114546873830E-01
   244   23.180000              76800  6.8828979774072196E-01
   245   23.275000              76800  6.8851706428566217E-01
   246   23.370000              76800  6.8843482599567007E-01
   247   23.465000              76800  6.8804100314144301E-01
   248   23.560000              76800  6.8734796447236168E-01
   249   23.655000              76800  6.8637934115315269E-01
   250   23.750000              76800  6.8516823630758239E-01
   251   23.845000              76800  6.8375479328775945E-01
   252   23.940000              76800  6.8218103734928748E-01
   253   24.035000              76800  6.8048606437852843E-01
   254   24.130000              76800  6.7870501994777277E-01
   255   24.225000              76800  6.7687032928668345E-01
   256   24.320000              76800  6.7501188794386735E-01
   257   24.415000              76800  6.7315613824275111E-01
   258   24.510000              76800  6.7132669414008139E-01
   259   24.605000              76800  6.6954758268602443E-01
   260   24.700000              76800  6.6784598630657155E-01
   261   24.795000              76800  6.6625075304524595E-01
   262   24.890000              76800  6.6478750236870110E-01
   263   24.985000              76800  6.6347401164790987E-01
   264   25.080000              76800  6.6231751042584752E-01
   265   25.175000              76800  6.6131360648204851E-01
   266   25.270000              76800  6.6044605751322283E-01
   267   25.365000              76800  6.5968598770367803E-01
   268   25.460000              76800  6.5899151326612471E-01
   269   25.555000              76800  6.5831179421649222E-01
   270   25.650000              76800  6.5759534111436269E-01
   271   25.745000              76800  6.5679881213086122E-01
   272   25.840000              76800  6.5589667779891625E-01
   273   25.935000              76800  6.5489122481149009E-01
   274   26.030000              76800  6.5381664951102170E-01
   275   26.125000              76800  6.5273467927598428E-01
   276   26.220000              76800  6.5172350707495408E-01
   277   26.315000              76800  6.5086284339246880E-01
   278   26.410000              76800  6.5022104446535200E-01
   279   26.505000              76800  6.4984620067500742E-01
   280   26.600000              76800  6.4976008690534692E-01
   281   26.695000              76800  6.4995671605450434E-01
   282   26.790000              76800  6.5040718178166967E-01
   283   26.885000              76800  6.5107018448562126E-01
   284   26.980000              76800  6.5190119777763877E-01
   285   27.075000              76800  6.5285464583563602E-01
   286   27.170000              76800  6.5388394331718358E-01
   287   27.265000              76800  6.5494199907376294E-01
   288   27.360000              76800  6.5598152649978192E-01
   289   27.455000              76800  6.5695977761394164E-01
   290   27.550000              76800  6.5784684513470937E-01
   291   27.645000              76800  6.5863123492997810E-01
   292   27.740000              76800  6.5932161484082208E-01
   293   27.835000              76800  6.5994433253596230E-01
   294   27.930000              76800  6.6053465241258880E-01
   295   28.025000              76800  6.6112514354265350E-01
   296   28.120000              76800  6.6173837133743407E-01
   297   28.215000              76800  6.6238475887599091E-01
   298   28.310000              76800  6.6306177026780555E-01
   299   28.405000              76800  6.6375243805838902E-01
   300   28.500000              76800  6.6442359640864668E-01
   301   28.595000              76800  6.6502796324496793E-01
   302   28.690000              76800  6.6551236554390347E-01
   303   28.785000              76800  6.6582709102755344E-01
   304   28.880000              76800  6.6593380973502692E-01
   305   28.975000              76800  6.6581040619763054E-01
   306   29.070000              76800  6.6545127128420511E-01
   307   29.165000              76800  6.6486877975861169E-01
   308   29.260000              76800  6.6409298514903448E-01
   309   29.355000              76800  6.6315976063737492E-01
   310   29.450000              76800  6.6209736295240118E-01
   311   29.545000              76800  6.6092692839781142E-01
   312   29.640000              76800  6.5967112773335668E-01
   313   29.735000              76800  6.5835786198710045E-01
   314   29.830000              76800  6.5701792008779436E-01
   315   29.925000              76800  6.5568208735180777E-01
   316   30.020000              76800  6.5437857458475879E-01
   317   30.115000              76800  6.5313065140037341E-01
   318   30.210000              76800  6.5195687007400338E-01
   319   30.305000              76800  6.5087264267539990E-01
   320   30.400000              76800  6.4988984732520882E-01
   321   30.495000              76800  6.4901512270815043E-01
   322   30.590000              76800  6.4824986680711194E-01
   323   30.685000              76800  6.4759127766725177E-01
   324   30.780000              76800  6.4703126960791413E-01
   325   30.875000              76800  6.4655325579947043E-01
   326   30.970000              76800  6.4613023174518114E-01
   327   31.065000              76800  6.4572712555064171E-01
   328   31.160000              76800  6.4530784004904906E-01
   329   31.255000              76800  6.4484415612282553E-01
   330   31.350000              76800  6.4432038351085597E-01
   331   31.445000              76800  6.4373278370861453E-01
   332   31.540000              76800  6.4308870174451815E-01
   333   31.635000              76800  6.4240551897148046E-01
   334   31.730000              76800  6.4170815203052833E-01
   335   31.825000              76800  6.4103193231177658E-01
   336   31.920000              76800  6.4043095674184014E-01
   337   32.015000              76800  6.3997634818216054E-01
   338   32.110000              76800  6.3974105438290363E-01
   339   32.205000              76800  6.3978616902735541E-01
   340   32.300000              76800  6.4015468384568308E-01
   341   32.395000              76800  6.4087002305571428E-01
   342   32.490000              76800  6.4194313119204582E-01
   343   32.585000              76800  6.4338438973530621E-01
   344   32.680000              76800  6.4520879750374138E-01
   345   32.775000              76800  6.4743594302127638E-01
   346   32.870000              76800  6.5009117455705390E-01
   347   32.965000              76800  6.5320557382238920E-01
   348   33.060000              76800  6.5681206277204418E-01
   349   33.155000              76800  6.6094144700388957E-01
   350   33.250000              76800  6.6561703870613065E-01
   351   33.345000              76800  6.7084258855322743E-01
   352   33.440000              76800  6.7658861746785171E-01
   353   33.535000              76800  6.8278525173859306E-01
   354   33.630000              76800  6.8932148845826791E-01
   355   33.725000              76800  6.9605224744813721E-01
   356   33.820000              76800  7.0281437534101721E-01
   357   33.915000              76800  7.0944405693049184E-01
   358   34.010000              76800  7.1578911357201525E-01
   359   34.105000              76800  7.2171961315748479E-01
   360   34.200000              76800  7.2713845890292195E-01
   361   34.295000              76800  7.3198269606557753E-01
   362   34.390000              76800  7.3621709470397367E-01
   363   34.485000              76800  7.3982788059992921E-01
   364   34.580000              76800  7.4281546160776324E-01
   365   34.675000              76800  7.4518788688261284E-01
   366   34.770000              76800  7.4695829771942757E-01
   367   34.865000              76800  7.4814485550376264E-01
   368   34.960000              76800  7.4877157049163756E-01
   369   35.055000              76800  7.4886786234356406E-01
   370   35.150000              76800  7.4846006939268861E-01
   371   35.245000              76800  7.4755521915756740E-01
   372   35.340000              76800  7.4613320463325050E-01
   373   35.435000              76800  7.4415473474327754E-01
   374   35.530000              76800  7.4157833186472621E-01
   375   35.625000              76800  7.3838067536823304E-01
   376   35.720000              76800  7.3457221266724981E-01
   377   35.815000              76800  7.3019839068494385E-01
   378   35.910000              76800  7.2532875381302220E-01
   379   36.005000              76800  7.2005170979333977E-01
   380   36.100000              76800  7.1447810297259606E-01
   381   36.195000              76800  7.0874045046698320E-01
   382   36.290000              76800  7.0298342767437350E-01
   383   36.385000              76800  6.9734988696768496E-01
   384   36.480000              76800  6.9196692321026343E-01
   385   36.575000              76800  6.8693308403440290E-01
   386   36.670000              76800  6.8230913600992871E-01
   387   36.765000              76800  6.7811782651179831E-01
   388   36.860000              76800  6.7435419667757923E-01
   389   36.955000              76800  6.7100086288352312E-01
   390   37.050000              76800  6.6804186672383747E-01
   391   37.145000              76800  6.6547095684407787E-01
   392   37.240000              76800  6.6329419533736811E-01
   393   37.335000              76800  6.6152535023984937E-01
   394   37.430000              76800  6.6017015139022717E-01
   395   37.525000              76800  6.5920550820371049E-01
   396   37.620000              76800  6.5856520606205526E-01
   397   37.715000              76800  6.5813738449224102E-01
   398   37.810000              76800  6.5777362249644711E-01
   399   37.905000              76800  6.5730521367638606E-01
   400   38.000000              76800  6.5655916232218692E-01
   401   38.095000              76800  6.5537504094093491E-01
   402   38.190000              76800  6.5362995453792294E-01
   403   38.285000              76800  6.5126611345963192E-01
   404   38.380000              76800  6.4830527473164667E-01
   405   38.475000              76800  6.4483745814821347E-01
   406   38.570000              76800  6.4098576117622841E-01
   407   38.665000              76800  6.3686622650757185E-01
   408   38.760000              76800  6.3256514722842772E-01
   409   38.855000              76800  6.2814180014494425E-01
   410   38.950000              76800  6.2364787323994308E-01
   411   39.045000              76800  6.1914890116926302E-01
   412   39.140000              76800  6.1472609064724271E-01
   413   39.235000              76800  6.1045792037010882E-01
   414   39.330000              76800  6.0640535586754707E-01
   415   39.425000              76800  6.0260391736286523E-01
   416   39.520000              76800  5.9906223200011666E-01
   417   39.615000              76800  5.9576616482645617E-01
   418   39.710000              76800  5.9268769389636788E-01
   419   39.805000              76800  5.8981115281980268E-01
   420   39.900000              76800  5.8716168123531698E-01
   421   39.995000              76800  5.8481108330987630E-01
   422   40.090000              76800  5.8285899199633084E-01
