! Kinetic energy for species "electrons-up"
  Iter        Time          Total Par.             Kin. Energy
     0   0.0000000              76800  7.5639822748909924E-01
     1  0.95000000E-01          76800  7.5639824572386338E-01
     2  0.19000000              76800  7.5639830077658465E-01
     3  0.28500000              76800  7.5639839332861314E-01
     4  0.38000000              76800  7.5639852349513714E-01
     5  0.47500000              76800  7.5639869015143868E-01
     6  0.57000000              76800  7.5639889101934976E-01
     7  0.66500000              76800  7.5639912312509938E-01
     8  0.76000000              76800  7.5639938309454224E-01
     9  0.85500000              76800  7.5639966729449604E-01
    10  0.95000000              76800  7.5639997219945698E-01
    11   1.0450000              76800  7.5640029477433357E-01
    12   1.1400000              76800  7.5640063197928886E-01
    13   1.2350000              76800  7.5640097956790142E-01
    14   1.3300000              76800  7.5640133191954106E-01
    15   1.4250000              76800  7.5640168347654524E-01
    16   1.5200000              76800  7.5640202985789595E-01
    17   1.6150000              76800  7.5640236721721221E-01
    18   1.7100000              76800  7.5640269107968972E-01
    19   1.8050000              76800  7.5640299641585695E-01
    20   1.9000000              76800  7.5640327866456247E-01
    21   1.9950000              76800  7.5640353406631755E-01
    22   2.0900000              76800  7.5640375891870670E-01
    23   2.1850000              76800  7.5640394930393073E-01
    24   2.2800000              76800  7.5640410211927811E-01
    25   2.3750000              76800  7.5640421581473083E-01
    26   2.4700000              76800  7.5640428960364536E-01
    27   2.5650000              76800  7.5640432251403422E-01
    28   2.6600000              76800  7.5640431362827343E-01
    29   2.7550000              76800  7.5640426272597372E-01
    30   2.8500000              76800  7.5640417042472297E-01
    31   2.9450000              76800  7.5640403814641388E-01
    32   3.0400000              76800  7.5640386809780025E-01
    33   3.1350000              76800  7.5640366279696525E-01
    34   3.2300000              76800  7.5640342414105100E-01
    35   3.3250000              76800  7.5640315305841699E-01
    36   3.4200000              76800  7.5640285081564995E-01
    37   3.5150000              76800  7.5640252109259665E-01
    38   3.6100000              76800  7.5640217021783329E-01
    39   3.7050000              76800  7.5640180485880493E-01
    40   3.8000000              76800  7.5640142976382430E-01
    41   3.8950000              76800  7.5640104777009520E-01
    42   3.9900000              76800  7.5640066127329331E-01
    43   4.0850000              76800  7.5640027329915327E-01
    44   4.1800000              76800  7.5639988766138089E-01
    45   4.2750000              76800  7.5639950896882036E-01
    46   4.3700000              76800  7.5639914284325405E-01
    47   4.4650000              76800  7.5639879506184604E-01
    48   4.5600000              76800  7.5639846880561967E-01
    49   4.6550000              76800  7.5639816276905292E-01
    50   4.7500000              76800  7.5639787362621247E-01
    51   4.8450000              76800  7.5639760130083067E-01
    52   4.9400000              76800  7.5639735155335908E-01
    53   5.0350000              76800  7.5639713305565182E-01
    54   5.1300000              76800  7.5639695168254661E-01
    55   5.2250000              76800  7.5639680708225165E-01
    56   5.3200000              76800  7.5639669381287900E-01
    57   5.4150000              76800  7.5639660506514250E-01
    58   5.5100000              76800  7.5639653603591817E-01
    59   5.6050000              76800  7.5639648537155590E-01
    60   5.7000000              76800  7.5639645360114449E-01
    61   5.7950000              76800  7.5639643924217270E-01
    62   5.8900000              76800  7.5639643645427312E-01
    63   5.9850000              76800  7.5639643685664226E-01
    64   6.0800000              76800  7.5639643301077997E-01
    65   6.1750000              76800  7.5639641997361040E-01
    66   6.2700000              76800  7.5639639463695851E-01
    67   6.3650000              76800  7.5639635412035555E-01
    68   6.4600000              76800  7.5639629358948501E-01
    69   6.5550000              76800  7.5639620393117069E-01
    70   6.6500000              76800  7.5639607099194961E-01
    71   6.7450000              76800  7.5639587782046958E-01
    72   6.8400000              76800  7.5639560847679221E-01
    73   6.9350000              76800  7.5639525022110865E-01
    74   7.0300000              76800  7.5639479317111746E-01
    75   7.1250000              76800  7.5639422864629435E-01
    76   7.2200000              76800  7.5639354654244251E-01
    77   7.3150000              76800  7.5639273273819962E-01
    78   7.4100000              76800  7.5639177006840153E-01
    79   7.5050000              76800  7.5639064379485899E-01
    80   7.6000000              76800  7.5638934561061144E-01
    81   7.6950000              76800  7.5638786980482708E-01
    82   7.7900000              76800  7.5638620394810385E-01
    83   7.8850000              76800  7.5638432345302065E-01
    84   7.9800000              76800  7.5638219584548527E-01
    85   8.0750000              76800  7.5637979044218184E-01
    86   8.1700000              76800  7.5637708372455226E-01
    87   8.2650000              76800  7.5637405643406452E-01
    88   8.3600000              76800  7.5637068786845907E-01
    89   8.4550000              76800  7.5636695346525029E-01
    90   8.5500000              76800  7.5636282474974570E-01
    91   8.6450000              76800  7.5635826817626595E-01
    92   8.7400000              76800  7.5635324312153096E-01
    93   8.8350000              76800  7.5634770124269479E-01
    94   8.9300000              76800  7.5634158770824356E-01
    95   9.0250000              76800  7.5633484295204578E-01
    96   9.1200000              76800  7.5632740321883385E-01
    97   9.2150000              76800  7.5631919997077146E-01
    98   9.3100000              76800  7.5631016039734678E-01
    99   9.4050000              76800  7.5630021001109027E-01
   100   9.5000000              76800  7.5628927485243191E-01
   101   9.5950000              76800  7.5627727911542086E-01
   102   9.6900000              76800  7.5626413509035573E-01
   103   9.7850000              76800  7.5624972719775163E-01
   104   9.8800000              76800  7.5623389933038043E-01
   105   9.9750000              76800  7.5621645633016021E-01
   106   10.070000              76800  7.5619718097700939E-01
   107   10.165000              76800  7.5617585531714981E-01
   108   10.260000              76800  7.5615227163801657E-01
   109   10.355000              76800  7.5612622636653160E-01
   110   10.450000              76800  7.5609750150762167E-01
   111   10.545000              76800  7.5606584425000478E-01
   112   10.640000              76800  7.5603095465003922E-01
   113   10.735000              76800  7.5599248588658619E-01
   114   10.830000              76800  7.5595005260382397E-01
   115   10.925000              76800  7.5590323608055854E-01
   116   11.020000              76800  7.5585157926423008E-01
   117   11.115000              76800  7.5579457699551678E-01
   118   11.210000              76800  7.5573167099415561E-01
   119   11.305000              76800  7.5566224891261646E-01
   120   11.400000              76800  7.5558563835860404E-01
   121   11.495000              76800  7.5550109671563370E-01
   122   11.590000              76800  7.5540781100548648E-01
   123   11.685000              76800  7.5530491192923344E-01
   124   11.780000              76800  7.5519148217086984E-01
   125   11.875000              76800  7.5506654086721603E-01
   126   11.970000              76800  7.5492901528412393E-01
   127   12.065000              76800  7.5477772406581800E-01
   128   12.160000              76800  7.5461137647601695E-01
   129   12.255000              76800  7.5442857194388502E-01
   130   12.350000              76800  7.5422779319328759E-01
   131   12.445000              76800  7.5400740585185422E-01
   132   12.540000              76800  7.5376567479634082E-01
   133   12.635000              76800  7.5350078312587043E-01
   134   12.730000              76800  7.5321083406746592E-01
   135   12.825000              76800  7.5289384604324205E-01
   136   12.920000              76800  7.5254777094471770E-01
   137   13.015000              76800  7.5217053559851810E-01
   138   13.110000              76800  7.5176006369905468E-01
   139   13.205000              76800  7.5131424519605128E-01
   140   13.300000              76800  7.5083087833082951E-01
   141   13.395000              76800  7.5030763860265626E-01
   142   13.490000              76800  7.4974209635854971E-01
   143   13.585000              76800  7.4913176775327783E-01
   144   13.680000              76800  7.4847419291382611E-01
   145   13.775000              76800  7.4776704981372011E-01
   146   13.870000              76800  7.4700827523988544E-01
   147   13.965000              76800  7.4619613533018048E-01
   148   14.060000              76800  7.4532921261196028E-01
   149   14.155000              76800  7.4440632787844185E-01
   150   14.250000              76800  7.4342645951268871E-01
   151   14.345000              76800  7.4238873016701035E-01
   152   14.440000              76800  7.4129248979089557E-01
   153   14.535000              76800  7.4013745352414495E-01
   154   14.630000              76800  7.3892377727834446E-01
   155   14.725000              76800  7.3765201594188023E-01
   156   14.820000              76800  7.3632303825730072E-01
   157   14.915000              76800  7.3493799472874866E-01
   158   15.010000              76800  7.3349836903397470E-01
   159   15.105000              76800  7.3200603150137145E-01
   160   15.200000              76800  7.3046326528213201E-01
   161   15.295000              76800  7.2887279357888002E-01
   162   15.390000              76800  7.2723785331580026E-01
   163   15.485000              76800  7.2556238030844500E-01
   164   15.580000              76800  7.2385134039334453E-01
   165   15.675000              76800  7.2211112192853899E-01
   166   15.770000              76800  7.2034987345930213E-01
   167   15.865000              76800  7.1857780924438386E-01
   168   15.960000              76800  7.1680742289157395E-01
   169   16.055000              76800  7.1505340088814628E-01
   170   16.150000              76800  7.1333218679482258E-01
   171   16.245000              76800  7.1166140558155810E-01
   172   16.340000              76800  7.1005931697931080E-01
   173   16.435000              76800  7.0854400921105820E-01
   174   16.530000              76800  7.0713172586325923E-01
   175   16.625000              76800  7.0583461936100722E-01
   176   16.720000              76800  7.0465917051146509E-01
   177   16.815000              76800  7.0360640543146147E-01
   178   16.910000              76800  7.0267356228641342E-01
   179   17.005000              76800  7.0185553998455696E-01
   180   17.100000              76800  7.0114549035213936E-01
   181   17.195000              76800  7.0053553053900330E-01
   182   17.290000              76800  7.0001832187521207E-01
   183   17.385000              76800  6.9958892431874442E-01
   184   17.480000              76800  6.9924582900351606E-01
   185   17.575000              76800  6.9899075511194075E-01
   186   17.670000              76800  6.9882778895945541E-01
   187   17.765000              76800  6.9876235686990462E-01
   188   17.860000              76800  6.9879970340993047E-01
   189   17.955000              76800  6.9894214727208404E-01
   190   18.050000              76800  6.9918606616141421E-01
   191   18.145000              76800  6.9952040623447331E-01
   192   18.240000              76800  6.9992694960642976E-01
   193   18.335000              76800  7.0038090077318205E-01
   194   18.430000              76800  7.0085120380384058E-01
   195   18.525000              76800  7.0130153209029777E-01
   196   18.620000              76800  7.0169217363875758E-01
   197   18.715000              76800  7.0198284231700048E-01
   198   18.810000              76800  7.0213578845489122E-01
   199   18.905000              76800  7.0211844331252660E-01
   200   19.000000              76800  7.0190601752056525E-01
   201   19.095000              76800  7.0148431433261438E-01
   202   19.190000              76800  7.0085170840410238E-01
   203   19.285000              76800  7.0001924743269517E-01
   204   19.380000              76800  6.9900862374003547E-01
   205   19.475000              76800  6.9784851901079059E-01
   206   19.570000              76800  6.9657063843992362E-01
   207   19.665000              76800  6.9520617003221918E-01
   208   19.760000              76800  6.9378268294815260E-01
   209   19.855000              76800  6.9232164658931927E-01
   210   19.950000              76800  6.9083751637773094E-01
   211   20.045000              76800  6.8933938837704978E-01
   212   20.140000              76800  6.8783467630800166E-01
   213   20.235000              76800  6.8633222356400525E-01
   214   20.330000              76800  6.8484248727453179E-01
   215   20.425000              76800  6.8337648282230690E-01
   216   20.520000              76800  6.8194684475934630E-01
   217   20.615000              76800  6.8057028864436475E-01
   218   20.710000              76800  6.7926791354758476E-01
   219   20.805000              76800  6.7806214851764601E-01
   220   20.900000              76800  6.7697276055511391E-01
   221   20.995000              76800  6.7601518376615100E-01
   222   21.090000              76800  6.7520136671495168E-01
   223   21.185000              76800  6.7454090121364985E-01
   224   21.280000              76800  6.7404078253338950E-01
   225   21.375000              76800  6.7370318979549260E-01
   226   21.470000              76800  6.7352395413060284E-01
   227   21.565000              76800  6.7349561665728863E-01
   228   21.660000              76800  6.7361308592604896E-01
   229   21.755000              76800  6.7387511837502256E-01
   230   21.850000              76800  6.7428079596694745E-01
   231   21.945000              76800  6.7482740006115782E-01
   232   22.040000              76800  6.7551156281548597E-01
   233   22.135000              76800  6.7632878590501899E-01
   234   22.230000              76800  6.7726976831477814E-01
   235   22.325000              76800  6.7831750790992429E-01
   236   22.420000              76800  6.7944740265751813E-01
   237   22.515000              76800  6.8062906469529838E-01
   238   22.610000              76800  6.8182802925764396E-01
   239   22.705000              76800  6.8300602683547240E-01
   240   22.800000              76800  6.8412015627713274E-01
   241   22.895000              76800  6.8512348738844442E-01
   242   22.990000              76800  6.8596820610383857E-01
   243   23.085000              76800  6.8660953370897437E-01
   244   23.180000              76800  6.8700883423434267E-01
   245   23.275000              76800  6.8713596284706380E-01
   246   23.370000              76800  6.8697171876135088E-01
   247   23.465000              76800  6.8650959096080266E-01
   248   23.560000              76800  6.8575491794647969E-01
   249   23.655000              76800  6.8472345563165493E-01
   250   23.750000              76800  6.8344145742144180E-01
   251   23.845000              76800  6.8194407799622048E-01
   252   23.940000              76800  6.8027003210362269E-01
   253   24.035000              76800  6.7845660780052741E-01
   254   24.130000              76800  6.7653896358070842E-01
   255   24.225000              76800  6.7455184543094071E-01
   256   24.320000              76800  6.7253027700883927E-01
   257   24.415000              76800  6.7050888782356877E-01
   258   24.510000              76800  6.6852203225716111E-01
   259   24.605000              76800  6.6660544804952770E-01
   260   24.700000              76800  6.6479658451163171E-01
   261   24.795000              76800  6.6313078345959653E-01
   262   24.890000              76800  6.6163495286882212E-01
   263   24.985000              76800  6.6032171838328269E-01
   264   25.080000              76800  6.5918590836870217E-01
   265   25.175000              76800  6.5820523272617859E-01
   266   25.270000              76800  6.5734470168409864E-01
   267   25.365000              76800  6.5656142572673615E-01
   268   25.460000              76800  6.5580819341640728E-01
   269   25.555000              76800  6.5503761991015841E-01
   270   25.650000              76800  6.5420717818308505E-01
   271   25.745000              76800  6.5328474510717538E-01
   272   25.840000              76800  6.5225711508929152E-01
   273   25.935000              76800  6.5113916934884430E-01
   274   26.030000              76800  6.4997654945114203E-01
   275   26.125000              76800  6.4884012953290859E-01
   276   26.220000              76800  6.4781319960269479E-01
   277   26.315000              76800  6.4697579971626640E-01
   278   26.410000              76800  6.4639394526303784E-01
   279   26.505000              76800  6.4611376829805078E-01
   280   26.600000              76800  6.4615912840128698E-01
   281   26.695000              76800  6.4653297865661452E-01
   282   26.790000              76800  6.4721798264077135E-01
   283   26.885000              76800  6.4817815240178256E-01
   284   26.980000              76800  6.4936353352625775E-01
   285   27.075000              76800  6.5071395263646747E-01
   286   27.170000              76800  6.5216458976023017E-01
   287   27.265000              76800  6.5365236572078211E-01
   288   27.360000              76800  6.5511771983356071E-01
   289   27.455000              76800  6.5650731089824876E-01
   290   27.550000              76800  6.5778097507443933E-01
   291   27.645000              76800  6.5891636373767271E-01
   292   27.740000              76800  6.5991006012078290E-01
   293   27.835000              76800  6.6077657091100572E-01
   294   27.930000              76800  6.6154337833254528E-01
   295   28.025000              76800  6.6224411352116463E-01
   296   28.120000              76800  6.6291138415953643E-01
   297   28.215000              76800  6.6356878414196308E-01
   298   28.310000              76800  6.6422461802428490E-01
   299   28.405000              76800  6.6486872117520490E-01
   300   28.500000              76800  6.6547162731610987E-01
   301   28.595000              76800  6.6598831705567119E-01
   302   28.690000              76800  6.6636709572329911E-01
   303   28.785000              76800  6.6655817167045495E-01
   304   28.880000              76800  6.6652088503602624E-01
   305   28.975000              76800  6.6622887450090240E-01
   306   29.070000              76800  6.6567168186123582E-01
   307   29.165000              76800  6.6485737891872454E-01
   308   29.260000              76800  6.6381316348889063E-01
   309   29.355000              76800  6.6257467146673321E-01
   310   29.450000              76800  6.6117283029913954E-01
   311   29.545000              76800  6.5963480180824896E-01
   312   29.640000              76800  6.5799330088335251E-01
   313   29.735000              76800  6.5628924182798909E-01
   314   29.830000              76800  6.5456778707563290E-01
   315   29.925000              76800  6.5287411770078574E-01
   316   30.020000              76800  6.5124852233477526E-01
   317   30.115000              76800  6.4972174829945606E-01
   318   30.210000              76800  6.4831429798046947E-01
   319   30.305000              76800  6.4703832125437466E-01
   320   30.400000              76800  6.4589978286628147E-01
   321   30.495000              76800  6.4490064699201533E-01
   322   30.590000              76800  6.4404011866851041E-01
   323   30.685000              76800  6.4331464089121715E-01
   324   30.780000              76800  6.4271601324499306E-01
   325   30.875000              76800  6.4222663417967418E-01
   326   30.970000              76800  6.4181622013727557E-01
   327   31.065000              76800  6.4144544308543527E-01
   328   31.160000              76800  6.4107589293872425E-01
   329   31.255000              76800  6.4068088469512219E-01
   330   31.350000              76800  6.4024917613559562E-01
   331   31.445000              76800  6.3978089361196755E-01
   332   31.540000              76800  6.3928364867134491E-01
   333   31.635000              76800  6.3877049825423893E-01
   334   31.730000              76800  6.3825711742736502E-01
   335   31.825000              76800  6.3776435733702885E-01
   336   31.920000              76800  6.3732643269883049E-01
   337   32.015000              76800  6.3699092106445765E-01
   338   32.110000              76800  6.3680888155593274E-01
   339   32.205000              76800  6.3682875236652592E-01
   340   32.300000              76800  6.3709587710415494E-01
   341   32.395000              76800  6.3765090375551425E-01
   342   32.490000              76800  6.3853049520097471E-01
   343   32.585000              76800  6.3977139005241024E-01
   344   32.680000              76800  6.4141082866051025E-01
   345   32.775000              76800  6.4348509949087640E-01
   346   32.870000              76800  6.4603080928347478E-01
   347   32.965000              76800  6.4908328854506725E-01
   348   33.060000              76800  6.5266821194117119E-01
   349   33.155000              76800  6.5679431984774483E-01
   350   33.250000              76800  6.6145045003302272E-01
   351   33.345000              76800  6.6660105109952195E-01
   352   33.440000              76800  6.7218224436105034E-01
   353   33.535000              76800  6.7810317375828455E-01
   354   33.630000              76800  6.8425107821192876E-01
   355   33.725000              76800  6.9049779827065305E-01
   356   33.820000              76800  6.9670993863666442E-01
   357   33.915000              76800  7.0275927989164577E-01
   358   34.010000              76800  7.0852828193508466E-01
   359   34.105000              76800  7.1391526100363700E-01
   360   34.200000              76800  7.1884062790225467E-01
   361   34.295000              76800  7.2324839490674786E-01
   362   34.390000              76800  7.2710462232962847E-01
   363   34.485000              76800  7.3039790273227356E-01
   364   34.580000              76800  7.3313542810524079E-01
   365   34.675000              76800  7.3533314313677312E-01
   366   34.770000              76800  7.3700931114051227E-01
   367   34.865000              76800  7.3818142302584566E-01
   368   34.960000              76800  7.3886636172292119E-01
   369   35.055000              76800  7.3908663137394770E-01
   370   35.150000              76800  7.3887502377186842E-01
   371   35.245000              76800  7.3827317964140327E-01
   372   35.340000              76800  7.3732675312248763E-01
   373   35.435000              76800  7.3607409271092616E-01
   374   35.530000              76800  7.3452685633940051E-01
   375   35.625000              76800  7.3265904726130959E-01
   376   35.720000              76800  7.3042019047076367E-01
   377   35.815000              76800  7.2775882625476740E-01
   378   35.910000              76800  7.2463798585493400E-01
   379   36.005000              76800  7.2104430616281734E-01
   380   36.100000              76800  7.1699449220853406E-01
   381   36.195000              76800  7.1253418367635990E-01
   382   36.290000              76800  7.0773073775835815E-01
   383   36.385000              76800  7.0266979536430185E-01
   384   36.480000              76800  6.9745537594614881E-01
   385   36.575000              76800  6.9220397427388969E-01
   386   36.670000              76800  6.8703119611470254E-01
   387   36.765000              76800  6.8203858994875843E-01
   388   36.860000              76800  6.7730701490027678E-01
   389   36.955000              76800  6.7289735299062858E-01
   390   37.050000              76800  6.6885303824585984E-01
   391   37.145000              76800  6.6520329641860132E-01
   392   37.240000              76800  6.6197067196680637E-01
   393   37.335000              76800  6.5917636614317243E-01
   394   37.430000              76800  6.5683488808584500E-01
   395   37.525000              76800  6.5494211289870674E-01
   396   37.620000              76800  6.5346138729279257E-01
   397   37.715000              76800  6.5230728586372100E-01
   398   37.810000              76800  6.5133802492839366E-01
   399   37.905000              76800  6.5037155839424965E-01
   400   38.000000              76800  6.4921908073062706E-01
   401   38.095000              76800  6.4772009231571814E-01
   402   38.190000              76800  6.4577266641413467E-01
   403   38.285000              76800  6.4335220483763089E-01
   404   38.380000              76800  6.4050987965502659E-01
   405   38.475000              76800  6.3734800618738108E-01
   406   38.570000              76800  6.3398118076793941E-01
   407   38.665000              76800  6.3050482813745323E-01
   408   38.760000              76800  6.2697974252086008E-01
   409   38.855000              76800  6.2342588900565543E-01
   410   38.950000              76800  6.1982760858867469E-01
   411   39.045000              76800  6.1614587042960811E-01
   412   39.140000              76800  6.1233342080849951E-01
   413   39.235000              76800  6.0835345989622858E-01
   414   39.330000              76800  6.0419676774722453E-01
   415   39.425000              76800  5.9989852817504363E-01
   416   39.520000              76800  5.9554422401830742E-01
   417   39.615000              76800  5.9125528532602800E-01
   418   39.710000              76800  5.8716305382594303E-01
   419   39.805000              76800  5.8338119364218444E-01
   420   39.900000              76800  5.7998910564207351E-01
   421   39.995000              76800  5.7702803284684234E-01
   422   40.090000              76800  5.7450599603751784E-01
