! Kinetic energy for species "positrons-up"
  Iter        Time          Total Par.             Kin. Energy
     0   0.0000000              76800  7.5658124010072769E-01
     1  0.95000000E-01          76800  7.5658121833714342E-01
     2  0.19000000              76800  7.5658115371897994E-01
     3  0.28500000              76800  7.5658104793419279E-01
     4  0.38000000              76800  7.5658090309943726E-01
     5  0.47500000              76800  7.5658072143274158E-01
     6  0.57000000              76800  7.5658050532337418E-01
     7  0.66500000              76800  7.5658025766881587E-01
     8  0.76000000              76800  7.5657998210761279E-01
     9  0.85500000              76800  7.5657968285098587E-01
    10  0.95000000              76800  7.5657936419518157E-01
    11   1.0450000              76800  7.5657903011109617E-01
    12   1.1400000              76800  7.5657868423385932E-01
    13   1.2350000              76800  7.5657833030475752E-01
    14   1.3300000              76800  7.5657797279537697E-01
    15   1.4250000              76800  7.5657761702491833E-01
    16   1.5200000              76800  7.5657726830363459E-01
    17   1.6150000              76800  7.5657693088461619E-01
    18   1.7100000              76800  7.5657660805718319E-01
    19   1.8050000              76800  7.5657630319973435E-01
    20   1.9000000              76800  7.5657602014188030E-01
    21   1.9950000              76800  7.5657576241818503E-01
    22   2.0900000              76800  7.5657553298901625E-01
    23   2.1850000              76800  7.5657533496621965E-01
    24   2.2800000              76800  7.5657517159101317E-01
    25   2.3750000              76800  7.5657504489242311E-01
    26   2.4700000              76800  7.5657495525794860E-01
    27   2.5650000              76800  7.5657490292258434E-01
    28   2.6600000              76800  7.5657488887359492E-01
    29   2.7550000              76800  7.5657491355043693E-01
    30   2.8500000              76800  7.5657497588697353E-01
    31   2.9450000              76800  7.5657507488304077E-01
    32   3.0400000              76800  7.5657521103602643E-01
    33   3.1350000              76800  7.5657538460965834E-01
    34   3.2300000              76800  7.5657559301605237E-01
    35   3.3250000              76800  7.5657583100880643E-01
    36   3.4200000              76800  7.5657609282850091E-01
    37   3.5150000              76800  7.5657637339153494E-01
    38   3.6100000              76800  7.5657666836633486E-01
    39   3.7050000              76800  7.5657697431874227E-01
    40   3.8000000              76800  7.5657728861626072E-01
    41   3.8950000              76800  7.5657760868180546E-01
    42   3.9900000              76800  7.5657793135050899E-01
    43   4.0850000              76800  7.5657825237535348E-01
    44   4.1800000              76800  7.5657856547632885E-01
    45   4.2750000              76800  7.5657886222742543E-01
    46   4.3700000              76800  7.5657913435901225E-01
    47   4.4650000              76800  7.5657937647450813E-01
    48   4.5600000              76800  7.5657958605658282E-01
    49   4.6550000              76800  7.5657976168944829E-01
    50   4.7500000              76800  7.5657990244100737E-01
    51   4.8450000              76800  7.5658000777854229E-01
    52   4.9400000              76800  7.5658007540749872E-01
    53   5.0350000              76800  7.5658009877795351E-01
    54   5.1300000              76800  7.5658006908182174E-01
    55   5.2250000              76800  7.5657998111488101E-01
    56   5.3200000              76800  7.5657983638245652E-01
    57   5.4150000              76800  7.5657964041571713E-01
    58   5.5100000              76800  7.5657939807069718E-01
    59   5.6050000              76800  7.5657911049857529E-01
    60   5.7000000              76800  7.5657877424328723E-01
    61   5.7950000              76800  7.5657838273531230E-01
    62   5.8900000              76800  7.5657793013754571E-01
    63   5.9850000              76800  7.5657741484822205E-01
    64   6.0800000              76800  7.5657683982133794E-01
    65   6.1750000              76800  7.5657621076273751E-01
    66   6.2700000              76800  7.5657553521894072E-01
    67   6.3650000              76800  7.5657482231932893E-01
    68   6.4600000              76800  7.5657407985624747E-01
    69   6.5550000              76800  7.5657330837624404E-01
    70   6.6500000              76800  7.5657249786551217E-01
    71   6.7450000              76800  7.5657163241848591E-01
    72   6.8400000              76800  7.5657070016242678E-01
    73   6.9350000              76800  7.5656969959692599E-01
    74   7.0300000              76800  7.5656863724877266E-01
    75   7.1250000              76800  7.5656751976403913E-01
    76   7.2200000              76800  7.5656634706656611E-01
    77   7.3150000              76800  7.5656511055753217E-01
    78   7.4100000              76800  7.5656379611224989E-01
    79   7.5050000              76800  7.5656238943392795E-01
    80   7.6000000              76800  7.5656088025526280E-01
    81   7.6950000              76800  7.5655926176729416E-01
    82   7.7900000              76800  7.5655752556202693E-01
    83   7.8850000              76800  7.5655565731836150E-01
    84   7.9800000              76800  7.5655363663940434E-01
    85   8.0750000              76800  7.5655143842674211E-01
    86   8.1700000              76800  7.5654903284685915E-01
    87   8.2650000              76800  7.5654638593685308E-01
    88   8.3600000              76800  7.5654346380787096E-01
    89   8.4550000              76800  7.5654023766654410E-01
    90   8.5500000              76800  7.5653668306790123E-01
    91   8.6450000              76800  7.5653277204512115E-01
    92   8.7400000              76800  7.5652846426579035E-01
    93   8.8350000              76800  7.5652370273458303E-01
    94   8.9300000              76800  7.5651841493762939E-01
    95   9.0250000              76800  7.5651251951464238E-01
    96   9.1200000              76800  7.5650593634696373E-01
    97   9.2150000              76800  7.5649859237903638E-01
    98   9.3100000              76800  7.5649041792671967E-01
    99   9.4050000              76800  7.5648133891845581E-01
   100   9.5000000              76800  7.5647127349324994E-01
   101   9.5950000              76800  7.5646013253145861E-01
   102   9.6900000              76800  7.5644781618545243E-01
   103   9.7850000              76800  7.5643420185710974E-01
   104   9.8800000              76800  7.5641913019548235E-01
   105   9.9750000              76800  7.5640240291413408E-01
   106   10.070000              76800  7.5638379924655563E-01
   107   10.165000              76800  7.5636310082441538E-01
   108   10.260000              76800  7.5634010505172378E-01
   109   10.355000              76800  7.5631461549471979E-01
   110   10.450000              76800  7.5628641655423645E-01
   111   10.545000              76800  7.5625525158264328E-01
   112   10.640000              76800  7.5622081777472450E-01
   113   10.735000              76800  7.5618277398660760E-01
   114   10.830000              76800  7.5614074841338219E-01
   115   10.925000              76800  7.5609433943416859E-01
   116   11.020000              76800  7.5604311118010692E-01
   117   11.115000              76800  7.5598658466059399E-01
   118   11.210000              76800  7.5592422450910868E-01
   119   11.305000              76800  7.5585542823670759E-01
   120   11.400000              76800  7.5577952812154736E-01
   121   11.495000              76800  7.5569580595178776E-01
   122   11.590000              76800  7.5560350655812236E-01
   123   11.685000              76800  7.5550183399888560E-01
   124   11.780000              76800  7.5538992917180570E-01
   125   11.875000              76800  7.5526684486508544E-01
   126   11.970000              76800  7.5513153452888204E-01
   127   12.065000              76800  7.5498285496953965E-01
   128   12.160000              76800  7.5481957140348921E-01
   129   12.255000              76800  7.5464035858776746E-01
   130   12.350000              76800  7.5444380388643228E-01
   131   12.445000              76800  7.5422841559574860E-01
   132   12.540000              76800  7.5399262365751818E-01
   133   12.635000              76800  7.5373475956660863E-01
   134   12.730000              76800  7.5345303235413463E-01
   135   12.825000              76800  7.5314554653380050E-01
   136   12.920000              76800  7.5281038247784893E-01
   137   13.015000              76800  7.5244568731826356E-01
   138   13.110000              76800  7.5204968765844593E-01
   139   13.205000              76800  7.5162059878730614E-01
   140   13.300000              76800  7.5115651184960064E-01
   141   13.395000              76800  7.5065536858841919E-01
   142   13.490000              76800  7.5011505937571710E-01
   143   13.585000              76800  7.4953358649152158E-01
   144   13.680000              76800  7.4890917812535296E-01
   145   13.775000              76800  7.4824028271078213E-01
   146   13.870000              76800  7.4752550735451684E-01
   147   13.965000              76800  7.4676363480905095E-01
   148   14.060000              76800  7.4595377510884409E-01
   149   14.155000              76800  7.4509553599992762E-01
   150   14.250000              76800  7.4418905506959965E-01
   151   14.345000              76800  7.4323487924315845E-01
   152   14.440000              76800  7.4223381808088762E-01
   153   14.535000              76800  7.4118685823283403E-01
   154   14.630000              76800  7.4009511828115637E-01
   155   14.725000              76800  7.3895983641131058E-01
   156   14.820000              76800  7.3778243827294521E-01
   157   14.915000              76800  7.3656463233420688E-01
   158   15.010000              76800  7.3530837044518182E-01
   159   15.105000              76800  7.3401566681933328E-01
   160   15.200000              76800  7.3268839710089395E-01
   161   15.295000              76800  7.3132817992356591E-01
   162   15.390000              76800  7.2993629398843218E-01
   163   15.485000              76800  7.2851362743030235E-01
   164   15.580000              76800  7.2706070140859480E-01
   165   15.675000              76800  7.2557769746199785E-01
   166   15.770000              76800  7.2406433987218410E-01
   167   15.865000              76800  7.2251963159379318E-01
   168   15.960000              76800  7.2094170447898898E-01
   169   16.055000              76800  7.1932796455289028E-01
   170   16.150000              76800  7.1767539058205254E-01
   171   16.245000              76800  7.1598076176265157E-01
   172   16.340000              76800  7.1424074939024917E-01
   173   16.435000              76800  7.1245197113377767E-01
   174   16.530000              76800  7.1061117633269300E-01
   175   16.625000              76800  7.0871553795207753E-01
   176   16.720000              76800  7.0676305035462406E-01
   177   16.815000              76800  7.0475314896883734E-01
   178   16.910000              76800  7.0268754649577714E-01
   179   17.005000              76800  7.0057091423713991E-01
   180   17.100000              76800  6.9841116358661648E-01
   181   17.195000              76800  6.9621956789865591E-01
   182   17.290000              76800  6.9401100783358050E-01
   183   17.385000              76800  6.9180424970601062E-01
   184   17.480000              76800  6.8962190114781552E-01
   185   17.575000              76800  6.8748978440103370E-01
   186   17.670000              76800  6.8543587115581806E-01
   187   17.765000              76800  6.8348914861185872E-01
   188   17.860000              76800  6.8167871348521780E-01
   189   17.955000              76800  6.8003298974591919E-01
   190   18.050000              76800  6.7857888691939361E-01
   191   18.145000              76800  6.7734111856788348E-01
   192   18.240000              76800  6.7634186569129306E-01
   193   18.335000              76800  6.7560065688380788E-01
   194   18.430000              76800  6.7513388230812299E-01
   195   18.525000              76800  6.7495384672808378E-01
   196   18.620000              76800  6.7506795386717522E-01
   197   18.715000              76800  6.7547858582876885E-01
   198   18.810000              76800  6.7618346821749009E-01
   199   18.905000              76800  6.7717566803173213E-01
   200   19.000000              76800  6.7844307620797306E-01
   201   19.095000              76800  6.7996853648831257E-01
   202   19.190000              76800  6.8173144576286349E-01
   203   19.285000              76800  6.8370942587378525E-01
   204   19.380000              76800  6.8587859011772989E-01
   205   19.475000              76800  6.8821328802774095E-01
   206   19.570000              76800  6.9068645863637335E-01
   207   19.665000              76800  6.9326992586463343E-01
   208   19.760000              76800  6.9593400863305854E-01
   209   19.855000              76800  6.9864731254057277E-01
   210   19.950000              76800  7.0137750473793936E-01
   211   20.045000              76800  7.0409216510181083E-01
   212   20.140000              76800  7.0675845234044377E-01
   213   20.235000              76800  7.0934281210038264E-01
   214   20.330000              76800  7.1181260645339073E-01
   215   20.425000              76800  7.1413855610729704E-01
   216   20.520000              76800  7.1629579276512634E-01
   217   20.615000              76800  7.1826321616665012E-01
   218   20.710000              76800  7.2002259383418532E-01
   219   20.805000              76800  7.2155828974383396E-01
   220   20.900000              76800  7.2285671188659251E-01
   221   20.995000              76800  7.2390477768288197E-01
   222   21.090000              76800  7.2468810371785475E-01
   223   21.185000              76800  7.2519053975937275E-01
   224   21.280000              76800  7.2539534503512582E-01
   225   21.375000              76800  7.2528609490623341E-01
   226   21.470000              76800  7.2484647287037740E-01
   227   21.565000              76800  7.2406098475390457E-01
   228   21.660000              76800  7.2291831936587236E-01
   229   21.755000              76800  7.2141553769308331E-01
   230   21.850000              76800  7.1956001517851875E-01
   231   21.945000              76800  7.1736784440264345E-01
   232   22.040000              76800  7.1486073388084792E-01
   233   22.135000              76800  7.1206466296673210E-01
   234   22.230000              76800  7.0900970348737768E-01
   235   22.325000              76800  7.0572866988518257E-01
   236   22.420000              76800  7.0225472088400953E-01
   237   22.515000              76800  6.9861919308826870E-01
   238   22.610000              76800  6.9485070699736484E-01
   239   22.705000              76800  6.9097520496946108E-01
   240   22.800000              76800  6.8701608151896720E-01
   241   22.895000              76800  6.8299520095224264E-01
   242   22.990000              76800  6.7893520013841768E-01
   243   23.085000              76800  6.7486157839796967E-01
   244   23.180000              76800  6.7080323324797830E-01
   245   23.275000              76800  6.6679193306982132E-01
   246   23.370000              76800  6.6286188070291852E-01
   247   23.465000              76800  6.5904957811391851E-01
   248   23.560000              76800  6.5539374794744565E-01
   249   23.655000              76800  6.5193459157703160E-01
   250   23.750000              76800  6.4871149558013796E-01
   251   23.845000              76800  6.4576000083122009E-01
   252   23.940000              76800  6.4311003111429965E-01
   253   24.035000              76800  6.4078522908090463E-01
   254   24.130000              76800  6.3880139301121996E-01
   255   24.225000              76800  6.3716506741013035E-01
   256   24.320000              76800  6.3587457654708168E-01
   257   24.415000              76800  6.3492219248833104E-01
   258   24.510000              76800  6.3429460339903154E-01
   259   24.605000              76800  6.3397265282899429E-01
   260   24.700000              76800  6.3393300190758894E-01
   261   24.795000              76800  6.3414983821518434E-01
   262   24.890000              76800  6.3459503020868868E-01
   263   24.985000              76800  6.3523964064540461E-01
   264   25.080000              76800  6.3605605981964630E-01
   265   25.175000              76800  6.3701729566387411E-01
   266   25.270000              76800  6.3809585265331514E-01
   267   25.365000              76800  6.3926406829275495E-01
   268   25.460000              76800  6.4049173424075834E-01
   269   25.555000              76800  6.4174112998624189E-01
   270   25.650000              76800  6.4296423945798153E-01
   271   25.745000              76800  6.4410346529230900E-01
   272   25.840000              76800  6.4509550003964256E-01
   273   25.935000              76800  6.4587834631098806E-01
   274   26.030000              76800  6.4640092370541224E-01
   275   26.125000              76800  6.4663121865025741E-01
   276   26.220000              76800  6.4656160249579864E-01
   277   26.315000              76800  6.4621169054263239E-01
   278   26.410000              76800  6.4562503429261775E-01
   279   26.505000              76800  6.4486194586272827E-01
   280   26.600000              76800  6.4399331333753063E-01
   281   26.695000              76800  6.4309319320264924E-01
   282   26.790000              76800  6.4223025323857652E-01
   283   26.885000              76800  6.4146158128197128E-01
   284   26.980000              76800  6.4082792547458689E-01
   285   27.075000              76800  6.4034880407860828E-01
   286   27.170000              76800  6.4002057235728227E-01
   287   27.265000              76800  6.3982172640181112E-01
   288   27.360000              76800  6.3972380844707433E-01
   289   27.455000              76800  6.3970100644284844E-01
   290   27.550000              76800  6.3973462205609610E-01
   291   27.645000              76800  6.3981480283069048E-01
   292   27.740000              76800  6.3994350401830669E-01
   293   27.835000              76800  6.4013635509144673E-01
   294   27.930000              76800  6.4041674738075449E-01
   295   28.025000              76800  6.4080970490308720E-01
   296   28.120000              76800  6.4134368060881985E-01
   297   28.215000              76800  6.4204913706713107E-01
   298   28.310000              76800  6.4295093525102609E-01
   299   28.405000              76800  6.4406478332016581E-01
   300   28.500000              76800  6.4539816654331705E-01
   301   28.595000              76800  6.4694934279543637E-01
   302   28.690000              76800  6.4870436035147938E-01
   303   28.785000              76800  6.5063674273315864E-01
   304   28.880000              76800  6.5271017694747546E-01
   305   28.975000              76800  6.5488146815739134E-01
   306   29.070000              76800  6.5710185334591731E-01
   307   29.165000              76800  6.5931603735463340E-01
   308   29.260000              76800  6.6146267219657751E-01
   309   29.355000              76800  6.6347840564285865E-01
   310   29.450000              76800  6.6530235533253756E-01
   311   29.545000              76800  6.6687882569688206E-01
   312   29.640000              76800  6.6816055669646213E-01
   313   29.735000              76800  6.6911459886534530E-01
   314   29.830000              76800  6.6972708916488843E-01
   315   29.925000              76800  6.7000407922319050E-01
   316   30.020000              76800  6.6997022617528024E-01
   317   30.115000              76800  6.6966545312245240E-01
   318   30.210000              76800  6.6913872522152651E-01
   319   30.305000              76800  6.6844261206770450E-01
   320   30.400000              76800  6.6762973937867343E-01
   321   30.495000              76800  6.6674927746306356E-01
   322   30.590000              76800  6.6584544059488371E-01
   323   30.685000              76800  6.6495978696984359E-01
   324   30.780000              76800  6.6413582952007422E-01
   325   30.875000              76800  6.6342139185342597E-01
   326   30.970000              76800  6.6286580690807306E-01
   327   31.065000              76800  6.6251434155848821E-01
   328   31.160000              76800  6.6240313694094866E-01
   329   31.255000              76800  6.6255549802990332E-01
   330   31.350000              76800  6.6298057629762996E-01
   331   31.445000              76800  6.6367260396264705E-01
   332   31.540000              76800  6.6460801175119077E-01
   333   31.635000              76800  6.6574421380017901E-01
   334   31.730000              76800  6.6702107821802004E-01
   335   31.825000              76800  6.6836292327254521E-01
   336   31.920000              76800  6.6968407319881518E-01
   337   32.015000              76800  6.7089901931749407E-01
   338   32.110000              76800  6.7193060556434148E-01
   339   32.205000              76800  6.7271076243707750E-01
   340   32.300000              76800  6.7317949489487117E-01
   341   32.395000              76800  6.7328804190059377E-01
   342   32.490000              76800  6.7300256950465931E-01
   343   32.585000              76800  6.7230771342334728E-01
   344   32.680000              76800  6.7120708281964148E-01
   345   32.775000              76800  6.6972156964373242E-01
   346   32.870000              76800  6.6789154228659120E-01
   347   32.965000              76800  6.6577362618758229E-01
   348   33.060000              76800  6.6342819384291940E-01
   349   33.155000              76800  6.6090965299188409E-01
   350   33.250000              76800  6.5826412502452980E-01
   351   33.345000              76800  6.5552635855705099E-01
   352   33.440000              76800  6.5271603442957993E-01
   353   33.535000              76800  6.4984368752737098E-01
   354   33.630000              76800  6.4692032874084804E-01
   355   33.725000              76800  6.4396350161841887E-01
   356   33.820000              76800  6.4100201399486956E-01
   357   33.915000              76800  6.3807192736911267E-01
   358   34.010000              76800  6.3520612208965277E-01
   359   34.105000              76800  6.3242832014230776E-01
   360   34.200000              76800  6.2974994543825935E-01
   361   34.295000              76800  6.2717400342304597E-01
   362   34.390000              76800  6.2470665374342538E-01
   363   34.485000              76800  6.2235987369481527E-01
   364   34.580000              76800  6.2014052632170236E-01
   365   34.675000              76800  6.1803824496378557E-01
   366   34.770000              76800  6.1602537272922153E-01
   367   34.865000              76800  6.1406891235857719E-01
   368   34.960000              76800  6.1214401238925009E-01
   369   35.055000              76800  6.1024688690844120E-01
   370   35.150000              76800  6.0840270978129429E-01
   371   35.245000              76800  6.0666316700306488E-01
   372   35.340000              76800  6.0509913583327224E-01
   373   35.435000              76800  6.0379163703571082E-01
   374   35.530000              76800  6.0282020846528606E-01
   375   35.625000              76800  6.0225371300809949E-01
   376   35.720000              76800  6.0214455003740719E-01
   377   35.815000              76800  6.0252399810998347E-01
   378   35.910000              76800  6.0340221192549293E-01
   379   36.005000              76800  6.0477017975040814E-01
   380   36.100000              76800  6.0659839676017502E-01
   381   36.195000              76800  6.0883671414903962E-01
   382   36.290000              76800  6.1142083092636124E-01
   383   36.385000              76800  6.1428102859271372E-01
   384   36.480000              76800  6.1734566167300764E-01
   385   36.575000              76800  6.2054149699630390E-01
   386   36.670000              76800  6.2379601750897407E-01
   387   36.765000              76800  6.2704123723005478E-01
   388   36.860000              76800  6.3021938470880823E-01
   389   36.955000              76800  6.3329010700423993E-01
   390   37.050000              76800  6.3623383298068648E-01
   391   37.145000              76800  6.3904755474088537E-01
   392   37.240000              76800  6.4173842326364738E-01
   393   37.335000              76800  6.4432183405820365E-01
   394   37.430000              76800  6.4682118159383628E-01
   395   37.525000              76800  6.4926382430433383E-01
   396   37.620000              76800  6.5167431771705209E-01
   397   37.715000              76800  6.5406788393179571E-01
   398   37.810000              76800  6.5644528730052976E-01
   399   37.905000              76800  6.5879169701028384E-01
   400   38.000000              76800  6.6108214324786707E-01
   401   38.095000              76800  6.6328980936378068E-01
   402   38.190000              76800  6.6538973341005336E-01
   403   38.285000              76800  6.6735839866204905E-01
   404   38.380000              76800  6.6917435385104929E-01
   405   38.475000              76800  6.7081953854436094E-01
   406   38.570000              76800  6.7228326743611322E-01
   407   38.665000              76800  6.7357105554808316E-01
   408   38.760000              76800  6.7471139180141937E-01
   409   38.855000              76800  6.7575168320153811E-01
   410   38.950000              76800  6.7674455406525236E-01
   411   39.045000              76800  6.7773547199022866E-01
   412   39.140000              76800  6.7875932435049968E-01
   413   39.235000              76800  6.7984422127128941E-01
   414   39.330000              76800  6.8101413581876646E-01
   415   39.425000              76800  6.8228706761442726E-01
   416   39.520000              76800  6.8367241211895124E-01
   417   39.615000              76800  6.8516775415468623E-01
   418   39.710000              76800  6.8675540694118387E-01
   419   39.805000              76800  6.8840343215005495E-01
   420   39.900000              76800  6.9007300772708224E-01
   421   39.995000              76800  6.9172955612076148E-01
   422   40.090000              76800  6.9335149250749195E-01
