! EM field energy per field component
  Iter        Time                          B1                      B2                      B3                      E1                      E2                      E3
     0   0.0000000      0.0000000000000000E+00  0.0000000000000000E+00  0.0000000000000000E+00  0.0000000000000000E+00  0.0000000000000000E+00  0.0000000000000000E+00
     1  0.95000000E-01  0.0000000000000000E+00  5.6063018643313772E-10  6.2346182141510376E-10  5.0914540041118543E-09  7.4219698362546336E-09  7.6913720599061077E-09
     2  0.19000000      0.0000000000000000E+00  6.3831836815129085E-09  7.2178025745688445E-09  2.0123653112328679E-08  2.2226036114688633E-08  2.2830847734501495E-08
     3  0.28500000      0.0000000000000000E+00  1.9803138029262890E-08  2.2978100429939579E-08  4.4328007126602141E-08  3.5858939044266134E-08  3.6283206143580662E-08
     4  0.38000000      0.0000000000000000E+00  3.5703071318749528E-08  4.3113283804612437E-08  7.6435684896224878E-08  4.8174304528089589E-08  4.7544523217822169E-08
     5  0.47500000      0.0000000000000000E+00  4.9188920217459714E-08  6.3920348437525351E-08  1.1475205460614656E-07  5.9335245533582817E-08  5.8020096652198055E-08
     6  0.57000000      0.0000000000000000E+00  6.0180252501230371E-08  8.7323804339107627E-08  1.5725597557222328E-07  6.6430694257961604E-08  6.6572176180880907E-08
     7  0.66500000      0.0000000000000000E+00  7.1588845809157750E-08  1.1650801019429750E-07  2.0171769396164808E-07  6.7060726902634049E-08  7.0357765064848665E-08
     8  0.76000000      0.0000000000000000E+00  8.4436494049854064E-08  1.4971837289633711E-07  2.4582806634430423E-07  6.3670055764759699E-08  6.9396081014237338E-08
     9  0.85500000      0.0000000000000000E+00  9.7892447846542059E-08  1.8087086951711460E-07  2.8733186270550152E-07  6.1024088309621293E-08  6.5711535149068912E-08
    10  0.95000000      0.0000000000000000E+00  1.1240788596381739E-07  2.0468444865766901E-07  3.2415689895652300E-07  6.1043238861251470E-08  5.9096338273482405E-08
    11   1.0450000      0.0000000000000000E+00  1.2824938542570602E-07  2.1902128116344242E-07  3.5453128319172594E-07  6.2803494428677355E-08  4.8814932035252521E-08
    12   1.1400000      0.0000000000000000E+00  1.4225739229840396E-07  2.2516997253391917E-07  3.7708179012912342E-07  6.4723713822838188E-08  3.7619342792964383E-08
    13   1.2350000      0.0000000000000000E+00  1.4956030076103520E-07  2.2807977094998790E-07  3.9090753884372821E-07  6.4979858828517870E-08  3.0576610224725211E-08
    14   1.3300000      0.0000000000000000E+00  1.4972319267273186E-07  2.3384840980644540E-07  3.9562492822365638E-07  6.3617622271850552E-08  2.8285113054563792E-08
    15   1.4250000      0.0000000000000000E+00  1.4647650396986169E-07  2.4784509224758299E-07  3.9138103644978630E-07  6.1812999105422087E-08  2.7379821770758087E-08
    16   1.5200000      0.0000000000000000E+00  1.4212385333634980E-07  2.7398378021089455E-07  3.7883591952016636E-07  5.8790573536217092E-08  2.6703506651170531E-08
    17   1.6150000      0.0000000000000000E+00  1.3621011841818811E-07  3.1216183380418863E-07  3.5911417044449814E-07  5.3214490653578967E-08  2.7772557878208092E-08
    18   1.7100000      0.0000000000000000E+00  1.2799946876534386E-07  3.5807489872746346E-07  3.3372985590317060E-07  4.5377527332576557E-08  3.1570223591885175E-08
    19   1.8050000      0.0000000000000000E+00  1.1868252309678471E-07  4.0644715694992569E-07  3.0448894450184212E-07  3.8022256985121734E-08  3.5764652003079088E-08
    20   1.9000000      0.0000000000000000E+00  1.0822576335401678E-07  4.5562247305678665E-07  2.7337535599958317E-07  3.3693165752254274E-08  3.9136856904831566E-08
    21   1.9950000      0.0000000000000000E+00  9.4311813687540257E-08  5.0861875680960251E-07  2.4242827307948125E-07  3.1469516582477070E-08  4.3773606164047576E-08
    22   2.0900000      0.0000000000000000E+00  7.7319858180438540E-08  5.6727948872912086E-07  2.1361779032887214E-07  3.0013178167324195E-08  4.9513136090575501E-08
    23   2.1850000      0.0000000000000000E+00  6.1170251709040595E-08  6.2856733897385834E-07  1.8872719009541476E-07  3.0824620950574491E-08  5.3434598977760769E-08
    24   2.2800000      0.0000000000000000E+00  4.9457446633281656E-08  6.8934445514112524E-07  1.6924827096690119E-07  3.5249101624676504E-08  5.3653829690484901E-08
    25   2.3750000      0.0000000000000000E+00  4.1128833255980795E-08  7.5115676347195984E-07  1.5629639904778330E-07  4.1991471048217499E-08  5.3471968895825539E-08
    26   2.4700000      0.0000000000000000E+00  3.3833809500341368E-08  8.1860425870753676E-07  1.5054984291239810E-07  4.8174641580368534E-08  5.6716107251101813E-08
    27   2.5650000      0.0000000000000000E+00  3.0619097976990108E-08  8.9389241261953687E-07  1.5221689190044594E-07  5.1863051100526776E-08  5.8912747535491915E-08
    28   2.6600000      0.0000000000000000E+00  3.4296644501650920E-08  9.7425072008991413E-07  1.6103202098184589E-07  5.3392083153599859E-08  5.4901563157410009E-08
    29   2.7550000      0.0000000000000000E+00  4.1479740374468741E-08  1.0559048324038925E-06  1.7628201990242732E-07  5.4428722390563406E-08  4.6929474217617748E-08
    30   2.8500000      0.0000000000000000E+00  4.7344395840383766E-08  1.1411901733513321E-06  1.9685890791758090E-07  5.5414526259608211E-08  3.9674221600905584E-08
    31   2.9450000      0.0000000000000000E+00  5.1424785769310077E-08  1.2393685059281979E-06  2.2133631869326312E-07  5.6452797047157204E-08  3.3809491932885013E-08
    32   3.0400000      0.0000000000000000E+00  5.6170413078138573E-08  1.3601434805593239E-06  2.4806478039414019E-07  5.9602205276997789E-08  2.7339243596493008E-08
    33   3.1350000      0.0000000000000000E+00  6.1324962015216797E-08  1.5081411740135598E-06  2.7527896044902297E-07  6.5267131366308103E-08  2.1803184378907933E-08
    34   3.2300000      0.0000000000000000E+00  6.4353249297064682E-08  1.6794310127793760E-06  3.0121015743057329E-07  6.9818391053177522E-08  2.1295708500007063E-08
    35   3.3250000      0.0000000000000000E+00  6.5556619252958386E-08  1.8613891655471410E-06  3.2419743033522075E-07  6.9421691741645494E-08  2.5721942618011807E-08
    36   3.4200000      0.0000000000000000E+00  6.7088941731568682E-08  2.0396861450463265E-06  3.4279024708548755E-07  6.3760157587745055E-08  3.1803491877768131E-08
    37   3.5150000      0.0000000000000000E+00  6.8374420535803835E-08  2.2080006311799836E-06  3.5583635974323082E-07  5.5579065697748097E-08  3.8708122394323937E-08
    38   3.6100000      0.0000000000000000E+00  6.6777310882455166E-08  2.3715120533473192E-06  3.6254950942304922E-07  4.7154932876262108E-08  4.8185331737798269E-08
    39   3.7050000      0.0000000000000000E+00  6.3331082975797499E-08  2.5396141239019172E-06  3.6255338636025463E-07  4.0616081314066133E-08  5.8443019621804854E-08
    40   3.8000000      0.0000000000000000E+00  6.2427857539920181E-08  2.7183944461065869E-06  3.5589903716901786E-07  3.9351720621450614E-08  6.4572100359792447E-08
    41   3.8950000      0.0000000000000000E+00  6.5504954055989204E-08  2.9130300586142631E-06  3.4305487520680833E-07  4.4833548847514126E-08  6.5503779715877407E-08
    42   3.9900000      0.0000000000000000E+00  7.0117998570638128E-08  3.1317102893416215E-06  3.2487042974556739E-07  5.6215804180479953E-08  6.4339842547428197E-08
    43   4.0850000      0.0000000000000000E+00  7.5242413106044709E-08  3.3842633090677615E-06  3.0251709676776637E-07  7.3820267884096857E-08  6.2156423871401003E-08
    44   4.1800000      0.0000000000000000E+00  8.3909496540508704E-08  3.6814481530106418E-06  2.7741007580344373E-07  9.6460928082060389E-08  5.4902901946010670E-08
    45   4.2750000      0.0000000000000000E+00  9.6411220422369491E-08  4.0327879255148392E-06  2.5111652642780626E-07  1.1942196745059197E-07  4.1548264631448002E-08
    46   4.3700000      0.0000000000000000E+00  1.0631103769851692E-07  4.4408846763696850E-06  2.2525567451070861E-07  1.3973246475079374E-07  2.9277772316034173E-08
    47   4.4650000      0.0000000000000000E+00  1.0936132352092403E-07  4.9013909019210561E-06  2.0139666920254856E-07  1.5701051296465698E-07  2.2980182726705918E-08
    48   4.5600000      0.0000000000000000E+00  1.0797370983162702E-07  5.4078202336771767E-06  1.8096093215274820E-07  1.7118091762859344E-07  2.0892785118263115E-08
    49   4.6550000      0.0000000000000000E+00  1.0625998635500864E-07  5.9566373242633520E-06  1.6513536936546779E-07  1.8226418893166021E-07  2.0761473943360143E-08
    50   4.7500000      0.0000000000000000E+00  1.0607509385793943E-07  6.5510995224858501E-06  1.5480219090147788E-07  1.8957169614018322E-07  2.2950761242202531E-08
    51   4.8450000      0.0000000000000000E+00  1.0689495225903748E-07  7.1969232743645308E-06  1.5048912487249782E-07  1.9264922712169931E-07  2.9130585473623837E-08
    52   4.9400000      0.0000000000000000E+00  1.0901048250695198E-07  7.8906666433645773E-06  1.5234323507928621E-07  1.9458632426720359E-07  3.7161590795860293E-08
    53   5.0350000      0.0000000000000000E+00  1.1177999620468797E-07  8.6184705055607576E-06  1.6012927167678887E-07  1.9782883411990606E-07  4.3991889924864345E-08
    54   5.1300000      0.0000000000000000E+00  1.1160940167467323E-07  9.3679818006285035E-06  1.7325149530105493E-07  1.9858552343017047E-07  5.0180647288816213E-08
    55   5.2250000      0.0000000000000000E+00  1.0621857828206848E-07  1.0136778025258693E-05  1.9079828979347479E-07  1.9422667277157066E-07  5.6420524824602615E-08
    56   5.3200000      0.0000000000000000E+00  9.7595631436275351E-08  1.0934562047041094E-05  2.1160532318951020E-07  1.8843373774747116E-07  6.0837228197361003E-08
    57   5.4150000      0.0000000000000000E+00  8.9893252774132789E-08  1.1780221723439387E-05  2.3433464613401244E-07  1.8614389968088662E-07  6.0480553109611467E-08
    58   5.5100000      0.0000000000000000E+00  8.4011507651644744E-08  1.2694469194408163E-05  2.5756303902629746E-07  1.8907894813556852E-07  5.6469197859283433E-08
    59   5.6050000      0.0000000000000000E+00  7.7518796127286945E-08  1.3695432619653334E-05  2.7987339871039279E-07  1.9775959917168110E-07  5.3304222342593676E-08
    60   5.7000000      0.0000000000000000E+00  7.0218562223332599E-08  1.4803010220435508E-05  2.9994407060573186E-07  2.1386611692336961E-07  5.1736219940436602E-08
    61   5.7950000      0.0000000000000000E+00  6.4089094612147438E-08  1.6045329844254198E-05  3.1663042237052206E-07  2.3870587809048898E-07  4.9151522228313180E-08
    62   5.8900000      0.0000000000000000E+00  5.9281261573560737E-08  1.7456112395196256E-05  3.2903420918365331E-07  2.7189074984047887E-07  4.4538758991246535E-08
    63   5.9850000      0.0000000000000000E+00  5.3607208675539664E-08  1.9064371150177438E-05  3.3655569095212430E-07  3.0996832068403338E-07  3.9806879691358838E-08
    64   6.0800000      0.0000000000000000E+00  4.6702548185025228E-08  2.0882458726610565E-05  3.3892507476124794E-07  3.4740977021688551E-07  3.5580373014794252E-08
    65   6.1750000      0.0000000000000000E+00  4.0821266867823904E-08  2.2898782668766070E-05  3.3621182850096300E-07  3.7905152178982509E-07  3.0632220141344371E-08
    66   6.2700000      0.0000000000000000E+00  3.6880206871903578E-08  2.5079252284871584E-05  3.2881248494911535E-07  4.0267024665266322E-07  2.6196963629827019E-08
    67   6.3650000      0.0000000000000000E+00  3.3621667429864070E-08  2.7381085874057388E-05  3.1741775503462851E-07  4.2024863872590719E-07  2.5696850428011870E-08
    68   6.4600000      0.0000000000000000E+00  3.1111920437410820E-08  2.9779762910409570E-05  3.0296134059807233E-07  4.3629765253923008E-07  3.0015654920646898E-08
    69   6.5550000      0.0000000000000000E+00  3.4007105029221219E-08  3.2298081179684551E-05  2.8655367984456553E-07  4.5042117396914164E-07  3.3062161524441723E-08
    70   6.6500000      0.0000000000000000E+00  4.3829524192203723E-08  3.5003726049428956E-05  2.6940542772421154E-07  4.6216163017269598E-07  3.0872212727390121E-08
    71   6.7450000      0.0000000000000000E+00  5.1337858878800025E-08  3.7973787634366742E-05  2.5274632796619746E-07  4.8232490075872355E-07  3.2564369996484018E-08
    72   6.8400000      0.0000000000000000E+00  5.0656885623818657E-08  4.1266992361701528E-05  2.3774475137990411E-07  5.1694175070583564E-07  4.3695626360510884E-08
    73   6.9350000      0.0000000000000000E+00  4.7032462083035304E-08  4.4904974943514208E-05  2.2543244410397046E-07  5.5971551121072502E-07  5.7832435973321914E-08
    74   7.0300000      0.0000000000000000E+00  4.7399183734073171E-08  4.8869193420809259E-05  2.1663930529384976E-07  6.0565674068917773E-07  6.7946900543910998E-08
    75   7.1250000      0.0000000000000000E+00  5.4529812562365111E-08  5.3130693911191041E-05  2.1194202612017907E-07  6.5587552255222681E-07  7.1581478989750254E-08
    76   7.2200000      0.0000000000000000E+00  6.7325609868804991E-08  5.7690911411506458E-05  2.1163013115305220E-07  7.1383105358690250E-07  6.9868340232734707E-08
    77   7.3150000      0.0000000000000000E+00  8.4415034749127158E-08  6.2603063774952533E-05  2.1569215757793726E-07  7.8059768309182308E-07  6.3005622251878833E-08
    78   7.4100000      0.0000000000000000E+00  1.0403156449916563E-07  6.7958242783187450E-05  2.2382170736816549E-07  8.5631195824997957E-07  5.1091669360482620E-08
    79   7.5050000      0.0000000000000000E+00  1.2193655892051006E-07  7.3847719204136065E-05  2.3544361799920730E-07  9.4360783564609206E-07  3.7677687396426141E-08
    80   7.6000000      0.0000000000000000E+00  1.3423552407155319E-07  8.0330929848770720E-05  2.4975660957657524E-07  1.0459321053407443E-06  2.6934779753482484E-08
    81   7.6950000      0.0000000000000000E+00  1.4101083641278836E-07  8.7431862022753468E-05  2.6578884989391115E-07  1.1650895360907408E-06  1.9457689207031771E-08
    82   7.7900000      0.0000000000000000E+00  1.4464236690496689E-07  9.5167201838783160E-05  2.8246354860897705E-07  1.3014780523765576E-06  1.3817161217992013E-08
    83   7.8850000      0.0000000000000000E+00  1.4488714546542490E-07  1.0358380449413318E-04  2.9867153623059040E-07  1.4530756496066831E-06  1.2003567156400363E-08
    84   7.9800000      0.0000000000000000E+00  1.3984280359820846E-07  1.1276718421947699E-04  3.1334502252491762E-07  1.6163129256908567E-06  1.7649633780172922E-08
    85   8.0750000      0.0000000000000000E+00  1.3052865898241700E-07  1.2281313916582146E-04  3.2552773617977795E-07  1.7893069056746504E-06  2.9616333393827657E-08
    86   8.1700000      0.0000000000000000E+00  1.1962303038948480E-07  1.3379925609800086E-04  3.3443579975980044E-07  1.9707451225317067E-06  4.3265970430428112E-08
    87   8.2650000      0.0000000000000000E+00  1.0789019223173161E-07  1.4578836169588903E-04  3.3950651362476436E-07  2.1584982291242606E-06  5.4901573763272470E-08
    88   8.3600000      0.0000000000000000E+00  9.3496765840960569E-08  1.5885791776245098E-04  3.4043182190679496E-07  2.3495152403368802E-06  6.4285764410023982E-08
    89   8.4550000      0.0000000000000000E+00  7.6705075925982339E-08  1.7311681497095147E-04  3.3717542786878628E-07  2.5415605529538044E-06  7.0664636410707622E-08
    90   8.5500000      0.0000000000000000E+00  6.1501433387960967E-08  1.8868564468394779E-04  3.2997161973479783E-07  2.7351397131213038E-06  7.1042290021710091E-08
    91   8.6450000      0.0000000000000000E+00  5.0102630984939821E-08  2.0566029418699018E-04  3.1930569549240118E-07  2.9307565407424712E-06  6.5852423807046797E-08
    92   8.7400000      0.0000000000000000E+00  4.1590636299106890E-08  2.2409279089449617E-04  3.0587823397888065E-07  3.1279761769844822E-06  5.8667525857144751E-08
    93   8.8350000      0.0000000000000000E+00  3.5212657749313965E-08  2.4400909554390233E-04  2.9055627073427693E-07  3.3308111171645013E-06  5.1668395201301814E-08
    94   8.9300000      0.0000000000000000E+00  3.2952064348743909E-08  2.6546043481891468E-04  2.7431571121254141E-07  3.5502475897260648E-06  4.2951506805516561E-08
    95   9.0250000      0.0000000000000000E+00  3.5921671368496952E-08  2.8857727408260875E-04  2.5817728130464909E-07  3.8007975643050565E-06  3.1084717667914770E-08
    96   9.1200000      0.0000000000000000E+00  3.9164076372064500E-08  3.1358854085186216E-04  2.4314064530086033E-07  4.0953268038139931E-06  2.2155404750836638E-08
    97   9.2150000      0.0000000000000000E+00  3.8759484314060281E-08  3.4079097090394957E-04  2.3012204745346477E-07  4.4419291427335312E-06  2.0944924209982974E-08
    98   9.3100000      0.0000000000000000E+00  3.7685266961227807E-08  3.7048993577327451E-04  2.1989806505835393E-07  4.8445391441710986E-06  2.3893292710013934E-08
    99   9.4050000      0.0000000000000000E+00  3.9881016390573936E-08  4.0295978423880962E-04  2.1306001345234156E-07  5.3055798809171439E-06  2.6370659105723359E-08
   100   9.5000000      0.0000000000000000E+00  4.4794218252583062E-08  4.3845969302889793E-04  2.0998124754751313E-07  5.8255176885334564E-06  2.8789011373501518E-08
   101   9.5950000      0.0000000000000000E+00  4.9589188005002320E-08  4.7728508564821599E-04  2.1079961318815451E-07  6.4003987027665609E-06  3.3859861837412313E-08
   102   9.6900000      0.0000000000000000E+00  5.4262301465588223E-08  5.1979017430147333E-04  2.1541622469376929E-07  7.0243793979512237E-06  4.0470411329081703E-08
   103   9.7850000      0.0000000000000000E+00  6.0527756105356406E-08  5.6634619372803146E-04  2.2350984704997510E-07  7.6915580382979809E-06  4.5213881137110681E-08
   104   9.8800000      0.0000000000000000E+00  6.7020870741452878E-08  6.1726779465824037E-04  2.3456598625702377E-07  8.3941031418870223E-06  4.8763793959006742E-08
   105   9.9750000      0.0000000000000000E+00  7.1261548932928237E-08  6.7278012703603164E-04  2.4791724652029737E-07  9.1238771938415888E-06  5.3694293261127554E-08
   106   10.070000      0.0000000000000000E+00  7.4242806065324567E-08  7.3307264690884678E-04  2.6279293015398315E-07  9.8781641082384300E-06  5.8928544378800438E-08
   107   10.165000      0.0000000000000000E+00  7.9044002496510051E-08  7.9840714377935225E-04  2.7837480971698438E-07  1.0664531816595785E-05  6.0924461861193182E-08
   108   10.260000      0.0000000000000000E+00  8.5548388192615290E-08  8.6919790259910455E-04  2.9385482691624950E-07  1.1497818715201638E-05  5.9805467612096513E-08
   109   10.355000      0.0000000000000000E+00  9.1227825848691678E-08  9.4600445957060690E-04  3.0849090006016233E-07  1.2394079541327074E-05  5.8540367866841608E-08
   110   10.450000      0.0000000000000000E+00  9.6519637153439463E-08  1.0294523579443254E-03  3.2165733481493749E-07  1.3369906484327251E-05  5.6382835142224005E-08
   111   10.545000      0.0000000000000000E+00  1.0373445544116122E-07  1.1201575183324788E-03  3.3288463913433772E-07  1.4441758221127410E-05  5.0052722304710066E-08
   112   10.640000      0.0000000000000000E+00  1.1157777366025144E-07  1.2187129946942229E-03  3.4188956671358980E-07  1.5624285500082937E-05  4.0051669353722895E-08
   113   10.735000      0.0000000000000000E+00  1.1470914834526309E-07  1.3257377841581026E-03  3.4859176427044038E-07  1.6934962880156146E-05  3.2014503284732232E-08
   114   10.830000      0.0000000000000000E+00  1.1160516549521758E-07  1.4419531222751515E-03  3.5311734739841014E-07  1.8396094429601255E-05  2.8331282350608425E-08
   115   10.925000      0.0000000000000000E+00  1.0761342534972235E-07  1.5682394744150137E-03  3.5578782334686997E-07  2.0027048142553651E-05  2.4412171081715239E-08
   116   11.020000      0.0000000000000000E+00  1.0572572797171549E-07  1.7056378015023466E-03  3.5709484173282544E-07  2.1840159997367251E-05  1.9186826496643299E-08
   117   11.115000      0.0000000000000000E+00  1.0331087109728568E-07  1.8553032769843575E-03  3.5766486465620050E-07  2.3840435662589340E-05  1.7718019774213561E-08
   118   11.210000      0.0000000000000000E+00  9.8415347668205988E-08  2.0184410910951572E-03  3.5821603725289075E-07  2.6024665726145106E-05  2.2761849964374202E-08
   119   11.305000      0.0000000000000000E+00  9.2120124464455780E-08  2.1962429130974403E-03  3.5951235200446696E-07  2.8384077428870666E-05  3.2444153369442130E-08
   120   11.400000      0.0000000000000000E+00  8.6363128871169222E-08  2.3898403661150027E-03  3.6231610825909668E-07  3.0908578435802799E-05  4.2830680650462526E-08
   121   11.495000      0.0000000000000000E+00  8.0301016772164424E-08  2.6002958607617430E-03  3.6734014554593852E-07  3.3591329052887630E-05  5.3087936591159115E-08
   122   11.590000      0.0000000000000000E+00  7.2920309006042815E-08  2.8286481215894391E-03  3.7520645671355828E-07  3.6439546866476448E-05  6.3016409856577872E-08
   123   11.685000      0.0000000000000000E+00  6.6503762131065691E-08  3.0760201758506796E-03  3.8641585108640490E-07  3.9482316515581383E-05  6.9178902367844124E-08
   124   11.780000      0.0000000000000000E+00  6.3038026001009253E-08  3.3437616882626368E-03  4.0133084903099639E-07  4.2760456130180397E-05  6.9420402445601890E-08
   125   11.875000      0.0000000000000000E+00  6.1666069608517366E-08  3.6335518993154490E-03  4.2016722375674137E-07  4.6314839643934463E-05  6.5308155146939356E-08
   126   11.970000      0.0000000000000000E+00  6.0562504270943207E-08  3.9474102615646156E-03  4.4299338896761596E-07  5.0183261988583562E-05  5.9728026840691905E-08
   127   12.065000      0.0000000000000000E+00  6.0476458956537987E-08  4.2876224198957679E-03  4.6974575601507665E-07  5.4396167327353639E-05  5.2558259719581071E-08
   128   12.160000      0.0000000000000000E+00  6.3468960048564036E-08  4.6566226934045066E-03  5.0025792995504263E-07  5.8969568263604450E-05  4.1828008976552959E-08
   129   12.255000      0.0000000000000000E+00  6.7667222451444332E-08  5.0568854396939216E-03  5.3429481311466829E-07  6.3902350680780935E-05  3.0168073267787907E-08
   130   12.350000      0.0000000000000000E+00  6.9068286343310062E-08  5.4908750824399699E-03  5.7158985681757177E-07  6.9181522998107387E-05  2.2563481569694838E-08
   131   12.445000      0.0000000000000000E+00  6.6650181664954135E-08  5.9610773106540818E-03  6.1188041121107373E-07  7.4788103252044396E-05  2.0590882353060396E-08
   132   12.540000      0.0000000000000000E+00  6.2654178126369994E-08  6.4700771305943316E-03  6.5494346740655781E-07  8.0702097624579157E-05  2.2166894320460799E-08
   133   12.635000      0.0000000000000000E+00  5.8587687318075752E-08  7.0206074990747189E-03  7.0062094487698866E-07  8.6903490804428340E-05  2.6138243901252327E-08
   134   12.730000      0.0000000000000000E+00  5.4346179314407099E-08  7.6155042128851743E-03  7.4886797106275636E-07  9.3372370469478852E-05  3.2996498793260953E-08
   135   12.825000      0.0000000000000000E+00  5.1131603369888588E-08  8.2575737453122692E-03  7.9976443285143052E-07  1.0009402180833527E-04  4.0774267885673129E-08
   136   12.920000      0.0000000000000000E+00  5.0550900733466868E-08  8.9494614015740975E-03  8.5351158857607374E-07  1.0707101565380554E-04  4.5988053571205888E-08
   137   13.015000      0.0000000000000000E+00  5.0928468499957499E-08  9.6936336729849665E-03  9.1042671722754739E-07  1.1434031678919852E-04  4.8162650753446428E-08
   138   13.110000      0.0000000000000000E+00  4.6590779073402025E-08  1.0492548636052377E-02  9.7088706834783555E-07  1.2198606839097051E-04  5.2202210366932979E-08
   139   13.205000      0.0000000000000000E+00  3.6641384515005449E-08  1.1349005279858999E-02  1.0353411084431927E-06  1.3012669401539487E-04  5.9722513725813591E-08
   140   13.300000      0.0000000000000000E+00  3.0875503141003293E-08  1.2266522313689052E-02  1.1043144486742743E-06  1.3887973020165319E-04  6.1292980539499516E-08
   141   13.395000      0.0000000000000000E+00  3.5048995415033637E-08  1.3249499141089572E-02  1.1782537944719438E-06  1.4834480167054019E-04  5.3354470748561536E-08
   142   13.490000      0.0000000000000000E+00  4.4165840813318550E-08  1.4303026613077092E-02  1.2574020051700150E-06  1.5858243922478897E-04  4.4568286447021100E-08
   143   13.585000      0.0000000000000000E+00  5.3847143472203691E-08  1.5432428588302261E-02  1.3417338886989418E-06  1.6958691831367030E-04  4.0644841327835529E-08
   144   13.680000      0.0000000000000000E+00  6.4233824308437322E-08  1.6642783045442290E-02  1.4310817036757669E-06  1.8128595151249095E-04  4.0722294060387613E-08
   145   13.775000      0.0000000000000000E+00  7.7180999603507988E-08  1.7938664478160279E-02  1.5252853763364876E-06  1.9355141203148494E-04  4.0837674268143506E-08
   146   13.870000      0.0000000000000000E+00  9.2148649755135693E-08  1.9324105789281239E-02  1.6241858067465334E-06  2.0621029469443722E-04  3.9604222331053411E-08
   147   13.965000      0.0000000000000000E+00  1.0717377104471871E-07  2.0802580561634806E-02  1.7278168084736786E-06  2.1906008928624526E-04  3.7682188474518088E-08
   148   14.060000      0.0000000000000000E+00  1.2206183411200907E-07  2.2376857258996460E-02  1.8362941741873291E-06  2.3189961737713415E-04  3.4147120745660454E-08
   149   14.155000      0.0000000000000000E+00  1.3628450504226725E-07  2.4048817327801744E-02  1.9495937253393963E-06  2.4457815425519804E-04  2.8911846205225980E-08
   150   14.250000      0.0000000000000000E+00  1.4639573443123172E-07  2.5819483244739372E-02  2.0677693352977132E-06  2.5703251925753332E-04  2.5409855918518131E-08
   151   14.345000      0.0000000000000000E+00  1.4874733209113470E-07  2.7689354308814695E-02  2.1914179302322979E-06  2.6928798025759048E-04  2.7274073751717081E-08
   152   14.440000      0.0000000000000000E+00  1.4386807031129937E-07  2.9658884419658440E-02  2.3214088050872960E-06  2.8142898896822021E-04  3.3269716721373917E-08
   153   14.535000      0.0000000000000000E+00  1.3457821489661266E-07  3.1728839593224915E-02  2.4586216613022787E-06  2.9356296371948451E-04  3.9727498266615587E-08
   154   14.630000      0.0000000000000000E+00  1.2108823703874548E-07  3.3900404722371651E-02  2.6041762933779070E-06  3.0579313865614446E-04  4.6721612300949326E-08
   155   14.725000      0.0000000000000000E+00  1.0267944546398939E-07  3.6175072957522550E-02  2.7593568720838461E-06  3.1821004920207978E-04  5.5742723904559745E-08
   156   14.820000      0.0000000000000000E+00  8.1202747245931131E-08  3.8554362601784811E-02  2.9262265222193615E-06  3.3087759160383562E-04  6.5521527851255553E-08
   157   14.915000      0.0000000000000000E+00  6.0970876840382373E-08  4.1039328415709377E-02  3.1076350318964533E-06  3.4381074212229586E-04  7.1809319619790469E-08
   158   15.010000      0.0000000000000000E+00  4.4467222751396742E-08  4.3629953698807761E-02  3.3068574641263472E-06  3.5697246366959637E-04  7.2347041207356639E-08
   159   15.105000      0.0000000000000000E+00  3.0954982024702461E-08  4.6324764788933333E-02  3.5272239130765859E-06  3.7030158065406136E-04  6.8906608143535017E-08
   160   15.200000      0.0000000000000000E+00  2.1133891666469191E-08  4.9120952891752188E-02  3.7713249335190092E-06  3.8375118566787663E-04  6.1652557953539317E-08
   161   15.295000      0.0000000000000000E+00  1.6973111229259554E-08  5.2014869929981333E-02  4.0410079448696961E-06  3.9730091189250189E-04  4.9689947876253132E-08
   162   15.390000      0.0000000000000000E+00  1.8000527725369348E-08  5.5002477796195208E-02  4.3381615319629881E-06  4.1094385921120196E-04  3.5203135521840225E-08
   163   15.485000      0.0000000000000000E+00  2.0558623777451783E-08  5.8079476946653531E-02  4.6661155469860636E-06  4.2468189150197028E-04  2.3791328496320017E-08
   164   15.580000      0.0000000000000000E+00  2.2181899574866743E-08  6.1241219886363212E-02  5.0302921775401654E-06  4.3853850046942977E-04  1.9148492222195713E-08
   165   15.675000      0.0000000000000000E+00  2.5774220809759177E-08  6.4482668967992998E-02  5.4366554387160235E-06  4.5257728719997877E-04  1.7372296308622394E-08
   166   15.770000      0.0000000000000000E+00  3.2483142775678898E-08  6.7798515470812282E-02  5.8905512833918963E-06  4.6689845928034622E-04  1.5931760520690091E-08
   167   15.865000      0.0000000000000000E+00  3.7504916751335274E-08  7.1183459457421508E-02  6.3967327266128745E-06  4.8161401740898642E-04  1.9276888291805668E-08
   168   15.960000      0.0000000000000000E+00  3.7814838227557671E-08  7.4632613925522173E-02  6.9581754638779456E-06  4.9680860270422632E-04  2.9735540337899242E-08
   169   16.055000      0.0000000000000000E+00  3.6317278722944920E-08  7.8141837562360095E-02  7.5749108131263149E-06  5.1249328233726656E-04  4.3088853111385401E-08
   170   16.150000      0.0000000000000000E+00  3.7546151422139121E-08  8.1707845465863654E-02  8.2442553937844976E-06  5.2859109406296837E-04  5.3528412317435781E-08
   171   16.245000      0.0000000000000000E+00  4.2274322178035554E-08  8.5327974305474188E-02  8.9604191018501572E-06  5.4495384251285054E-04  5.9962425970582785E-08
   172   16.340000      0.0000000000000000E+00  4.9213173920053346E-08  8.8999620695288051E-02  9.7128829414730862E-06  5.6141297965152566E-04  6.3872514703790454E-08
   173   16.435000      0.0000000000000000E+00  5.9494313762784973E-08  9.2719731656484144E-02  1.0487999417497948E-05  5.7783249843448262E-04  6.3533605387995407E-08
   174   16.530000      0.0000000000000000E+00  7.4071747048665310E-08  9.6484594801879292E-02  1.1268030020958458E-05  5.9412001603864585E-04  5.6994318282442292E-08
   175   16.625000      0.0000000000000000E+00  8.9610022010616612E-08  1.0028980256967146E-01  1.2034601164278038E-05  6.1020594164265464E-04  4.7107679660898537E-08
   176   16.720000      0.0000000000000000E+00  1.0134373405234358E-07  1.0413009699389400E-01  1.2775561393146211E-05  6.2604054219950157E-04  3.8603456216996968E-08
   177   16.815000      0.0000000000000000E+00  1.0851638231366175E-07  1.0799915260491835E-01  1.3484875898849741E-05  6.4160497479801926E-04  3.2105058089940712E-08
   178   16.910000      0.0000000000000000E+00  1.1312387757308769E-07  1.1188962267084697E-01  1.4160991342636548E-05  6.5690924071554928E-04  2.5647354064113259E-08
   179   17.005000      0.0000000000000000E+00  1.1445170540917947E-07  1.1579363998566228E-01  1.4807066907578218E-05  6.7195186228068962E-04  2.1051441136051841E-08
   180   17.100000      0.0000000000000000E+00  1.1044760323464590E-07  1.1970358239648622E-01  1.5436627291947650E-05  6.8666255586799800E-04  2.1720563628212497E-08
   181   17.195000      0.0000000000000000E+00  1.0264485347187610E-07  1.2361266709396120E-01  1.6077121519871526E-05  7.0085277008244537E-04  2.6688897070621285E-08
   182   17.290000      0.0000000000000000E+00  9.5598948818340425E-08  1.2751498992799037E-01  1.6760374088481108E-05  7.1419593504942725E-04  3.1185416401388702E-08
   183   17.385000      0.0000000000000000E+00  9.0110609691547255E-08  1.3140486746548394E-01  1.7517564986376682E-05  7.2623344293871192E-04  3.4494686605924269E-08
   184   17.480000      0.0000000000000000E+00  8.1942873042107752E-08  1.3527584072056950E-01  1.8375277835925310E-05  7.3644079865843332E-04  4.1533073037511594E-08
   185   17.575000      0.0000000000000000E+00  7.0580172204566956E-08  1.3912003007434881E-01  1.9352987960100638E-05  7.4428576468432868E-04  5.2166036548758359E-08
   186   17.670000      0.0000000000000000E+00  6.0455662072192632E-08  1.4292821366207550E-01  2.0462108424778929E-05  7.4925592134410886E-04  6.0392743680880881E-08
   187   17.765000      0.0000000000000000E+00  5.3568170850253262E-08  1.4669026682236810E-01  2.1696474699443338E-05  7.5088158161266483E-04  6.3943005709205106E-08
   188   17.860000      0.0000000000000000E+00  4.8335683064240698E-08  1.5039519082966507E-01  2.3034467088382170E-05  7.4875359038900809E-04  6.5037382673003382E-08
   189   17.955000      0.0000000000000000E+00  4.2821188355871374E-08  1.5403054174634673E-01  2.4438551449492097E-05  7.4260259855185378E-04  6.6288524463875952E-08
   190   18.050000      0.0000000000000000E+00  3.7801574800378127E-08  1.5758184062198635E-01  2.5857582468554922E-05  7.3237027416511692E-04  6.6670759921628480E-08
   191   18.145000      0.0000000000000000E+00  3.4631192888782615E-08  1.6103238009986207E-01  2.7238484454837180E-05  7.1825853926794773E-04  6.4333405044867770E-08
   192   18.240000      0.0000000000000000E+00  3.2474463788092830E-08  1.6436334683954201E-01  2.8529235651055897E-05  7.0073428546020664E-04  6.0731086358655042E-08
   193   18.335000      0.0000000000000000E+00  3.1735798372081346E-08  1.6755382838186308E-01  2.9692723540363907E-05  6.8049827846971243E-04  5.6282085693264397E-08
   194   18.430000      0.0000000000000000E+00  3.4587524923644595E-08  1.7058058111984448E-01  3.0720902660643108E-05  6.5850285534832748E-04  4.9292716000455140E-08
   195   18.525000      0.0000000000000000E+00  4.1406329966142974E-08  1.7341811493577536E-01  3.1640591297397529E-05  6.3591012648122106E-04  3.9237992696229578E-08
   196   18.620000      0.0000000000000000E+00  4.8609310069234820E-08  1.7603971473000957E-01  3.2524061263582609E-05  6.1398792464187769E-04  2.9382663601867679E-08
   197   18.715000      0.0000000000000000E+00  5.2201122979875021E-08  1.7841931477797049E-01  3.3477020026068794E-05  5.9390361343853229E-04  2.4033285135783401E-08
   198   18.810000      0.0000000000000000E+00  5.3434801797760400E-08  1.8053353816905460E-01  3.4604830504294475E-05  5.7659860072637684E-04  2.2346262971643529E-08
   199   18.905000      0.0000000000000000E+00  5.5676323619318604E-08  1.8236343690927009E-01  3.5998364818171518E-05  5.6275685626607300E-04  2.1464303694921417E-08
   200   19.000000      0.0000000000000000E+00  5.8578902883118992E-08  1.8389616944163106E-01  3.7716311499972846E-05  5.5278242238917033E-04  2.2085828011313533E-08
   201   19.095000      0.0000000000000000E+00  5.9122549259800971E-08  1.8512677678636458E-01  3.9763902285532895E-05  5.4669896852286063E-04  2.6875426111493790E-08
   202   19.190000      0.0000000000000000E+00  5.6341398949596967E-08  1.8605926105757239E-01  4.2078628342832178E-05  5.4405438087459551E-04  3.5593824353240305E-08
   203   19.285000      0.0000000000000000E+00  5.1744266640944453E-08  1.8670637324306572E-01  4.4547124250887606E-05  5.4405304058489576E-04  4.5008953034142850E-08
   204   19.380000      0.0000000000000000E+00  4.5425921897252026E-08  1.8708852680038029E-01  4.7028710245206667E-05  5.4582660302822806E-04  5.3826251268847072E-08
   205   19.475000      0.0000000000000000E+00  3.6753750606781633E-08  1.8723230076027986E-01  4.9339208071713399E-05  5.4865933468852630E-04  6.2103845845419209E-08
   206   19.570000      0.0000000000000000E+00  2.8218625745466086E-08  1.8716810487790406E-01  5.1284499487000838E-05  5.5208751871549421E-04  6.7431631627324621E-08
   207   19.665000      0.0000000000000000E+00  2.5606538053434859E-08  1.8692674035735735E-01  5.2664619325099616E-05  5.5595785164069594E-04  6.4689176618787711E-08
   208   19.760000      0.0000000000000000E+00  3.0428130425694977E-08  1.8653586895050803E-01  5.3316780238959944E-05  5.6042508718009889E-04  5.4102104285092917E-08
   209   19.855000      0.0000000000000000E+00  3.6104165064484420E-08  1.8601725009585160E-01  5.3208089286734638E-05  5.6573918343550084E-04  4.5543927079211491E-08
   210   19.950000      0.0000000000000000E+00  4.0723970186435576E-08  1.8538463450263098E-01  5.2447589714431063E-05  5.7202832682389426E-04  4.1984676724983312E-08
   211   20.045000      0.0000000000000000E+00  4.9782975443586058E-08  1.8464206749137752E-01  5.1249741411257918E-05  5.7931468155197972E-04  3.5653610360246386E-08
   212   20.140000      0.0000000000000000E+00  6.2918744155017531E-08  1.8378343706583691E-01  4.9917986808113539E-05  5.8759165965273613E-04  2.5198207775338694E-08
   213   20.235000      0.0000000000000000E+00  7.3896826623778879E-08  1.8279382394777877E-01  4.8852693015844986E-05  5.9692751088687070E-04  1.6060531686241159E-08
   214   20.330000      0.0000000000000000E+00  7.7785804668587546E-08  1.8165155531362051E-01  4.8445565081689362E-05  6.0766027119043891E-04  1.3567792884390718E-08
   215   20.425000      0.0000000000000000E+00  7.4987185244442874E-08  1.8033046387462981E-01  4.8949864775719514E-05  6.2068845205402604E-04  1.8125939656856835E-08
   216   20.520000      0.0000000000000000E+00  6.8743471826294242E-08  1.7880332132104360E-01  5.0442360844240219E-05  6.3766514009358814E-04  2.6931276612628484E-08
   217   20.615000      0.0000000000000000E+00  6.0752960590997600E-08  1.7704706438967185E-01  5.2856705524158433E-05  6.6076963091243196E-04  3.8493853032502054E-08
   218   20.710000      0.0000000000000000E+00  5.2748880400598025E-08  1.7504845407971148E-01  5.6021123426488998E-05  6.9195633571423004E-04  5.0578487826195584E-08
   219   20.805000      0.0000000000000000E+00  4.7942205453482953E-08  1.7280764735932105E-01  5.9647523154332965E-05  7.3251465183799339E-04  5.8886785863992841E-08
   220   20.900000      0.0000000000000000E+00  4.7962355710547716E-08  1.7033874921977971E-01  6.3362549484678211E-05  7.8286882108092616E-04  6.0805341165070377E-08
   221   20.995000      0.0000000000000000E+00  5.0191687516637820E-08  1.6766855728927035E-01  6.6836756223484679E-05  8.4258320192916289E-04  5.8846636074121895E-08
   222   21.090000      0.0000000000000000E+00  5.1401107061703474E-08  1.6483489970831147E-01  6.9855242325531279E-05  9.1016283196424885E-04  5.6903948476832143E-08
   223   21.185000      0.0000000000000000E+00  5.2485921772014226E-08  1.6188453614671161E-01  7.2265446284480102E-05  9.8299120930482814E-04  5.4546455319573746E-08
   224   21.280000      0.0000000000000000E+00  5.5617655322234740E-08  1.5886984427031170E-01  7.3991899579457519E-05  1.0575288534781218E-03  5.0048518982776263E-08
   225   21.375000      0.0000000000000000E+00  6.0308868106013464E-08  1.5584431137143673E-01  7.5066569986313982E-05  1.1297268280625859E-03  4.4279160212137615E-08
   226   21.470000      0.0000000000000000E+00  6.3960988226722816E-08  1.5285817252991468E-01  7.5632430857837469E-05  1.1954200448489648E-03  3.9923643446762171E-08
   227   21.565000      0.0000000000000000E+00  6.5417898205556180E-08  1.4995548703760053E-01  7.5936294380675787E-05  1.2506993513023781E-03  3.7629409820582584E-08
   228   21.660000      0.0000000000000000E+00  6.5963540597323300E-08  1.4717281375470725E-01  7.6339930825448419E-05  1.2921898381351759E-03  3.4894746700337549E-08
   229   21.755000      0.0000000000000000E+00  6.5056863994358795E-08  1.4453867850839461E-01  7.7259394745210491E-05  1.3173220008342913E-03  3.1967409592119698E-08
   230   21.850000      0.0000000000000000E+00  6.1133029842100987E-08  1.4207322898032756E-01  7.9025738056339009E-05  1.3245404298852723E-03  3.1103360815952535E-08
   231   21.945000      0.0000000000000000E+00  5.5588540005440315E-08  1.3978842417521500E-01  8.1831169253279465E-05  1.3133580855683785E-03  3.1857093712437994E-08
   232   22.040000      0.0000000000000000E+00  5.2149213208286445E-08  1.3768925273006660E-01  8.5684983816518813E-05  1.2843873827566407E-03  3.1463487061689047E-08
   233   22.135000      0.0000000000000000E+00  5.1952583822899316E-08  1.3577555049187481E-01  9.0408103046645441E-05  1.2393067498919453E-03  2.9570187179989339E-08
   234   22.230000      0.0000000000000000E+00  5.0676837643858882E-08  1.3404308188164732E-01  9.5697354591910524E-05  1.1808000130462027E-03  3.1631981169456067E-08
   235   22.325000      0.0000000000000000E+00  4.6157018805779928E-08  1.3248354173609944E-01  1.0123016014637445E-04  1.1125176872192101E-03  3.9947755760071416E-08
   236   22.420000      0.0000000000000000E+00  4.2461930869332834E-08  1.3108512316737495E-01  1.0664542388327992E-04  1.0387786716393090E-03  4.9160937359732394E-08
   237   22.515000      0.0000000000000000E+00  4.2185648069853700E-08  1.2983493991764963E-01  1.1149197680726982E-04  9.6420012379996856E-04  5.6105360965607065E-08
   238   22.610000      0.0000000000000000E+00  4.3563492365436982E-08  1.2872221439129489E-01  1.1536648940799675E-04  8.9326757804863814E-04  6.2677614087318340E-08
   239   22.705000      0.0000000000000000E+00  4.5061449719061181E-08  1.2773989344699974E-01  1.1803105196448458E-04  8.3000886108891146E-04  7.0188877362188427E-08
   240   22.800000      0.0000000000000000E+00  4.8728949693710997E-08  1.2688341266446132E-01  1.1943962907331456E-04  7.7770227185495740E-04  7.5208717287037471E-08
   241   22.895000      0.0000000000000000E+00  5.6748183061768232E-08  1.2614773081235583E-01  1.1978116041257863E-04  7.3868686356431490E-04  7.3773431797835272E-08
   242   22.990000      0.0000000000000000E+00  6.7367191274330521E-08  1.2552520988777047E-01  1.1940348404100711E-04  7.1432706349458986E-04  6.6880465430276902E-08
   243   23.085000      0.0000000000000000E+00  7.8166949068270764E-08  1.2500550158264376E-01  1.1870423792271596E-04  7.0501638465098992E-04  5.7153829166917853E-08
   244   23.180000      0.0000000000000000E+00  8.9771808464352114E-08  1.2457690268953657E-01  1.1809974755335502E-04  7.1019446897015485E-04  4.4529983427806696E-08
   245   23.275000      0.0000000000000000E+00  1.0281391631796290E-07  1.2422754880592422E-01  1.1810423071834443E-04  7.2835116069690480E-04  2.9362501070224546E-08
   246   23.370000      0.0000000000000000E+00  1.1407037370253129E-07  1.2394544752439740E-01  1.1927099855166028E-04  7.5720982007052961E-04  1.6261034917682751E-08
   247   23.465000      0.0000000000000000E+00  1.1921485452093048E-07  1.2371819120516206E-01  1.2200752808236298E-04  7.9404909477498583E-04  1.0741956286560301E-08
   248   23.560000      0.0000000000000000E+00  1.1832371978953826E-07  1.2353389690435708E-01  1.2655632648011754E-04  8.3599713101303874E-04  1.2585023369958622E-08
   249   23.655000      0.0000000000000000E+00  1.1382446553318140E-07  1.2338383380842535E-01  1.3304961993298347E-04  8.8011829778311440E-04  1.8411600673947043E-08
   250   23.750000      0.0000000000000000E+00  1.0558869844061260E-07  1.2326509957376686E-01  1.4144596619654608E-04  9.2347721255000648E-04  2.7518825710369753E-08
   251   23.845000      0.0000000000000000E+00  9.2036211705586865E-08  1.2318138043322090E-01  1.5149035247555211E-04  9.6331215293734120E-04  4.0992909111507483E-08
   252   23.940000      0.0000000000000000E+00  7.5715123360218346E-08  1.2314142325553484E-01  1.6279049593934545E-04  9.9740878513843406E-04  5.5665302631801299E-08
   253   24.035000      0.0000000000000000E+00  6.2934829227042512E-08  1.2315672283528561E-01  1.7484303094036479E-04  1.0244293298684556E-03  6.4343273224925450E-08
   254   24.130000      0.0000000000000000E+00  5.5151515776544597E-08  1.2323984730723972E-01  1.8697335547234318E-04  1.0440759994085236E-03  6.6019149614669233E-08
   255   24.225000      0.0000000000000000E+00  4.8847197864056589E-08  1.2340347630262705E-01  1.9833930825208560E-04  1.0570032865060200E-03  6.5706331179927072E-08
   256   24.320000      0.0000000000000000E+00  4.3609827187278401E-08  1.2365958809540301E-01  2.0808649950720197E-04  1.0646007829166859E-03  6.4395569923977792E-08
   257   24.415000      0.0000000000000000E+00  4.2159185228545500E-08  1.2401874032631861E-01  2.1546252976221590E-04  1.0687222985080330E-03  5.9300197326786874E-08
   258   24.510000      0.0000000000000000E+00  4.5571345045971501E-08  1.2448993995066511E-01  2.1995170246516679E-04  1.0714923610692191E-03  4.9219648692775496E-08
   259   24.605000      0.0000000000000000E+00  5.0982533052249288E-08  1.2508129880655020E-01  2.2135439056518303E-04  1.0749284993045031E-03  3.7312301878699582E-08
   260   24.700000      0.0000000000000000E+00  5.4750432474521227E-08  1.2580058066754252E-01  2.1976268275241624E-04  1.0806270478342284E-03  2.7832084002391010E-08
   261   24.795000      0.0000000000000000E+00  5.6502422927048346E-08  1.2665499833863861E-01  2.1550542860058282E-04  1.0895492743932627E-03  2.1207030862111334E-08
   262   24.890000      0.0000000000000000E+00  5.6258427111463402E-08  1.2765046505900643E-01  2.0919488663461510E-04  1.1018646476173668E-03  1.7905314426470191E-08
   263   24.985000      0.0000000000000000E+00  5.3164819704938232E-08  1.2879039307546292E-01  2.0168323921708367E-04  1.1169967211740203E-03  1.9600546063501434E-08
   264   25.080000      0.0000000000000000E+00  4.7698717651406759E-08  1.3007447464931371E-01  1.9382025357859563E-04  1.1338669026957741E-03  2.6393620163995825E-08
   265   25.175000      0.0000000000000000E+00  4.3001404897932843E-08  1.3149836988038596E-01  1.8626597723729940E-04  1.1512293232032052E-03  3.5089381827930624E-08
   266   25.270000      0.0000000000000000E+00  4.2344562461281456E-08  1.3305439067806968E-01  1.7950012513927015E-04  1.1679520883171937E-03  4.1759332249685312E-08
   267   25.365000      0.0000000000000000E+00  4.4673405688402919E-08  1.3473235409446391E-01  1.7379306437176619E-04  1.1831627762047693E-03  4.7037421567443443E-08
   268   25.460000      0.0000000000000000E+00  4.7017516475811635E-08  1.3651947946181384E-01  1.6916544323170553E-04  1.1963371648409536E-03  5.3101474349136584E-08
   269   25.555000      0.0000000000000000E+00  4.9132958886770996E-08  1.3839955353953423E-01  1.6554058739269304E-04  1.2072999081648907E-03  5.8582461299085851E-08
   270   25.650000      0.0000000000000000E+00  5.2450379960164046E-08  1.4035325167825369E-01  1.6283062040212760E-04  1.2161728416049699E-03  6.0784571498043439E-08
   271   25.745000      0.0000000000000000E+00  5.6877069157803905E-08  1.4236064052621031E-01  1.6090498189933486E-04  1.2232020536834219E-03  5.9766622036298075E-08
   272   25.840000      0.0000000000000000E+00  6.0815242719764153E-08  1.4440461061545445E-01  1.5979946870128874E-04  1.2285207354233345E-03  5.8077287567302944E-08
   273   25.935000      0.0000000000000000E+00  6.4420679468007361E-08  1.4647295721747375E-01  1.5980950553669580E-04  1.2323284994145427E-03  5.6043824222463157E-08
   274   26.030000      0.0000000000000000E+00  6.8917607799178563E-08  1.4855862385074858E-01  1.6130175925792731E-04  1.2354422799617485E-03  5.2527378747830797E-08
   275   26.125000      0.0000000000000000E+00  7.3672819761582403E-08  1.5065952466645416E-01  1.6460507174383186E-04  1.2397397049705502E-03  4.8557855026433589E-08
   276   26.220000      0.0000000000000000E+00  7.6489797210672893E-08  1.5277903910812968E-01  1.6994621976063135E-04  1.2481297058618277E-03  4.7136999439600203E-08
   277   26.315000      0.0000000000000000E+00  7.8543137106489642E-08  1.5492676000752953E-01  1.7737839909382855E-04  1.2639502263846526E-03  4.7219179649704375E-08
   278   26.410000      0.0000000000000000E+00  8.5257230610921462E-08  1.5711789433884954E-01  1.8688380338333679E-04  1.2902690993791650E-03  4.1514486625575707E-08
   279   26.505000      0.0000000000000000E+00  9.4586606626365378E-08  1.5937098262545235E-01  1.9830449432119881E-04  1.3293297601195682E-03  3.1021049829808548E-08
   280   26.600000      0.0000000000000000E+00  9.6730607402542083E-08  1.6170541685758866E-01  2.1114574913103275E-04  1.3820508002767462E-03  2.6502174423914652E-08
   281   26.695000      0.0000000000000000E+00  8.9523761676109330E-08  1.6413921628647951E-01  2.2474349778567080E-04  1.4477541085844486E-03  3.0131035570892062E-08
   282   26.790000      0.0000000000000000E+00  7.8747166264288868E-08  1.6668645037124535E-01  2.3848940930697507E-04  1.5243701405145583E-03  3.6327873926350987E-08
   283   26.885000      0.0000000000000000E+00  6.9839427025660514E-08  1.6935423454108722E-01  2.5169967487227761E-04  1.6090978297118833E-03  4.0771375001421916E-08
   284   26.980000      0.0000000000000000E+00  6.3739755542504603E-08  1.7214073251661569E-01  2.6359964813722861E-04  1.6990104027478897E-03  4.3940938643915204E-08
   285   27.075000      0.0000000000000000E+00  5.8430095216830073E-08  1.7503551348297841E-01  2.7376059813181947E-04  1.7913091242348668E-03  4.8860305619755760E-08
   286   27.170000      0.0000000000000000E+00  5.3613293401013180E-08  1.7802167026557500E-01  2.8228093902198147E-04  1.8832816605759983E-03  5.5144759824324524E-08
   287   27.265000      0.0000000000000000E+00  4.9480192786144988E-08  1.8107841321749829E-01  2.8951011374457342E-04  1.9722223917133957E-03  6.1184509472971505E-08
   288   27.360000      0.0000000000000000E+00  4.5155386188893694E-08  1.8418364999017020E-01  2.9572090255631226E-04  2.0554523436159475E-03  6.6455108799236734E-08
   289   27.455000      0.0000000000000000E+00  4.0742941953076133E-08  1.8731618902546388E-01  3.0100579271956135E-04  2.1304329797359406E-03  6.9779583056085959E-08
   290   27.550000      0.0000000000000000E+00  3.9180258629522325E-08  1.9045707440751353E-01  3.0519314600326763E-04  2.1948279746935757E-03  6.7410188084087700E-08
   291   27.645000      0.0000000000000000E+00  4.2770006968945189E-08  1.9359000867878273E-01  3.0785061493372463E-04  2.2467595884861856E-03  5.7034124885238136E-08
   292   27.740000      0.0000000000000000E+00  4.9083075801053244E-08  1.9670168741726732E-01  3.0852991635664734E-04  2.2849249900468885E-03  4.2469473067281577E-08
   293   27.835000      0.0000000000000000E+00  5.4127815468391919E-08  1.9978217990072411E-01  3.0701629151239253E-04  2.3085625533525475E-03  2.9428051876473454E-08
   294   27.930000      0.0000000000000000E+00  5.6602159735786334E-08  2.0282440310897673E-01  3.0347872015598355E-04  2.3174009104273570E-03  2.0362830518858489E-08
   295   28.025000      0.0000000000000000E+00  5.7220036100673072E-08  2.0582268413800062E-01  2.9863262821496709E-04  2.3120002859605424E-03  1.5260846609547240E-08
   296   28.120000      0.0000000000000000E+00  5.5844266923991131E-08  2.0877198540613456E-01  2.9373400950480556E-04  2.2939311626789870E-03  1.4678883499573143E-08
   297   28.215000      0.0000000000000000E+00  5.1003570868853833E-08  2.1166874528786167E-01  2.9052936856250586E-04  2.2655207849236387E-03  2.0684149686659061E-08
   298   28.310000      0.0000000000000000E+00  4.4174377687281488E-08  2.1451221171640633E-01  2.9104533984303585E-04  2.2293739208232746E-03  3.1655874299367551E-08
   299   28.405000      0.0000000000000000E+00  3.8938220544842884E-08  2.1730473177814799E-01  2.9732441845508679E-04  2.1880100088181313E-03  4.3284313542840595E-08
   300   28.500000      0.0000000000000000E+00  3.6392525175362585E-08  2.2005024805742510E-01  3.1129583960794475E-04  2.1436919866348139E-03  5.3744678863820087E-08
   301   28.595000      0.0000000000000000E+00  3.5413881421109723E-08  2.2275157481308594E-01  3.3416462646165086E-04  2.0980697964893017E-03  6.3220897232551682E-08
   302   28.690000      0.0000000000000000E+00  3.6416766985688845E-08  2.2540736179869536E-01  3.6548660102238306E-04  2.0518736395759136E-03  7.0267890472358196E-08
   303   28.785000      0.0000000000000000E+00  4.2805157671468070E-08  2.2800906692995593E-01  4.0329398243273341E-04  2.0050169742454730E-03  6.9942807681245089E-08
   304   28.880000      0.0000000000000000E+00  5.4084609866064264E-08  2.3053896329448287E-01  4.4466626537585240E-04  1.9571138964615208E-03  6.1978408879131471E-08
   305   28.975000      0.0000000000000000E+00  6.3953646688852633E-08  2.3296952516810468E-01  4.8591189562606740E-04  1.9079626585330270E-03  5.3467512655364780E-08
   306   29.070000      0.0000000000000000E+00  6.9547986809669183E-08  2.3526372282789981E-01  5.2300463141440837E-04  1.8579883424828980E-03  4.7906774098409486E-08
   307   29.165000      0.0000000000000000E+00  7.3502880093973364E-08  2.3737647521640415E-01  5.5264433354437401E-04  1.8086153837629038E-03  4.3104222743979906E-08
   308   29.260000      0.0000000000000000E+00  7.7963684273681865E-08  2.3925881261062645E-01  5.7281447468021923E-04  1.7625630897065460E-03  3.7578964558798108E-08
   309   29.355000      0.0000000000000000E+00  8.1305432902598763E-08  2.4086546458109970E-01  5.8309388217264626E-04  1.7237455384270747E-03  3.3827057032039674E-08
   310   29.450000      0.0000000000000000E+00  8.1691689193048203E-08  2.4216305602507915E-01  5.8421037751694538E-04  1.6968751697218115E-03  3.4211620759310668E-08
   311   29.545000      0.0000000000000000E+00  8.0982132850481092E-08  2.4313529027140601E-01  5.7775903656003241E-04  1.6874620653082762E-03  3.6257456807604376E-08
   312   29.640000      0.0000000000000000E+00  8.1109729836085655E-08  2.4378422378081313E-01  5.6685290927652524E-04  1.7022208510315115E-03  3.7097598884311360E-08
   313   29.735000      0.0000000000000000E+00  8.0592425199644850E-08  2.4412997025233540E-01  5.5555121978215411E-04  1.7492672546829441E-03  3.7845134286913672E-08
   314   29.830000      0.0000000000000000E+00  7.7800351182916578E-08  2.4421032557197941E-01  5.4747319648571261E-04  1.8375536066556370E-03  4.0015520577879664E-08
   315   29.925000      0.0000000000000000E+00  7.4394191252533452E-08  2.4407833569946524E-01  5.4563270189394444E-04  1.9760375968606346E-03  4.1852589826801528E-08
   316   30.020000      0.0000000000000000E+00  7.2826369370706148E-08  2.4379696322040570E-01  5.5230439993780237E-04  2.1729891329925486E-03  4.1312293464567578E-08
   317   30.115000      0.0000000000000000E+00  7.1962269459555809E-08  2.4343313587531218E-01  5.6774176981120921E-04  2.4352432939782512E-03  4.0994072148108448E-08
   318   30.210000      0.0000000000000000E+00  6.9192028957000466E-08  2.4305414653578117E-01  5.8992094401530664E-04  2.7667392651524202E-03  4.4616940378035664E-08
   319   30.305000      0.0000000000000000E+00  6.4540209025141789E-08  2.4272676214652297E-01  6.1564000325716069E-04  3.1665499017840670E-03  5.1433328929360162E-08
   320   30.400000      0.0000000000000000E+00  5.9701212758142743E-08  2.4251664671190848E-01  6.4132765309167278E-04  3.6276917284749025E-03  5.8064521072598208E-08
   321   30.495000      0.0000000000000000E+00  5.4867971063668773E-08  2.4248708715543643E-01  6.6384960886417565E-04  4.1369201279871388E-03  6.3628925215044777E-08
   322   30.590000      0.0000000000000000E+00  4.9508091165560757E-08  2.4269762163473887E-01  6.8168446647354360E-04  4.6751029587368742E-03  6.9495845301590616E-08
   323   30.685000      0.0000000000000000E+00  4.7119344954318382E-08  2.4320204834624215E-01  6.9547518789981721E-04  5.2181666223402624E-03  7.2157087084815844E-08
   324   30.780000      0.0000000000000000E+00  5.2018567616421241E-08  2.4404513957973428E-01  7.0680688130577416E-04  5.7385075397250462E-03  6.5838422556488900E-08
   325   30.875000      0.0000000000000000E+00  6.1672663678047023E-08  2.4525917270767966E-01  7.1729644605623023E-04  6.2068428915352820E-03  5.2387245028168736E-08
   326   30.970000      0.0000000000000000E+00  6.9588700269112015E-08  2.4686141069348333E-01  7.2909312461074901E-04  6.5949208979721122E-03  3.8635986773082072E-08
   327   31.065000      0.0000000000000000E+00  7.2248049439642954E-08  2.4885249276951171E-01  7.4501491882932275E-04  6.8780042286260409E-03  2.9065173851147315E-08
   328   31.160000      0.0000000000000000E+00  7.1205877290312098E-08  2.5121471940731421E-01  7.6750156655929923E-04  7.0378238772103906E-03  2.3341495340023393E-08
   329   31.255000      0.0000000000000000E+00  6.9341144105238793E-08  2.5391108467685053E-01  7.9888362051310207E-04  7.0650722227118684E-03  1.9854946634268893E-08
   330   31.350000      0.0000000000000000E+00  6.6468364943810545E-08  2.5688602446446362E-01  8.4037007173458789E-04  6.9605747159381080E-03  2.0359408019140746E-08
   331   31.445000      0.0000000000000000E+00  6.2143943078118972E-08  2.6006680369506058E-01  8.9051589005789472E-04  6.7354997189177888E-03  2.5593909200910628E-08
   332   31.540000      0.0000000000000000E+00  5.7281648300575164E-08  2.6336577549683299E-01  9.4572054579673934E-04  6.4104457508023897E-03  3.3788380968039789E-08
   333   31.635000      0.0000000000000000E+00  5.2626841487627852E-08  2.6668598464350357E-01  1.0014539453176811E-03  6.0130296164708566E-03  4.3396297231683845E-08
   334   31.730000      0.0000000000000000E+00  4.8288646995380825E-08  2.6992955067331226E-01  1.0532222379562427E-03  5.5742511619855930E-03  5.3969624295539707E-08
   335   31.825000      0.0000000000000000E+00  4.4877342775093012E-08  2.7300521478207934E-01  1.0971734729034090E-03  5.1257171040338216E-03  6.4696739392652876E-08
   336   31.920000      0.0000000000000000E+00  4.5348125225166782E-08  2.7583487887168168E-01  1.1309122933782449E-03  4.6976729239295544E-03  7.1359720846033027E-08
   337   32.015000      0.0000000000000000E+00  5.1420140919266353E-08  2.7836135322210270E-01  1.1525023116387551E-03  4.3167962275348524E-03  7.0633334099354028E-08
   338   32.110000      0.0000000000000000E+00  6.0301375694570606E-08  2.8055568914984835E-01  1.1601163965009309E-03  4.0045398999574416E-03  6.4630524440762659E-08
   339   32.205000      0.0000000000000000E+00  6.8409899760986013E-08  2.8242139276030470E-01  1.1541913748221086E-03  3.7763745888997886E-03  5.6716617333632108E-08
   340   32.300000      0.0000000000000000E+00  7.4870728842667328E-08  2.8399451935530778E-01  1.1380787244554523E-03  3.6413954507853205E-03  4.7676878941641741E-08
   341   32.395000      0.0000000000000000E+00  8.0164001820393304E-08  2.8533912124072930E-01  1.1167575922926842E-03  3.6026155431568897E-03  3.7229275101266071E-08
   342   32.490000      0.0000000000000000E+00  8.2850180390710565E-08  2.8653917096503057E-01  1.0953886902673720E-03  3.6579009923093419E-03  2.8149207940020310E-08
   343   32.585000      0.0000000000000000E+00  8.1257804817985503E-08  2.8768865165957014E-01  1.0771146027870706E-03  3.8010515418984317E-03  2.3948407418117027E-08
   344   32.680000      0.0000000000000000E+00  7.6755680266271087E-08  2.8888108779807387E-01  1.0625534178063840E-03  4.0232538345037275E-03  2.4410476846961854E-08
   345   32.775000      0.0000000000000000E+00  7.2447271986673228E-08  2.9020020262560869E-01  1.0505604452889425E-03  4.3140948104946958E-03  2.6641926272661981E-08
   346   32.870000      0.0000000000000000E+00  6.8172325052856508E-08  2.9171321777778320E-01  1.0395414677476804E-03  4.6618288054809430E-03  3.0566630057900988E-08
   347   32.965000      0.0000000000000000E+00  6.0001562831004407E-08  2.9346700375560425E-01  1.0293457527579292E-03  5.0531127940185404E-03  4.0295776303152933E-08
   348   33.060000      0.0000000000000000E+00  5.0411165869902337E-08  2.9548644651593331E-01  1.0215388542229320E-03  5.4728941275441921E-03  5.2019774227261460E-08
   349   33.155000      0.0000000000000000E+00  4.7075055127179963E-08  2.9777468478010460E-01  1.0194209216014805E-03  5.9044010560236927E-03  5.5522222954406573E-08
   350   33.250000      0.0000000000000000E+00  4.8614148548892665E-08  3.0031474644097839E-01  1.0271248551680565E-03  6.3292036921741464E-03  5.2398771684277970E-08
   351   33.345000      0.0000000000000000E+00  4.8210431136396010E-08  3.0307181570040886E-01  1.0486463013715552E-03  6.7274223432841939E-03  5.1137150960818805E-08
   352   33.440000      0.0000000000000000E+00  4.4197127522805999E-08  3.0599538186840403E-01  1.0864919033821703E-03  7.0785931897826464E-03  5.4339636606408038E-08
   353   33.535000      0.0000000000000000E+00  4.0384450029911060E-08  3.0902107469351831E-01  1.1401172770782030E-03  7.3627219626160997E-03  5.8214440161604869E-08
   354   33.630000      0.0000000000000000E+00  4.0851244642495916E-08  3.1207242911189903E-01  1.2070004452849248E-03  7.5625537482630180E-03  5.7624735795370144E-08
   355   33.725000      0.0000000000000000E+00  4.4527969322104462E-08  3.1506337248168226E-01  1.2818754876254997E-03  7.6658785357505733E-03  5.2893073077422023E-08
   356   33.820000      0.0000000000000000E+00  4.8262641420491628E-08  3.1790154465402709E-01  1.3577912722049894E-03  7.6670710524657073E-03  4.6457970239987253E-08
   357   33.915000      0.0000000000000000E+00  5.0420032606105001E-08  3.2049200350351570E-01  1.4286532850942694E-03  7.5686360424375952E-03  3.9625886760170391E-08
   358   34.010000      0.0000000000000000E+00  5.0259276689072925E-08  3.2274215396008099E-01  1.4894106068329867E-03  7.3805096097410774E-03  3.3889555474534474E-08
   359   34.105000      0.0000000000000000E+00  4.7298226725236681E-08  3.2456882799054232E-01  1.5382860800933287E-03  7.1179087221416018E-03  3.1567473477837678E-08
   360   34.200000      0.0000000000000000E+00  4.3126894046042857E-08  3.2590715183094182E-01  1.5766556541411494E-03  6.7976771461618068E-03  3.2672232114475475E-08
   361   34.295000      0.0000000000000000E+00  4.1761491218259698E-08  3.2671794084983108E-01  1.6083460608265461E-03  6.4344851178990891E-03  3.3090690868303442E-08
   362   34.390000      0.0000000000000000E+00  4.4816376600340633E-08  3.2699114959161124E-01  1.6387283137393373E-03  6.0392806084297876E-03  3.0318740175692075E-08
   363   34.485000      0.0000000000000000E+00  4.9503085680021867E-08  3.2674619955664508E-01  1.6718743082079570E-03  5.6185055504765456E-03  2.6909196765577841E-08
   364   34.580000      0.0000000000000000E+00  5.2709081516903916E-08  3.2602997251196186E-01  1.7093371246690650E-03  5.1751075551573628E-03  2.6331403173314001E-08
   365   34.675000      0.0000000000000000E+00  5.4096130367861650E-08  3.2491303869077104E-01  1.7488397738541683E-03  4.7104976660123548E-03  2.9342980166326533E-08
   366   34.770000      0.0000000000000000E+00  5.5377549781604198E-08  3.2348417205588342E-01  1.7841430048911187E-03  4.2270777517293854E-03  3.3832544914690249E-08
   367   34.865000      0.0000000000000000E+00  5.6136583867606601E-08  3.2184326944170261E-01  1.8077153600091975E-03  3.7310608600046981E-03  3.9622310167272207E-08
   368   34.960000      0.0000000000000000E+00  5.4606139765671483E-08  3.2009313409587281E-01  1.8118418688555734E-03  3.2341303700304277E-03  4.7627487131481470E-08
   369   35.055000      0.0000000000000000E+00  5.1728189030106280E-08  3.1833091624602800E-01  1.7910369819629922E-03  2.7539527003645056E-03  5.5518751343777962E-08
   370   35.150000      0.0000000000000000E+00  5.0189910356506181E-08  3.1664117337720565E-01  1.7439358340491770E-03  2.3131525217206564E-03  5.9811822065057672E-08
   371   35.245000      0.0000000000000000E+00  5.1032409475552730E-08  3.1509190990254377E-01  1.6755666055416772E-03  1.9371152363105598E-03  5.9463196357653896E-08
   372   35.340000      0.0000000000000000E+00  5.2238942043546232E-08  3.1373366483267678E-01  1.5979528548080311E-03  1.6505757665122259E-03  5.7318337781896976E-08
   373   35.435000      0.0000000000000000E+00  5.3897790517601204E-08  3.1260024018973898E-01  1.5279124971126516E-03  1.4742007196988241E-03  5.3575584406888955E-08
   374   35.530000      0.0000000000000000E+00  5.9199713940984696E-08  3.1171045614161691E-01  1.4826456951837830E-03  1.4216021042028635E-03  4.4284372796207153E-08
   375   35.625000      0.0000000000000000E+00  6.6385149333262314E-08  3.1107292852605628E-01  1.4731146318426771E-03  1.4965806974244242E-03  3.1606688661938791E-08
   376   35.720000      0.0000000000000000E+00  6.9624316342341756E-08  3.1069502161045076E-01  1.4972524717576275E-03  1.6900807044473221E-03  2.2806203061755506E-08
   377   35.815000      0.0000000000000000E+00  6.6790945791705263E-08  3.1059243716395968E-01  1.5404337808225699E-03  1.9785534973024107E-03  2.1328434363808433E-08
   378   35.910000      0.0000000000000000E+00  6.1151846565178765E-08  3.1079349793598826E-01  1.5828990548209514E-03  2.3263528220343051E-03  2.4699238721186789E-08
   379   36.005000      0.0000000000000000E+00  5.6138182117494509E-08  3.1133513649089750E-01  1.6089841749590992E-03  2.6926280949761050E-03  2.9731270828500912E-08
   380   36.100000      0.0000000000000000E+00  5.1068208589381689E-08  3.1225265296891619E-01  1.6125472303065861E-03  3.0398521786608535E-03  3.7525279461563830E-08
   381   36.195000      0.0000000000000000E+00  4.5427248347852509E-08  3.1356717065642514E-01  1.5974375119800635E-03  3.3403217619946096E-03  4.8434099279296433E-08
   382   36.290000      0.0000000000000000E+00  4.2110050808444787E-08  3.1527483140384716E-01  1.5743504989015275E-03  3.5789835121782729E-03  5.8437120795300517E-08
   383   36.385000      0.0000000000000000E+00  4.3102715655206452E-08  3.1734113177950807E-01  1.5560619726532972E-03  3.7529052871579666E-03  6.4220362245899255E-08
   384   36.480000      0.0000000000000000E+00  4.6297303937173990E-08  3.1970047740256957E-01  1.5537017149680190E-03  3.8687218765153077E-03  6.6917386240556537E-08
   385   36.575000      0.0000000000000000E+00  4.9376463149486661E-08  3.2225690288235387E-01  1.5739912292379464E-03  3.9403543181541273E-03  6.7961868429484689E-08
   386   36.670000      0.0000000000000000E+00  5.3938155817189571E-08  3.2488466052524734E-01  1.6199219567253451E-03  3.9873233707305887E-03  6.4754411051069662E-08
   387   36.765000      0.0000000000000000E+00  6.1601390826096287E-08  3.2743133511317174E-01  1.6895507726808073E-03  4.0327729767725851E-03  5.5556591516594229E-08
   388   36.860000      0.0000000000000000E+00  6.9541237989521835E-08  3.2972645554667057E-01  1.7768000276821836E-03  4.1019211441889625E-03  4.4556586242231941E-08
   389   36.955000      0.0000000000000000E+00  7.4180390933987661E-08  3.3159992099725899E-01  1.8754395290663918E-03  4.2188992768484061E-03  3.6852637162702780E-08
   390   37.050000      0.0000000000000000E+00  7.5855140876874016E-08  3.3290846169401034E-01  1.9802503274250413E-03  4.4015826585997661E-03  3.2897761885559904E-08
   391   37.145000      0.0000000000000000E+00  7.7057888006019590E-08  3.3355964800303706E-01  2.0873945021833359E-03  4.6559665221579801E-03  3.0298575794514217E-08
   392   37.240000      0.0000000000000000E+00  7.6960195413997426E-08  3.3352307061930458E-01  2.1968754607430575E-03  4.9724279782663722E-03  3.0456465140777654E-08
   393   37.335000      0.0000000000000000E+00  7.3973341863899494E-08  3.3282593219292805E-01  2.3104129317105238E-03  5.3267148537322756E-03  3.5565827447983388E-08
   394   37.430000      0.0000000000000000E+00  7.1716973863981429E-08  3.3153947949596890E-01  2.4265943468212863E-03  5.6847910347698778E-03  4.1026863908090444E-08
   395   37.525000      0.0000000000000000E+00  7.4160395907843111E-08  3.2976463199653222E-01  2.5379075707883340E-03  6.0085250564167669E-03  4.1432605479699634E-08
   396   37.620000      0.0000000000000000E+00  7.9660203780338164E-08  3.2762050102506080E-01  2.6313022825796865E-03  6.2598770977156260E-03  3.7792208776874828E-08
   397   37.715000      0.0000000000000000E+00  8.3234288140034056E-08  3.2523343950023864E-01  2.6931458951570488E-03  6.4043654020629467E-03  3.5167027854305723E-08
   398   37.810000      0.0000000000000000E+00  8.2286883868329010E-08  3.2272287975693115E-01  2.7158086207242516E-03  6.4155037060843042E-03  3.6651550951900925E-08
   399   37.905000      0.0000000000000000E+00  7.9127473303397355E-08  3.2018536636142836E-01  2.7029140338051625E-03  6.2792431824775846E-03  4.0037716593183790E-08
   400   38.000000      0.0000000000000000E+00  7.5751501508302889E-08  3.1767967481313270E-01  2.6681416358157860E-03  5.9976609495749362E-03  4.3509440958754400E-08
   401   38.095000      0.0000000000000000E+00  7.1454403818496611E-08  3.1521646377780749E-01  2.6290310623176432E-03  5.5916996113679869E-03  4.7723781490302412E-08
   402   38.190000      0.0000000000000000E+00  6.6052537525784946E-08  3.1275951243334188E-01  2.6008662672275086E-03  5.1010123229628217E-03  5.1987943099420837E-08
   403   38.285000      0.0000000000000000E+00  6.0798984644197483E-08  3.1024251043328777E-01  2.5937358812482452E-03  4.5781081252403988E-03  5.4256947402116584E-08
   404   38.380000      0.0000000000000000E+00  5.6579870948156855E-08  3.0759450160401997E-01  2.6120273282867592E-03  4.0789835245981761E-03  5.3379319741468796E-08
   405   38.475000      0.0000000000000000E+00  5.1727938056420823E-08  3.0476087045428674E-01  2.6553063563669824E-03  3.6535971174391497E-03  5.2088603716938348E-08
   406   38.570000      0.0000000000000000E+00  4.6002949579268692E-08  3.0171129539168812E-01  2.7201119593589784E-03  3.3391916473990688E-03  5.2364466606858192E-08
   407   38.665000      0.0000000000000000E+00  4.3620196650730745E-08  2.9843777138497696E-01  2.7991659988542018E-03  3.1572240312068042E-03  5.1288280549639162E-08
   408   38.760000      0.0000000000000000E+00  4.7915497390060564E-08  2.9495085381133435E-01  2.8809196896722555E-03  3.1122652628611720E-03  4.6570817769754107E-08
   409   38.855000      0.0000000000000000E+00  5.7416592744823089E-08  2.9127617177981552E-01  2.9495791801751863E-03  3.1930173921351727E-03  4.0010128463676992E-08
   410   38.950000      0.0000000000000000E+00  6.8381305560043299E-08  2.8745058346011715E-01  2.9864639515947396E-03  3.3757058707505477E-03  3.4472700527120552E-08
   411   39.045000      0.0000000000000000E+00  7.8875269720044146E-08  2.8351805406221864E-01  2.9735030471518434E-03  3.6294767952558798E-03  2.9881325268274971E-08
   412   39.140000      0.0000000000000000E+00  8.7623808108731591E-08  2.7952571841375468E-01  2.8999330175246254E-03  3.9234872753103351E-03  2.5683757748972557E-08
   413   39.235000      0.0000000000000000E+00  9.1432999957315305E-08  2.7552142928389250E-01  2.7662219410411839E-03  4.2334775035504698E-03  2.4536888584355835E-08
   414   39.330000      0.0000000000000000E+00  8.7719750692356936E-08  2.7155263509344946E-01  2.5863532453475275E-03  4.5451900897410654E-03  2.9470738969487073E-08
   415   39.425000      0.0000000000000000E+00  7.9084834502376766E-08  2.6766292698286548E-01  2.3868603246168878E-03  4.8546020993634007E-03  3.8668152562398366E-08
   416   39.520000      0.0000000000000000E+00  7.2037134451210899E-08  2.6388428367758315E-01  2.2009046395851176E-03  5.1664691494771008E-03  4.5903248891082648E-08
   417   39.615000      0.0000000000000000E+00  6.7078585789830898E-08  2.6022968653259743E-01  2.0605856495917378E-03  5.4911724024361000E-03  5.1671959746714790E-08
   418   39.710000      0.0000000000000000E+00  6.0303042851623245E-08  2.5669235324551032E-01  1.9886296143346209E-03  5.8398611752579757E-03  6.1116156165728031E-08
   419   39.805000      0.0000000000000000E+00  5.5751376083176023E-08  2.5325318743997272E-01  1.9949515598728746E-03  6.2195618220727599E-03  6.8615772853340686E-08
   420   39.900000      0.0000000000000000E+00  5.9430739006054437E-08  2.4989369229505001E-01  2.0762574185562094E-03  6.6293062278171408E-03  6.6123788454894441E-08
   421   39.995000      0.0000000000000000E+00  6.9203492056724618E-08  2.4661020689496269E-01  2.2183914111899221E-03  7.0579170296884049E-03  5.5488199980048904E-08
   422   40.090000      0.0000000000000000E+00  7.8287547754379246E-08  2.4342390352929569E-01  2.4008716764087681E-03  7.4843656683984119E-03  4.3739768966104126E-08
