! Kinetic energy for species "positrons-down"
  Iter        Time          Total Par.             Kin. Energy
     0   0.0000000              25600  4.9396332491706230E-01
     1  0.95000000E-01          25600  4.9396301826641548E-01
     2  0.19000000              25600  4.9396210439382404E-01
     3  0.28500000              25600  4.9396060067917069E-01
     4  0.38000000              25600  4.9395853308155546E-01
     5  0.47500000              25600  4.9395593346073441E-01
     6  0.57000000              25600  4.9395283916482530E-01
     7  0.66500000              25600  4.9394929386359104E-01
     8  0.76000000              25600  4.9394534794260236E-01
     9  0.85500000              25600  4.9394105858411419E-01
    10  0.95000000              25600  4.9393648978366966E-01
    11   1.0450000              25600  4.9393171093255073E-01
    12   1.1400000              25600  4.9392679347356949E-01
    13   1.2350000              25600  4.9392180758429582E-01
    14   1.3300000              25600  4.9391682111302981E-01
    15   1.4250000              25600  4.9391190122699447E-01
    16   1.5200000              25600  4.9390711680623589E-01
    17   1.6150000              25600  4.9390253824233921E-01
    18   1.7100000              25600  4.9389823370408975E-01
    19   1.8050000              25600  4.9389426498781275E-01
    20   1.9000000              25600  4.9389068615664161E-01
    21   1.9950000              25600  4.9388754493796888E-01
    22   2.0900000              25600  4.9388488510242423E-01
    23   2.1850000              25600  4.9388274783781705E-01
    24   2.2800000              25600  4.9388116975602342E-01
    25   2.3750000              25600  4.9388017731180023E-01
    26   2.4700000              25600  4.9387978250813636E-01
    27   2.5650000              25600  4.9387998496062885E-01
    28   2.6600000              25600  4.9388077750483150E-01
    29   2.7550000              25600  4.9388214816249221E-01
    30   2.8500000              25600  4.9388407793908434E-01
    31   2.9450000              25600  4.9388653960715490E-01
    32   3.0400000              25600  4.9388949829772033E-01
    33   3.1350000              25600  4.9389291123843770E-01
    34   3.2300000              25600  4.9389672790620298E-01
    35   3.3250000              25600  4.9390089266180415E-01
    36   3.4200000              25600  4.9390534667929703E-01
    37   3.5150000              25600  4.9391002612355350E-01
    38   3.6100000              25600  4.9391486054243650E-01
    39   3.7050000              25600  4.9391977619173344E-01
    40   3.8000000              25600  4.9392470060768134E-01
    41   3.8950000              25600  4.9392956220011575E-01
    42   3.9900000              25600  4.9393428718623100E-01
    43   4.0850000              25600  4.9393880022216374E-01
    44   4.1800000              25600  4.9394302861500267E-01
    45   4.2750000              25600  4.9394690617202275E-01
    46   4.3700000              25600  4.9395037542976705E-01
    47   4.4650000              25600  4.9395338837632807E-01
    48   4.5600000              25600  4.9395590546224882E-01
    49   4.6550000              25600  4.9395789297293158E-01
    50   4.7500000              25600  4.9395931967346063E-01
    51   4.8450000              25600  4.9396015690777628E-01
    52   4.9400000              25600  4.9396038616800630E-01
    53   5.0350000              25600  4.9396000789986616E-01
    54   5.1300000              25600  4.9395903917307449E-01
    55   5.2250000              25600  4.9395749985099391E-01
    56   5.3200000              25600  4.9395540158169737E-01
    57   5.4150000              25600  4.9395275103157349E-01
    58   5.5100000              25600  4.9394956360520459E-01
    59   5.6050000              25600  4.9394587401144535E-01
    60   5.7000000              25600  4.9394173412115794E-01
    61   5.7950000              25600  4.9393720182147116E-01
    62   5.8900000              25600  4.9393233293426575E-01
    63   5.9850000              25600  4.9392718272055974E-01
    64   6.0800000              25600  4.9392181178225703E-01
    65   6.1750000              25600  4.9391628861705672E-01
    66   6.2700000              25600  4.9391068926651738E-01
    67   6.3650000              25600  4.9390509690985035E-01
    68   6.4600000              25600  4.9389959596282762E-01
    69   6.5550000              25600  4.9389425774777784E-01
    70   6.6500000              25600  4.9388913176654770E-01
    71   6.7450000              25600  4.9388425567764643E-01
    72   6.8400000              25600  4.9387967245684539E-01
    73   6.9350000              25600  4.9387543463969397E-01
    74   7.0300000              25600  4.9387159489282234E-01
    75   7.1250000              25600  4.9386819491815076E-01
    76   7.2200000              25600  4.9386525779352369E-01
    77   7.3150000              25600  4.9386278428166819E-01
    78   7.4100000              25600  4.9386075802587692E-01
    79   7.5050000              25600  4.9385916135315799E-01
    80   7.6000000              25600  4.9385798888550914E-01
    81   7.6950000              25600  4.9385724114660445E-01
    82   7.7900000              25600  4.9385689966193491E-01
    83   7.8850000              25600  4.9385690881675248E-01
    84   7.9800000              25600  4.9385718620724195E-01
    85   8.0750000              25600  4.9385765336344178E-01
    86   8.1700000              25600  4.9385825522536086E-01
    87   8.2650000              25600  4.9385894698224592E-01
    88   8.3600000              25600  4.9385966358495770E-01
    89   8.4550000              25600  4.9386030782152013E-01
    90   8.5500000              25600  4.9386076900532461E-01
    91   8.6450000              25600  4.9386094866252883E-01
    92   8.7400000              25600  4.9386076804395668E-01
    93   8.8350000              25600  4.9386015630928776E-01
    94   8.9300000              25600  4.9385903237351081E-01
    95   9.0250000              25600  4.9385729043907606E-01
    96   9.1200000              25600  4.9385479498554330E-01
    97   9.2150000              25600  4.9385139185775306E-01
    98   9.3100000              25600  4.9384693526771073E-01
    99   9.4050000              25600  4.9384131054800862E-01
   100   9.5000000              25600  4.9383442626892754E-01
   101   9.5950000              25600  4.9382617918040250E-01
   102   9.6900000              25600  4.9381643115739993E-01
   103   9.7850000              25600  4.9380503071368892E-01
   104   9.8800000              25600  4.9379186311226381E-01
   105   9.9750000              25600  4.9377687557008465E-01
   106   10.070000              25600  4.9376004631731540E-01
   107   10.165000              25600  4.9374132912327101E-01
   108   10.260000              25600  4.9372062989529431E-01
   109   10.355000              25600  4.9369782747714686E-01
   110   10.450000              25600  4.9367280241572986E-01
   111   10.545000              25600  4.9364544435846869E-01
   112   10.640000              25600  4.9361564230647559E-01
   113   10.735000              25600  4.9358327227017773E-01
   114   10.830000              25600  4.9354818710447834E-01
   115   10.925000              25600  4.9351021024997388E-01
   116   11.020000              25600  4.9346913826259875E-01
   117   11.115000              25600  4.9342475139134651E-01
   118   11.210000              25600  4.9337682278613471E-01
   119   11.305000              25600  4.9332512227709080E-01
   120   11.400000              25600  4.9326942181062827E-01
   121   11.495000              25600  4.9320950367801164E-01
   122   11.590000              25600  4.9314515575638540E-01
   123   11.685000              25600  4.9307614109996289E-01
   124   11.780000              25600  4.9300215644014006E-01
   125   11.875000              25600  4.9292280883262019E-01
   126   11.970000              25600  4.9283762043148971E-01
   127   12.065000              25600  4.9274604772145014E-01
   128   12.160000              25600  4.9264750468735607E-01
   129   12.255000              25600  4.9254138735601949E-01
   130   12.350000              25600  4.9242708748580455E-01
   131   12.445000              25600  4.9230398117142316E-01
   132   12.540000              25600  4.9217140409276322E-01
   133   12.635000              25600  4.9202864738317986E-01
   134   12.730000              25600  4.9187498580530398E-01
   135   12.825000              25600  4.9170970701262406E-01
   136   12.920000              25600  4.9153210828208832E-01
   137   13.015000              25600  4.9134147608739737E-01
   138   13.110000              25600  4.9113708026392355E-01
   139   13.205000              25600  4.9091815313765730E-01
   140   13.300000              25600  4.9068379662627470E-01
   141   13.395000              25600  4.9043285959602956E-01
   142   13.490000              25600  4.9016392764195021E-01
   143   13.585000              25600  4.8987548253634183E-01
   144   13.680000              25600  4.8956611608176648E-01
   145   13.775000              25600  4.8923464220003166E-01
   146   13.870000              25600  4.8888006822763674E-01
   147   13.965000              25600  4.8850151420725785E-01
   148   14.060000              25600  4.8809819122319009E-01
   149   14.155000              25600  4.8766945975169063E-01
   150   14.250000              25600  4.8721486919106760E-01
   151   14.345000              25600  4.8673408698266540E-01
   152   14.440000              25600  4.8622676602033066E-01
   153   14.535000              25600  4.8569247527632264E-01
   154   14.630000              25600  4.8513072924991540E-01
   155   14.725000              25600  4.8454103159617512E-01
   156   14.820000              25600  4.8392289498494351E-01
   157   14.915000              25600  4.8327593220936416E-01
   158   15.010000              25600  4.8260003510615956E-01
   159   15.105000              25600  4.8189549077381888E-01
   160   15.200000              25600  4.8116294384458952E-01
   161   15.295000              25600  4.8040332667302410E-01
   162   15.390000              25600  4.7961789114729086E-01
   163   15.485000              25600  4.7880822641969045E-01
   164   15.580000              25600  4.7797605823542155E-01
   165   15.675000              25600  4.7712293238474035E-01
   166   15.770000              25600  4.7625015793892755E-01
   167   15.865000              25600  4.7535912667714758E-01
   168   15.960000              25600  4.7445161516356898E-01
   169   16.055000              25600  4.7352968384678956E-01
   170   16.150000              25600  4.7259521616558364E-01
   171   16.245000              25600  4.7164945758906185E-01
   172   16.340000              25600  4.7069293269496815E-01
   173   16.435000              25600  4.6972580142638787E-01
   174   16.530000              25600  4.6874836789873342E-01
   175   16.625000              25600  4.6776137219854319E-01
   176   16.720000              25600  4.6676592372746173E-01
   177   16.815000              25600  4.6576321839519963E-01
   178   16.910000              25600  4.6475425819927280E-01
   179   17.005000              25600  4.6373964923676569E-01
   180   17.100000              25600  4.6271947607614794E-01
   181   17.195000              25600  4.6169335515181409E-01
   182   17.290000              25600  4.6066071586117791E-01
   183   17.385000              25600  4.5962126140547332E-01
   184   17.480000              25600  4.5857537256648045E-01
   185   17.575000              25600  4.5752409644494940E-01
   186   17.670000              25600  4.5646867836252591E-01
   187   17.765000              25600  4.5541011594788872E-01
   188   17.860000              25600  4.5434924741760246E-01
   189   17.955000              25600  4.5328732086233647E-01
   190   18.050000              25600  4.5222660069906029E-01
   191   18.145000              25600  4.5117065348811375E-01
   192   18.240000              25600  4.5012425765735142E-01
   193   18.335000              25600  4.4909301815886404E-01
   194   18.430000              25600  4.4808291624880081E-01
   195   18.525000              25600  4.4710008944991964E-01
   196   18.620000              25600  4.4615088377963730E-01
   197   18.715000              25600  4.4524195401132632E-01
   198   18.810000              25600  4.4438014563676143E-01
   199   18.905000              25600  4.4357216168711944E-01
   200   19.000000              25600  4.4282420666572764E-01
   201   19.095000              25600  4.4214176723757526E-01
   202   19.190000              25600  4.4152952835605114E-01
   203   19.285000              25600  4.4099140964075534E-01
   204   19.380000              25600  4.4053068345051111E-01
   205   19.475000              25600  4.4015006986217525E-01
   206   19.570000              25600  4.3985186586650193E-01
   207   19.665000              25600  4.3963833705851002E-01
   208   19.760000              25600  4.3951248655481545E-01
   209   19.855000              25600  4.3947895034021134E-01
   210   19.950000              25600  4.3954453625385675E-01
   211   20.045000              25600  4.3971813439806851E-01
   212   20.140000              25600  4.4001024216235718E-01
   213   20.235000              25600  4.4043223691168831E-01
   214   20.330000              25600  4.4099543310162348E-01
   215   20.425000              25600  4.4171006614127634E-01
   216   20.520000              25600  4.4258420524635084E-01
   217   20.615000              25600  4.4362261202163999E-01
   218   20.710000              25600  4.4482573262056746E-01
   219   20.805000              25600  4.4618918880731195E-01
   220   20.900000              25600  4.4770394946822573E-01
   221   20.995000              25600  4.4935695190404978E-01
   222   21.090000              25600  4.5113168973491447E-01
   223   21.185000              25600  4.5300846935494055E-01
   224   21.280000              25600  4.5496473759120371E-01
   225   21.375000              25600  4.5697587695629238E-01
   226   21.470000              25600  4.5901613695664045E-01
   227   21.565000              25600  4.6105924491035594E-01
   228   21.660000              25600  4.6307880254030043E-01
   229   21.755000              25600  4.6504892465633696E-01
   230   21.850000              25600  4.6694516527239444E-01
   231   21.945000              25600  4.6874532926466961E-01
   232   22.040000              25600  4.7042966851466750E-01
   233   22.135000              25600  4.7198054728816496E-01
   234   22.230000              25600  4.7338234633878878E-01
   235   22.325000              25600  4.7462202856618113E-01
   236   22.420000              25600  4.7568960080175998E-01
   237   22.515000              25600  4.7657751672303145E-01
   238   22.610000              25600  4.7727945263119298E-01
   239   22.705000              25600  4.7778968000252714E-01
   240   22.800000              25600  4.7810385673030020E-01
   241   22.895000              25600  4.7822070042195391E-01
   242   22.990000              25600  4.7814295558160214E-01
   243   23.085000              25600  4.7787714404535198E-01
   244   23.180000              25600  4.7743290799845084E-01
   245   23.275000              25600  4.7682278072027379E-01
   246   23.370000              25600  4.7606249451358312E-01
   247   23.465000              25600  4.7517125049970033E-01
   248   23.560000              25600  4.7417119077654873E-01
   249   23.655000              25600  4.7308589358274944E-01
   250   23.750000              25600  4.7193869041755065E-01
   251   23.845000              25600  4.7075171413163763E-01
   252   23.940000              25600  4.6954565785916363E-01
   253   24.035000              25600  4.6833962677425223E-01
   254   24.130000              25600  4.6715078223807804E-01
   255   24.225000              25600  4.6599388231444683E-01
   256   24.320000              25600  4.6488095152608389E-01
   257   24.415000              25600  4.6382109519368381E-01
   258   24.510000              25600  4.6282040190857809E-01
   259   24.605000              25600  4.6188196183959490E-01
   260   24.700000              25600  4.6100616575443087E-01
   261   24.795000              25600  4.6019143342782365E-01
   262   24.890000              25600  4.5943514138623720E-01
   263   24.985000              25600  4.5873450219789957E-01
   264   25.080000              25600  4.5808727807052718E-01
   265   25.175000              25600  4.5749223047864412E-01
   266   25.270000              25600  4.5694913533136750E-01
   267   25.365000              25600  4.5645840890368006E-01
   268   25.460000              25600  4.5602096981575280E-01
   269   25.555000              25600  4.5563849140593971E-01
   270   25.650000              25600  4.5531306476345351E-01
   271   25.745000              25600  4.5504578838527898E-01
   272   25.840000              25600  4.5483521251088455E-01
   273   25.935000              25600  4.5467674312846962E-01
   274   26.030000              25600  4.5456291692479417E-01
   275   26.125000              25600  4.5448375989949469E-01
   276   26.220000              25600  4.5442709918235624E-01
   277   26.315000              25600  4.5437905786219235E-01
   278   26.410000              25600  4.5432491189270219E-01
   279   26.505000              25600  4.5425027863239958E-01
   280   26.600000              25600  4.5414220453644105E-01
   281   26.695000              25600  4.5398980430335989E-01
   282   26.790000              25600  4.5378467233025543E-01
   283   26.885000              25600  4.5352136533639908E-01
   284   26.980000              25600  4.5319744350555163E-01
   285   27.075000              25600  4.5281263968619212E-01
   286   27.170000              25600  4.5236773110850814E-01
   287   27.265000              25600  4.5186375814395796E-01
   288   27.360000              25600  4.5130147880422411E-01
   289   27.455000              25600  4.5068078406573864E-01
   290   27.550000              25600  4.5000033253470390E-01
   291   27.645000              25600  4.4925777337464767E-01
   292   27.740000              25600  4.4845010453512713E-01
   293   27.835000              25600  4.4757375190184134E-01
   294   27.930000              25600  4.4662497285407887E-01
   295   28.025000              25600  4.4560089468557185E-01
   296   28.120000              25600  4.4450043993329114E-01
   297   28.215000              25600  4.4332456759142669E-01
   298   28.310000              25600  4.4207639333363208E-01
   299   28.405000              25600  4.4076154624000136E-01
   300   28.500000              25600  4.3938811368292591E-01
   301   28.595000              25600  4.3796634120793476E-01
   302   28.690000              25600  4.3650933450397822E-01
   303   28.785000              25600  4.3503468831535841E-01
   304   28.880000              25600  4.3356542829688760E-01
   305   28.975000              25600  4.3212950229624220E-01
   306   29.070000              25600  4.3075840616622585E-01
   307   29.165000              25600  4.2948527614504672E-01
   308   29.260000              25600  4.2834184705202349E-01
   309   29.355000              25600  4.2735408100718175E-01
   310   29.450000              25600  4.2653870655760429E-01
   311   29.545000              25600  4.2590344330371144E-01
   312   29.640000              25600  4.2545026902713895E-01
   313   29.735000              25600  4.2517873583972698E-01
   314   29.830000              25600  4.2508802194398176E-01
   315   29.925000              25600  4.2517843296191821E-01
   316   30.020000              25600  4.2545195739400110E-01
   317   30.115000              25600  4.2591117132249379E-01
   318   30.210000              25600  4.2655761499828276E-01
   319   30.305000              25600  4.2739109025450467E-01
   320   30.400000              25600  4.2841005275353505E-01
   321   30.495000              25600  4.2961173673073411E-01
   322   30.590000              25600  4.3099062615919281E-01
   323   30.685000              25600  4.3253634756187154E-01
   324   30.780000              25600  4.3423354536373715E-01
   325   30.875000              25600  4.3606362620059935E-01
   326   30.970000              25600  4.3800554099475636E-01
   327   31.065000              25600  4.4003505734041942E-01
   328   31.160000              25600  4.4212529272275425E-01
   329   31.255000              25600  4.4424977739612892E-01
   330   31.350000              25600  4.4638525482717584E-01
   331   31.445000              25600  4.4851255717182714E-01
   332   31.540000              25600  4.5061705495264354E-01
   333   31.635000              25600  4.5268777895741352E-01
   334   31.730000              25600  4.5471432844293180E-01
   335   31.825000              25600  4.5668393909582672E-01
   336   31.920000              25600  4.5857987139699535E-01
   337   32.015000              25600  4.6037872285418513E-01
   338   32.110000              25600  4.6204586752797661E-01
   339   32.205000              25600  4.6353261503551968E-01
   340   32.300000              25600  4.6477795554961743E-01
   341   32.395000              25600  4.6571402785583044E-01
   342   32.490000              25600  4.6627332620105288E-01
   343   32.585000              25600  4.6639583773952992E-01
   344   32.680000              25600  4.6603353279383170E-01
   345   32.775000              25600  4.6515188621029058E-01
   346   32.870000              25600  4.6373051126170228E-01
   347   32.965000              25600  4.6176385883785731E-01
   348   33.060000              25600  4.5926152039896551E-01
   349   33.155000              25600  4.5624740766931149E-01
   350   33.250000              25600  4.5275823657718245E-01
   351   33.345000              25600  4.4884207693084344E-01
   352   33.440000              25600  4.4455753821587995E-01
   353   33.535000              25600  4.3997370823333992E-01
   354   33.630000              25600  4.3516953405231118E-01
   355   33.725000              25600  4.3023119177228586E-01
   356   33.820000              25600  4.2524697244380300E-01
   357   33.915000              25600  4.2030089574372775E-01
   358   34.010000              25600  4.1546755025253934E-01
   359   34.105000              25600  4.1080954471356562E-01
   360   34.200000              25600  4.0637795990553094E-01
   361   34.295000              25600  4.0221632041729144E-01
   362   34.390000              25600  3.9836580727059012E-01
   363   34.485000              25600  3.9486804972533474E-01
   364   34.580000              25600  3.9176454710009712E-01
   365   34.675000              25600  3.8909267516979662E-01
   366   34.770000              25600  3.8687864636470060E-01
   367   34.865000              25600  3.8512989071665787E-01
   368   34.960000              25600  3.8383126074301854E-01
   369   35.055000              25600  3.8294680600840708E-01
   370   35.150000              25600  3.8242629850561538E-01
   371   35.245000              25600  3.8221599885679752E-01
   372   35.340000              25600  3.8226947151248014E-01
   373   35.435000              25600  3.8255340494705603E-01
   374   35.530000              25600  3.8304565759635789E-01
   375   35.625000              25600  3.8372599026373333E-01
   376   35.720000              25600  3.8456564089527168E-01
   377   35.815000              25600  3.8552180049385720E-01
   378   35.910000              25600  3.8653913556649622E-01
   379   36.005000              25600  3.8755824432307651E-01
   380   36.100000              25600  3.8852711569673376E-01
   381   36.195000              25600  3.8940973841805610E-01
   382   36.290000              25600  3.9018822655521368E-01
   383   36.385000              25600  3.9085827637223181E-01
   384   36.480000              25600  3.9142230336161998E-01
   385   36.575000              25600  3.9188472303120803E-01
   386   36.670000              25600  3.9225011322748099E-01
   387   36.765000              25600  3.9252283034183710E-01
   388   36.860000              25600  3.9270640970756182E-01
   389   36.955000              25600  3.9280341366398414E-01
   390   37.050000              25600  3.9281676173856850E-01
   391   37.145000              25600  3.9275154395905254E-01
   392   37.240000              25600  3.9261697319160793E-01
   393   37.335000              25600  3.9242815424263833E-01
   394   37.430000              25600  3.9220482221946129E-01
   395   37.525000              25600  3.9196832790426644E-01
   396   37.620000              25600  3.9173964132178690E-01
   397   37.715000              25600  3.9153531830861910E-01
   398   37.810000              25600  3.9136235785540452E-01
   399   37.905000              25600  3.9121821980180749E-01
   400   38.000000              25600  3.9109706314356613E-01
   401   38.095000              25600  3.9099798923672868E-01
   402   38.190000              25600  3.9093054652482317E-01
   403   38.285000              25600  3.9091471957662999E-01
   404   38.380000              25600  3.9097706574195873E-01
   405   38.475000              25600  3.9114653303522351E-01
   406   38.570000              25600  3.9145177947763843E-01
   407   38.665000              25600  3.9192010418973239E-01
   408   38.760000              25600  3.9257689094489961E-01
   409   38.855000              25600  3.9344397781006718E-01
   410   38.950000              25600  3.9453684576817216E-01
   411   39.045000              25600  3.9586152518335593E-01
   412   39.140000              25600  3.9741264611860549E-01
   413   39.235000              25600  3.9917401160441640E-01
   414   39.330000              25600  4.0112123455720672E-01
   415   39.425000              25600  4.0322648323566573E-01
   416   39.520000              25600  4.0546534305901905E-01
   417   39.615000              25600  4.0782206635462764E-01
   418   39.710000              25600  4.1028886661214647E-01
   419   39.805000              25600  4.1286094840861531E-01
   420   39.900000              25600  4.1553188597238683E-01
   421   39.995000              25600  4.1829037341070513E-01
   422   40.090000              25600  4.2111786143911922E-01
