! Kinetic energy for species "positrons-up"
  Iter        Time          Total Par.             Kin. Energy
     0   0.0000000              25600  4.9380193495933966E-01
     1  0.95000000E-01          25600  4.9380223055029010E-01
     2  0.19000000              25600  4.9380311431519719E-01
     3  0.28500000              25600  4.9380457632091446E-01
     4  0.38000000              25600  4.9380659805126603E-01
     5  0.47500000              25600  4.9380915173797968E-01
     6  0.57000000              25600  4.9381220106955104E-01
     7  0.66500000              25600  4.9381570232883942E-01
     8  0.76000000              25600  4.9381960499726019E-01
     9  0.85500000              25600  4.9382385196244116E-01
    10  0.95000000              25600  4.9382838039101212E-01
    11   1.0450000              25600  4.9383312381845135E-01
    12   1.1400000              25600  4.9383801439559011E-01
    13   1.2350000              25600  4.9384298355758799E-01
    14   1.3300000              25600  4.9384796088645622E-01
    15   1.4250000              25600  4.9385287316253418E-01
    16   1.5200000              25600  4.9385764596372506E-01
    17   1.6150000              25600  4.9386220765530298E-01
    18   1.7100000              25600  4.9386649255296960E-01
    19   1.8050000              25600  4.9387044072425068E-01
    20   1.9000000              25600  4.9387399617388539E-01
    21   1.9950000              25600  4.9387710696384496E-01
    22   2.0900000              25600  4.9387972754656800E-01
    23   2.1850000              25600  4.9388182042143147E-01
    24   2.2800000              25600  4.9388335548207052E-01
    25   2.3750000              25600  4.9388430888873786E-01
    26   2.4700000              25600  4.9388466416758892E-01
    27   2.5650000              25600  4.9388441493280116E-01
    28   2.6600000              25600  4.9388356572867387E-01
    29   2.7550000              25600  4.9388212972637313E-01
    30   2.8500000              25600  4.9388012595626807E-01
    31   2.9450000              25600  4.9387757861895359E-01
    32   3.0400000              25600  4.9387451861950715E-01
    33   3.1350000              25600  4.9387098684316738E-01
    34   3.2300000              25600  4.9386703734921744E-01
    35   3.3250000              25600  4.9386273568965700E-01
    36   3.4200000              25600  4.9385815081080453E-01
    37   3.5150000              25600  4.9385334845645623E-01
    38   3.6100000              25600  4.9384839350629395E-01
    39   3.7050000              25600  4.9384335535448387E-01
    40   3.8000000              25600  4.9383830637277465E-01
    41   3.8950000              25600  4.9383331570727002E-01
    42   3.9900000              25600  4.9382844731856856E-01
    43   4.0850000              25600  4.9382376381218751E-01
    44   4.1800000              25600  4.9381933068934447E-01
    45   4.2750000              25600  4.9381521523544369E-01
    46   4.3700000              25600  4.9381147887688248E-01
    47   4.4650000              25600  4.9380817088464340E-01
    48   4.5600000              25600  4.9380533141944777E-01
    49   4.6550000              25600  4.9380299733975014E-01
    50   4.7500000              25600  4.9380120023153695E-01
    51   4.8450000              25600  4.9379996272426230E-01
    52   4.9400000              25600  4.9379930315906734E-01
    53   5.0350000              25600  4.9379923914943025E-01
    54   5.1300000              25600  4.9379977668904229E-01
    55   5.2250000              25600  4.9380089608931355E-01
    56   5.3200000              25600  4.9380255662303851E-01
    57   5.4150000              25600  4.9380471749168509E-01
    58   5.5100000              25600  4.9380735025824612E-01
    59   5.6050000              25600  4.9381042819231613E-01
    60   5.7000000              25600  4.9381390487614440E-01
    61   5.7950000              25600  4.9381770632968242E-01
    62   5.8900000              25600  4.9382174602207346E-01
    63   5.9850000              25600  4.9382594659063328E-01
    64   6.0800000              25600  4.9383024646246354E-01
    65   6.1750000              25600  4.9383459043711664E-01
    66   6.2700000              25600  4.9383892024258380E-01
    67   6.3650000              25600  4.9384317316192183E-01
    68   6.4600000              25600  4.9384728210549628E-01
    69   6.5550000              25600  4.9385117132064671E-01
    70   6.6500000              25600  4.9385475306083226E-01
    71   6.7450000              25600  4.9385793413779344E-01
    72   6.8400000              25600  4.9386063186650081E-01
    73   6.9350000              25600  4.9386278758194940E-01
    74   7.0300000              25600  4.9386436655685606E-01
    75   7.1250000              25600  4.9386534583842928E-01
    76   7.2200000              25600  4.9386570116548395E-01
    77   7.3150000              25600  4.9386539943884450E-01
    78   7.4100000              25600  4.9386439630709045E-01
    79   7.5050000              25600  4.9386264413182290E-01
    80   7.6000000              25600  4.9386011519478745E-01
    81   7.6950000              25600  4.9385682122387509E-01
    82   7.7900000              25600  4.9385280055867897E-01
    83   7.8850000              25600  4.9384808152473314E-01
    84   7.9800000              25600  4.9384266608666194E-01
    85   8.0750000              25600  4.9383655247639735E-01
    86   8.1700000              25600  4.9382976376487830E-01
    87   8.2650000              25600  4.9382234619369425E-01
    88   8.3600000              25600  4.9381434527109241E-01
    89   8.4550000              25600  4.9380579317528012E-01
    90   8.5500000              25600  4.9379672034824318E-01
    91   8.6450000              25600  4.9378717378663278E-01
    92   8.7400000              25600  4.9377721930670382E-01
    93   8.8350000              25600  4.9376692368359709E-01
    94   8.9300000              25600  4.9375633373763861E-01
    95   9.0250000              25600  4.9374546960055421E-01
    96   9.1200000              25600  4.9373433016494550E-01
    97   9.2150000              25600  4.9372290085511855E-01
    98   9.3100000              25600  4.9371116243312663E-01
    99   9.4050000              25600  4.9369909725494376E-01
   100   9.5000000              25600  4.9368668241602787E-01
   101   9.5950000              25600  4.9367387436160204E-01
   102   9.6900000              25600  4.9366060599365780E-01
   103   9.7850000              25600  4.9364680356568685E-01
   104   9.8800000              25600  4.9363240732867031E-01
   105   9.9750000              25600  4.9361737573445907E-01
   106   10.070000              25600  4.9360166448399151E-01
   107   10.165000              25600  4.9358519226561304E-01
   108   10.260000              25600  4.9356782171953317E-01
   109   10.355000              25600  4.9354937087356954E-01
   110   10.450000              25600  4.9352963902591684E-01
   111   10.545000              25600  4.9350842386298088E-01
   112   10.640000              25600  4.9348552195100792E-01
   113   10.735000              25600  4.9346071436804539E-01
   114   10.830000              25600  4.9343374670986173E-01
   115   10.925000              25600  4.9340432054167982E-01
   116   11.020000              25600  4.9337210152168226E-01
   117   11.115000              25600  4.9333673070180456E-01
   118   11.210000              25600  4.9329783130911053E-01
   119   11.305000              25600  4.9325501974255659E-01
   120   11.400000              25600  4.9320792596461466E-01
   121   11.495000              25600  4.9315621092524214E-01
   122   11.590000              25600  4.9309955889284357E-01
   123   11.685000              25600  4.9303763443261650E-01
   124   11.780000              25600  4.9297002677627189E-01
   125   11.875000              25600  4.9289622421288448E-01
   126   11.970000              25600  4.9281563499890929E-01
   127   12.065000              25600  4.9272762730731923E-01
   128   12.160000              25600  4.9263155626715383E-01
   129   12.255000              25600  4.9252677663642414E-01
   130   12.350000              25600  4.9241265170347293E-01
   131   12.445000              25600  4.9228854990741400E-01
   132   12.540000              25600  4.9215381546051074E-01
   133   12.635000              25600  4.9200773479383458E-01
   134   12.730000              25600  4.9184954775696710E-01
   135   12.825000              25600  4.9167851755672887E-01
   136   12.920000              25600  4.9149400564035473E-01
   137   13.015000              25600  4.9129547402313534E-01
   138   13.110000              25600  4.9108238805090276E-01
   139   13.205000              25600  4.9085406715513052E-01
   140   13.300000              25600  4.9060956945199663E-01
   141   13.395000              25600  4.9034768634632026E-01
   142   13.490000              25600  4.9006706609830930E-01
   143   13.585000              25600  4.8976639356756507E-01
   144   13.680000              25600  4.8944450134173911E-01
   145   13.775000              25600  4.8910035876451330E-01
   146   13.870000              25600  4.8873301951450115E-01
   147   13.965000              25600  4.8834163829357480E-01
   148   14.060000              25600  4.8792556844444956E-01
   149   14.155000              25600  4.8748444451356687E-01
   150   14.250000              25600  4.8701815345267502E-01
   151   14.345000              25600  4.8652670082502641E-01
   152   14.440000              25600  4.8601006924194778E-01
   153   14.535000              25600  4.8546816048600111E-01
   154   14.630000              25600  4.8490079978221978E-01
   155   14.725000              25600  4.8430773098014845E-01
   156   14.820000              25600  4.8368863326036621E-01
   157   14.915000              25600  4.8304328423566600E-01
   158   15.010000              25600  4.8237186897549778E-01
   159   15.105000              25600  4.8167517484775502E-01
   160   15.200000              25600  4.8095444357795691E-01
   161   15.295000              25600  4.8021099386657534E-01
   162   15.390000              25600  4.7944594203637914E-01
   163   15.485000              25600  4.7866024163237308E-01
   164   15.580000              25600  4.7785498418854239E-01
   165   15.675000              25600  4.7703166561547017E-01
   166   15.770000              25600  4.7619210355253722E-01
   167   15.865000              25600  4.7533796392007488E-01
   168   15.960000              25600  4.7447024285008327E-01
   169   16.055000              25600  4.7358915855850664E-01
   170   16.150000              25600  4.7269453401817391E-01
   171   16.245000              25600  4.7178641811824651E-01
   172   16.340000              25600  4.7086549599150279E-01
   173   16.435000              25600  4.6993296317642574E-01
   174   16.530000              25600  4.6899007903749401E-01
   175   16.625000              25600  4.6803785766866890E-01
   176   16.720000              25600  4.6707724451977173E-01
   177   16.815000              25600  4.6610967694232208E-01
   178   16.910000              25600  4.6513754654217515E-01
   179   17.005000              25600  4.6416421534958102E-01
   180   17.100000              25600  4.6319371471841253E-01
   181   17.195000              25600  4.6223039786818554E-01
   182   17.290000              25600  4.6127863512249601E-01
   183   17.385000              25600  4.6034263297890921E-01
   184   17.480000              25600  4.5942654667035610E-01
   185   17.575000              25600  4.5853482244382376E-01
   186   17.670000              25600  4.5767236898518271E-01
   187   17.765000              25600  4.5684433917768130E-01
   188   17.860000              25600  4.5605581439300358E-01
   189   17.955000              25600  4.5531164484502773E-01
   190   18.050000              25600  4.5461627422216694E-01
   191   18.145000              25600  4.5397347424441026E-01
   192   18.240000              25600  4.5338619815446835E-01
   193   18.335000              25600  4.5285701587551958E-01
   194   18.430000              25600  4.5238913806082615E-01
   195   18.525000              25600  4.5198711463207997E-01
   196   18.620000              25600  4.5165653447426285E-01
   197   18.715000              25600  4.5140316165476768E-01
   198   18.810000              25600  4.5123223160225234E-01
   199   18.905000              25600  4.5114789948823647E-01
   200   19.000000              25600  4.5115229932517076E-01
   201   19.095000              25600  4.5124418574575909E-01
   202   19.190000              25600  4.5141798039065528E-01
   203   19.285000              25600  4.5166349882455104E-01
   204   19.380000              25600  4.5196614648980454E-01
   205   19.475000              25600  4.5230780028806006E-01
   206   19.570000              25600  4.5266854013796087E-01
   207   19.665000              25600  4.5302880999894801E-01
   208   19.760000              25600  4.5337094069215295E-01
   209   19.855000              25600  4.5367953284963813E-01
   210   19.950000              25600  4.5394159179825955E-01
   211   20.045000              25600  4.5414731078494619E-01
   212   20.140000              25600  4.5429048679072814E-01
   213   20.235000              25600  4.5436805244734740E-01
   214   20.330000              25600  4.5437990994250704E-01
   215   20.425000              25600  4.5432920081464245E-01
   216   20.520000              25600  4.5422180370467280E-01
   217   20.615000              25600  4.5406449873414201E-01
   218   20.710000              25600  4.5386278953878134E-01
   219   20.805000              25600  4.5361962884461909E-01
   220   20.900000              25600  4.5333550061914951E-01
   221   20.995000              25600  4.5300925427666766E-01
   222   21.090000              25600  4.5263880827652270E-01
   223   21.185000              25600  4.5222168114588590E-01
   224   21.280000              25600  4.5175592415964039E-01
   225   21.375000              25600  4.5124154947405248E-01
   226   21.470000              25600  4.5068179108435052E-01
   227   21.565000              25600  4.5008351065073476E-01
   228   21.660000              25600  4.4945660471334326E-01
   229   21.755000              25600  4.4881301008289187E-01
   230   21.850000              25600  4.4816610335364004E-01
   231   21.945000              25600  4.4753054686408789E-01
   232   22.040000              25600  4.4692184178444372E-01
   233   22.135000              25600  4.4635531243610721E-01
   234   22.230000              25600  4.4584542155718532E-01
   235   22.325000              25600  4.4540593815329371E-01
   236   22.420000              25600  4.4505019704201149E-01
   237   22.515000              25600  4.4479048306037705E-01
   238   22.610000              25600  4.4463672713478170E-01
   239   22.705000              25600  4.4459585080368658E-01
   240   22.800000              25600  4.4467240247068318E-01
   241   22.895000              25600  4.4486953062231893E-01
   242   22.990000              25600  4.4518919138186031E-01
   243   23.085000              25600  4.4563173795676680E-01
   244   23.180000              25600  4.4619555246377179E-01
   245   23.275000              25600  4.4687699399914604E-01
   246   23.370000              25600  4.4767035059344729E-01
   247   23.465000              25600  4.4856760361800441E-01
   248   23.560000              25600  4.4955815303863322E-01
   249   23.655000              25600  4.5062847066321954E-01
   250   23.750000              25600  4.5176182588791780E-01
   251   23.845000              25600  4.5293843971098691E-01
   252   23.940000              25600  4.5413626220059117E-01
   253   24.035000              25600  4.5533201479616170E-01
   254   24.130000              25600  4.5650210743635367E-01
   255   24.225000              25600  4.5762354243801512E-01
   256   24.320000              25600  4.5867499718339622E-01
   257   24.415000              25600  4.5963793217682014E-01
   258   24.510000              25600  4.6049723373555451E-01
   259   24.605000              25600  4.6124115809005473E-01
   260   24.700000              25600  4.6186090280965242E-01
   261   24.795000              25600  4.6235007494905289E-01
   262   24.890000              25600  4.6270425707980717E-01
   263   24.985000              25600  4.6292089922935509E-01
   264   25.080000              25600  4.6299945143062560E-01
   265   25.175000              25600  4.6294132909252472E-01
   266   25.270000              25600  4.6274960959243511E-01
   267   25.365000              25600  4.6242873108703880E-01
   268   25.460000              25600  4.6198459744250908E-01
   269   25.555000              25600  4.6142510535530090E-01
   270   25.650000              25600  4.6076035829207457E-01
   271   25.745000              25600  4.6000198423670668E-01
   272   25.840000              25600  4.5916194452715620E-01
   273   25.935000              25600  4.5825161108118839E-01
   274   26.030000              25600  4.5728139012267960E-01
   275   26.125000              25600  4.5626054299443108E-01
   276   26.220000              25600  4.5519664151043360E-01
   277   26.315000              25600  4.5409501184991508E-01
   278   26.410000              25600  4.5295911430358166E-01
   279   26.505000              25600  4.5179193129490614E-01
   280   26.600000              25600  4.5059739897889683E-01
   281   26.695000              25600  4.4938116447667631E-01
   282   26.790000              25600  4.4815098051283830E-01
   283   26.885000              25600  4.4691721745343793E-01
   284   26.980000              25600  4.4569283302151930E-01
   285   27.075000              25600  4.4449209183407268E-01
   286   27.170000              25600  4.4332892951637998E-01
   287   27.265000              25600  4.4221592871574766E-01
   288   27.360000              25600  4.4116351202461546E-01
   289   27.455000              25600  4.4017929514124582E-01
   290   27.550000              25600  4.3926844555913142E-01
   291   27.645000              25600  4.3843454575208146E-01
   292   27.740000              25600  4.3767978076174818E-01
   293   27.835000              25600  4.3700503187224282E-01
   294   27.930000              25600  4.3641088135643430E-01
   295   28.025000              25600  4.3589857578139446E-01
   296   28.120000              25600  4.3546968140340669E-01
   297   28.215000              25600  4.3512495284109587E-01
   298   28.310000              25600  4.3486332466658484E-01
   299   28.405000              25600  4.3468167764423205E-01
   300   28.500000              25600  4.3457644990841204E-01
   301   28.595000              25600  4.3454622075153859E-01
   302   28.690000              25600  4.3459265351381671E-01
   303   28.785000              25600  4.3471902516871497E-01
   304   28.880000              25600  4.3492714291289719E-01
   305   28.975000              25600  4.3521383677730785E-01
   306   29.070000              25600  4.3556845053722121E-01
   307   29.165000              25600  4.3597235517493232E-01
   308   29.260000              25600  4.3639978859023321E-01
   309   29.355000              25600  4.3681920996373896E-01
   310   29.450000              25600  4.3719548141691356E-01
   311   29.545000              25600  4.3749236945165193E-01
   312   29.640000              25600  4.3767503859285273E-01
   313   29.735000              25600  4.3771201703970630E-01
   314   29.830000              25600  4.3757552884527740E-01
   315   29.925000              25600  4.3724104752284992E-01
   316   30.020000              25600  4.3668743885872308E-01
   317   30.115000              25600  4.3589742954047006E-01
   318   30.210000              25600  4.3485785499681168E-01
   319   30.305000              25600  4.3355985824626375E-01
   320   30.400000              25600  4.3199907930560333E-01
   321   30.495000              25600  4.3017547783631238E-01
   322   30.590000              25600  4.2809319734124607E-01
   323   30.685000              25600  4.2576088292824660E-01
   324   30.780000              25600  4.2319162593651949E-01
   325   30.875000              25600  4.2040288099098816E-01
   326   30.970000              25600  4.1741732204275378E-01
   327   31.065000              25600  4.1426366120024383E-01
   328   31.160000              25600  4.1097683624365361E-01
   329   31.255000              25600  4.0759723278585247E-01
   330   31.350000              25600  4.0416876497216420E-01
   331   31.445000              25600  4.0073766437992192E-01
   332   31.540000              25600  3.9735276736016922E-01
   333   31.635000              25600  3.9406485382831158E-01
   334   31.730000              25600  3.9092380021292739E-01
   335   31.825000              25600  3.8797592414738002E-01
   336   31.920000              25600  3.8526227372521249E-01
   337   32.015000              25600  3.8281646262352315E-01
   338   32.110000              25600  3.8066299850212332E-01
   339   32.205000              25600  3.7881754587809280E-01
   340   32.300000              25600  3.7728896759888197E-01
   341   32.395000              25600  3.7608260526270032E-01
   342   32.490000              25600  3.7520374376728727E-01
   343   32.585000              25600  3.7466009160616470E-01
   344   32.680000              25600  3.7446291208835364E-01
   345   32.775000              25600  3.7462657943677680E-01
   346   32.870000              25600  3.7516696441911290E-01
   347   32.965000              25600  3.7609891857852329E-01
   348   33.060000              25600  3.7743268598042912E-01
   349   33.155000              25600  3.7917050741309388E-01
   350   33.250000              25600  3.8130351141860852E-01
   351   33.345000              25600  3.8380933560976360E-01
   352   33.440000              25600  3.8665282744007556E-01
   353   33.535000              25600  3.8978863836990674E-01
   354   33.630000              25600  3.9316442810687197E-01
   355   33.725000              25600  3.9672481141772448E-01
   356   33.820000              25600  4.0041425436261791E-01
   357   33.915000              25600  4.0417959912399776E-01
   358   34.010000              25600  4.0797250304574695E-01
   359   34.105000              25600  4.1174999751524866E-01
   360   34.200000              25600  4.1547189166108389E-01
   361   34.295000              25600  4.1909599245429052E-01
   362   34.390000              25600  4.2257530613597133E-01
   363   34.485000              25600  4.2585922228252870E-01
   364   34.580000              25600  4.2889756698436621E-01
   365   34.675000              25600  4.3164609998864312E-01
   366   34.770000              25600  4.3407283128832036E-01
   367   34.865000              25600  4.3616210978548786E-01
   368   34.960000              25600  4.3791429944481552E-01
   369   35.055000              25600  4.3934035672120275E-01
   370   35.150000              25600  4.4045285749716301E-01
   371   35.245000              25600  4.4125873147876410E-01
   372   35.340000              25600  4.4176017775609044E-01
   373   35.435000              25600  4.4196470379168257E-01
   374   35.530000              25600  4.4189254398746214E-01
   375   35.625000              25600  4.4157189503807848E-01
   376   35.720000              25600  4.4102496631682248E-01
   377   35.815000              25600  4.4025927922144048E-01
   378   35.910000              25600  4.3927599189888944E-01
   379   36.005000              25600  4.3808756906992063E-01
   380   36.100000              25600  4.3672841010351304E-01
   381   36.195000              25600  4.3525078850965282E-01
   382   36.290000              25600  4.3370953963376563E-01
   383   36.385000              25600  4.3214603942852814E-01
   384   36.480000              25600  4.3058253817608660E-01
   385   36.575000              25600  4.2903081076218064E-01
   386   36.670000              25600  4.2751034280969213E-01
   387   36.765000              25600  4.2606515651547455E-01
   388   36.860000              25600  4.2476964794690886E-01
   389   36.955000              25600  4.2371960454759505E-01
   390   37.050000              25600  4.2301112428210264E-01
   391   37.145000              25600  4.2271702027634817E-01
   392   37.240000              25600  4.2287130804306577E-01
   393   37.335000              25600  4.2346575844948930E-01
   394   37.430000              25600  4.2445485042225317E-01
   395   37.525000              25600  4.2576601615856641E-01
   396   37.620000              25600  4.2731200539490471E-01
   397   37.715000              25600  4.2900273028442665E-01
   398   37.810000              25600  4.3075656062119783E-01
   399   37.905000              25600  4.3250652941464379E-01
   400   38.000000              25600  4.3420032000479858E-01
   401   38.095000              25600  4.3580022458101952E-01
   402   38.190000              25600  4.3728331993364311E-01
   403   38.285000              25600  4.3863804305992249E-01
   404   38.380000              25600  4.3986009959230232E-01
   405   38.475000              25600  4.4095137066329182E-01
   406   38.570000              25600  4.4192081328710497E-01
   407   38.665000              25600  4.4278420238360033E-01
   408   38.760000              25600  4.4355974243050122E-01
   409   38.855000              25600  4.4426163762087550E-01
   410   38.950000              25600  4.4489518540131168E-01
   411   39.045000              25600  4.4545351623401791E-01
   412   39.140000              25600  4.4591621918734681E-01
   413   39.235000              25600  4.4624972414396002E-01
   414   39.330000              25600  4.4640823301274385E-01
   415   39.425000              25600  4.4633817532285019E-01
   416   39.520000              25600  4.4598854225942774E-01
   417   39.615000              25600  4.4532288366986544E-01
   418   39.710000              25600  4.4432779130295524E-01
   419   39.805000              25600  4.4301612482070535E-01
   420   39.900000              25600  4.4142484078134814E-01
   421   39.995000              25600  4.3960769412876965E-01
   422   40.090000              25600  4.3762600174486932E-01
