! Kinetic energy for species "electrons-up"
  Iter        Time          Total Par.             Kin. Energy
     0   0.0000000              25600  4.9413179960118292E-01
     1  0.95000000E-01          25600  4.9413149243118143E-01
     2  0.19000000              25600  4.9413057689459361E-01
     3  0.28500000              25600  4.9412906972863757E-01
     4  0.38000000              25600  4.9412699599600962E-01
     5  0.47500000              25600  4.9412438738457853E-01
     6  0.57000000              25600  4.9412128209035056E-01
     7  0.66500000              25600  4.9411772560085254E-01
     8  0.76000000              25600  4.9411377092498954E-01
     9  0.85500000              25600  4.9410947737533373E-01
    10  0.95000000              25600  4.9410490838770954E-01
    11   1.0450000              25600  4.9410012956423843E-01
    12   1.1400000              25600  4.9409520783602406E-01
    13   1.2350000              25600  4.9409021152569643E-01
    14   1.3300000              25600  4.9408521024137142E-01
    15   1.4250000              25600  4.9408027460509285E-01
    16   1.5200000              25600  4.9407547650099198E-01
    17   1.6150000              25600  4.9407088827941709E-01
    18   1.7100000              25600  4.9406657899761308E-01
    19   1.8050000              25600  4.9406261028048815E-01
    20   1.9000000              25600  4.9405903609637430E-01
    21   1.9950000              25600  4.9405590554083018E-01
    22   2.0900000              25600  4.9405326384437365E-01
    23   2.1850000              25600  4.9405114992323212E-01
    24   2.2800000              25600  4.9404959345118477E-01
    25   2.3750000              25600  4.9404861467623662E-01
    26   2.4700000              25600  4.9404822651418978E-01
    27   2.5650000              25600  4.9404843547857918E-01
    28   2.6600000              25600  4.9404924008688661E-01
    29   2.7550000              25600  4.9405062946952760E-01
    30   2.8500000              25600  4.9405258390776707E-01
    31   2.9450000              25600  4.9405507537781490E-01
    32   3.0400000              25600  4.9405806728778029E-01
    33   3.1350000              25600  4.9406151533322229E-01
    34   3.2300000              25600  4.9406536948175389E-01
    35   3.3250000              25600  4.9406957494933323E-01
    36   3.4200000              25600  4.9407407208136483E-01
    37   3.5150000              25600  4.9407879616457129E-01
    38   3.6100000              25600  4.9408367707881251E-01
    39   3.7050000              25600  4.9408864020889010E-01
    40   3.8000000              25600  4.9409361052388923E-01
    41   3.8950000              25600  4.9409851680314065E-01
    42   3.9900000              25600  4.9410329106591205E-01
    43   4.0850000              25600  4.9410786406218898E-01
    44   4.1800000              25600  4.9411216261763680E-01
    45   4.2750000              25600  4.9411611378765247E-01
    46   4.3700000              25600  4.9411965484369369E-01
    47   4.4650000              25600  4.9412273926893474E-01
    48   4.5600000              25600  4.9412533050385599E-01
    49   4.6550000              25600  4.9412739166771247E-01
    50   4.7500000              25600  4.9412888526584098E-01
    51   4.8450000              25600  4.9412978070931468E-01
    52   4.9400000              25600  4.9413005883059935E-01
    53   5.0350000              25600  4.9412971325962185E-01
    54   5.1300000              25600  4.9412875255657995E-01
    55   5.2250000              25600  4.9412719911066760E-01
    56   5.3200000              25600  4.9412508140538691E-01
    57   5.4150000              25600  4.9412242469891693E-01
    58   5.5100000              25600  4.9411924814618741E-01
    59   5.6050000              25600  4.9411557290934538E-01
    60   5.7000000              25600  4.9411143634113608E-01
    61   5.7950000              25600  4.9410689748509151E-01
    62   5.8900000              25600  4.9410202574488044E-01
    63   5.9850000              25600  4.9409688502690474E-01
    64   6.0800000              25600  4.9409153185540627E-01
    65   6.1750000              25600  4.9408602790573591E-01
    66   6.2700000              25600  4.9408044979408844E-01
    67   6.3650000              25600  4.9407488403528327E-01
    68   6.4600000              25600  4.9406941288125972E-01
    69   6.5550000              25600  4.9406410376778054E-01
    70   6.6500000              25600  4.9405900823859822E-01
    71   6.7450000              25600  4.9405416925189677E-01
    72   6.8400000              25600  4.9404963217009135E-01
    73   6.9350000              25600  4.9404545093542418E-01
    74   7.0300000              25600  4.9404168239821111E-01
    75   7.1250000              25600  4.9403837168685105E-01
    76   7.2200000              25600  4.9403554087566026E-01
    77   7.3150000              25600  4.9403319143242169E-01
    78   7.4100000              25600  4.9403131757155183E-01
    79   7.5050000              25600  4.9402991610730623E-01
    80   7.6000000              25600  4.9402898316418314E-01
    81   7.6950000              25600  4.9402850348783311E-01
    82   7.7900000              25600  4.9402844424665227E-01
    83   7.8850000              25600  4.9402875724633322E-01
    84   7.9800000              25600  4.9402938542965835E-01
    85   8.0750000              25600  4.9403026922930210E-01
    86   8.1700000              25600  4.9403134924263303E-01
    87   8.2650000              25600  4.9403256172080035E-01
    88   8.3600000              25600  4.9403382913052651E-01
    89   8.4550000              25600  4.9403505550012561E-01
    90   8.5500000              25600  4.9403613277203667E-01
    91   8.6450000              25600  4.9403695398461778E-01
    92   8.7400000              25600  4.9403742528530803E-01
    93   8.8350000              25600  4.9403746919154440E-01
    94   8.9300000              25600  4.9403701177111720E-01
    95   9.0250000              25600  4.9403595677553397E-01
    96   9.1200000              25600  4.9403416813155721E-01
    97   9.2150000              25600  4.9403148183583212E-01
    98   9.3100000              25600  4.9402774085976359E-01
    99   9.4050000              25600  4.9402282241904694E-01
   100   9.5000000              25600  4.9401663278189045E-01
   101   9.5950000              25600  4.9400907459742804E-01
   102   9.6900000              25600  4.9400002047074409E-01
   103   9.7850000              25600  4.9398932553405250E-01
   104   9.8800000              25600  4.9397687160158815E-01
   105   9.9750000              25600  4.9396259571920376E-01
   106   10.070000              25600  4.9394646899584338E-01
   107   10.165000              25600  4.9392844500939531E-01
   108   10.260000              25600  4.9390842567780668E-01
   109   10.355000              25600  4.9388627000380048E-01
   110   10.450000              25600  4.9386183176127840E-01
   111   10.545000              25600  4.9383499190979918E-01
   112   10.640000              25600  4.9380566002393594E-01
   113   10.735000              25600  4.9377374671303997E-01
   114   10.830000              25600  4.9373913102807471E-01
   115   10.925000              25600  4.9370164490601409E-01
   116   11.020000              25600  4.9366107957631533E-01
   117   11.115000              25600  4.9361720497995798E-01
   118   11.210000              25600  4.9356978985093652E-01
   119   11.305000              25600  4.9351861544576220E-01
   120   11.400000              25600  4.9346348061824313E-01
   121   11.495000              25600  4.9340419542740938E-01
   122   11.590000              25600  4.9334056382284136E-01
   123   11.685000              25600  4.9327236187319828E-01
   124   11.780000              25600  4.9319931339212120E-01
   125   11.875000              25600  4.9312106077710355E-01
   126   11.970000              25600  4.9303714315836228E-01
   127   12.065000              25600  4.9294700452535456E-01
   128   12.160000              25600  4.9285003620205309E-01
   129   12.255000              25600  4.9274562734456362E-01
   130   12.350000              25600  4.9263318708793513E-01
   131   12.445000              25600  4.9251212450779186E-01
   132   12.540000              25600  4.9238181134670000E-01
   133   12.635000              25600  4.9224156861777590E-01
   134   12.730000              25600  4.9209068536073119E-01
   135   12.825000              25600  4.9192843799830122E-01
   136   12.920000              25600  4.9175408926706488E-01
   137   13.015000              25600  4.9156688752126454E-01
   138   13.110000              25600  4.9136607816581740E-01
   139   13.205000              25600  4.9115088072640301E-01
   140   13.300000              25600  4.9092039039359381E-01
   141   13.395000              25600  4.9067346200488937E-01
   142   13.490000              25600  4.9040870049155894E-01
   143   13.585000              25600  4.9012459964011534E-01
   144   13.680000              25600  4.8981973370729615E-01
   145   13.775000              25600  4.8949286865672198E-01
   146   13.870000              25600  4.8914295200355401E-01
   147   13.965000              25600  4.8876905627459605E-01
   148   14.060000              25600  4.8837037342572531E-01
   149   14.155000              25600  4.8794627306772376E-01
   150   14.250000              25600  4.8749633118424868E-01
   151   14.345000              25600  4.8702024660750598E-01
   152   14.440000              25600  4.8651769524921484E-01
   153   14.535000              25600  4.8598825293165038E-01
   154   14.630000              25600  4.8543143304471870E-01
   155   14.725000              25600  4.8484674670885419E-01
   156   14.820000              25600  4.8423372987793029E-01
   157   14.915000              25600  4.8359203235491038E-01
   158   15.010000              25600  4.8292159152780645E-01
   159   15.105000              25600  4.8222273700258189E-01
   160   15.200000              25600  4.8149614160640331E-01
   161   15.295000              25600  4.8074275493232560E-01
   162   15.390000              25600  4.7996384282834376E-01
   163   15.485000              25600  4.7916099807524570E-01
   164   15.580000              25600  4.7833592230663269E-01
   165   15.675000              25600  4.7749009662625308E-01
   166   15.770000              25600  4.7662472547156509E-01
   167   15.865000              25600  4.7574107700485813E-01
   168   15.960000              25600  4.7484081227772362E-01
   169   16.055000              25600  4.7392588729669427E-01
   170   16.150000              25600  4.7299807263305654E-01
   171   16.245000              25600  4.7205847719551597E-01
   172   16.340000              25600  4.7110746411655113E-01
   173   16.435000              25600  4.7014501194879343E-01
   174   16.530000              25600  4.6917123717979548E-01
   175   16.625000              25600  4.6818671552547186E-01
   176   16.720000              25600  4.6719243975920227E-01
   177   16.815000              25600  4.6618952295939636E-01
   178   16.910000              25600  4.6517887974385863E-01
   179   17.005000              25600  4.6416100825214668E-01
   180   17.100000              25600  4.6313587410032703E-01
   181   17.195000              25600  4.6210297434125397E-01
   182   17.290000              25600  4.6106162674138423E-01
   183   17.385000              25600  4.6001145146073313E-01
   184   17.480000              25600  4.5895280428536789E-01
   185   17.575000              25600  4.5788678385667592E-01
   186   17.670000              25600  4.5681476543519900E-01
   187   17.765000              25600  4.5573795360010538E-01
   188   17.860000              25600  4.5465747444560811E-01
   189   17.955000              25600  4.5357493553271222E-01
   190   18.050000              25600  4.5249301482964766E-01
   191   18.145000              25600  4.5141574073821322E-01
   192   18.240000              25600  4.5034839774699853E-01
   193   18.335000              25600  4.4929710048843818E-01
   194   18.430000              25600  4.4826827510983619E-01
   195   18.525000              25600  4.4726840664639855E-01
   196   18.620000              25600  4.4630408563746615E-01
   197   18.715000              25600  4.4538208453411060E-01
   198   18.810000              25600  4.4450921455451997E-01
   199   18.905000              25600  4.4369199068526421E-01
   200   19.000000              25600  4.4293632702235786E-01
   201   19.095000              25600  4.4224744887592798E-01
   202   19.190000              25600  4.4162995704656799E-01
   203   19.285000              25600  4.4108795687566416E-01
   204   19.380000              25600  4.4062521801888266E-01
   205   19.475000              25600  4.4024521838064862E-01
   206   19.570000              25600  4.3995110805005067E-01
   207   19.665000              25600  4.3974590546030001E-01
   208   19.760000              25600  4.3963305593361046E-01
   209   19.855000              25600  4.3961710475247506E-01
   210   19.950000              25600  4.3970415221705972E-01
   211   20.045000              25600  4.3990183270283267E-01
   212   20.140000              25600  4.4021891200607000E-01
   213   20.235000              25600  4.4066470201313562E-01
   214   20.330000              25600  4.4124840852118963E-01
   215   20.425000              25600  4.4197843240833062E-01
   216   20.520000              25600  4.4286155205529543E-01
   217   20.615000              25600  4.4390201890853509E-01
   218   20.710000              25600  4.4510064377936398E-01
   219   20.805000              25600  4.4645424860556332E-01
   220   20.900000              25600  4.4795572617946527E-01
   221   20.995000              25600  4.4959424870120901E-01
   222   21.090000              25600  4.5135526287968081E-01
   223   21.185000              25600  4.5322046039889630E-01
   224   21.280000              25600  4.5516813073417639E-01
   225   21.375000              25600  4.5717398872474713E-01
   226   21.470000              25600  4.5921211330576750E-01
   227   21.565000              25600  4.6125565338483826E-01
   228   21.660000              25600  4.6327743908410124E-01
   229   21.755000              25600  4.6525086726560860E-01
   230   21.850000              25600  4.6715093688891729E-01
   231   21.945000              25600  4.6895491813680273E-01
   232   22.040000              25600  4.7064235556865103E-01
   233   22.135000              25600  4.7219478209546523E-01
   234   22.230000              25600  4.7359585450397823E-01
   235   22.325000              25600  4.7483218963541030E-01
   236   22.420000              25600  4.7589404586645057E-01
   237   22.515000              25600  4.7677479425661529E-01
   238   22.610000              25600  4.7746966630661758E-01
   239   22.705000              25600  4.7797504764614851E-01
   240   22.800000              25600  4.7828903799901545E-01
   241   22.895000              25600  4.7841275608394923E-01
   242   22.990000              25600  4.7835105563489611E-01
   243   23.085000              25600  4.7811210005822802E-01
   244   23.180000              25600  4.7770626915527892E-01
   245   23.275000              25600  4.7714543769662343E-01
   246   23.370000              25600  4.7644314605620708E-01
   247   23.465000              25600  4.7561511289446479E-01
   248   23.560000              25600  4.7467908710822371E-01
   249   23.655000              25600  4.7365356809971881E-01
   250   23.750000              25600  4.7255633595661961E-01
   251   23.845000              25600  4.7140413427360484E-01
   252   23.940000              25600  4.7021329867967698E-01
   253   24.035000              25600  4.6900006697274566E-01
   254   24.130000              25600  4.6778020598610975E-01
   255   24.225000              25600  4.6656854876701431E-01
   256   24.320000              25600  4.6537882232938693E-01
   257   24.415000              25600  4.6422349345801855E-01
   258   24.510000              25600  4.6311337105255490E-01
   259   24.605000              25600  4.6205715535827119E-01
   260   24.700000              25600  4.6106139344381331E-01
   261   24.795000              25600  4.6013099238952493E-01
   262   24.890000              25600  4.5926980696355196E-01
   263   24.985000              25600  4.5848094993172239E-01
   264   25.080000              25600  4.5776687545115080E-01
   265   25.175000              25600  4.5712924860879955E-01
   266   25.270000              25600  4.5656840424435685E-01
   267   25.365000              25600  4.5608263987733005E-01
   268   25.460000              25600  4.5566822298078508E-01
   269   25.555000              25600  4.5532018336421054E-01
   270   25.650000              25600  4.5503281454940880E-01
   271   25.745000              25600  4.5479937842855117E-01
   272   25.840000              25600  4.5461173195784155E-01
   273   25.935000              25600  4.5446067805342688E-01
   274   26.030000              25600  4.5433684069219238E-01
   275   26.125000              25600  4.5423125650920598E-01
   276   26.220000              25600  4.5413542324806022E-01
   277   26.315000              25600  4.5404097335348564E-01
   278   26.410000              25600  4.5393946927365497E-01
   279   26.505000              25600  4.5382260655498519E-01
   280   26.600000              25600  4.5368230317315494E-01
   281   26.695000              25600  4.5351048206463151E-01
   282   26.790000              25600  4.5329924167962321E-01
   283   26.885000              25600  4.5304184196577574E-01
   284   26.980000              25600  4.5273367658447317E-01
   285   27.075000              25600  4.5237239469781398E-01
   286   27.170000              25600  4.5195767770992912E-01
   287   27.265000              25600  4.5149107881334072E-01
   288   27.360000              25600  4.5097514015403317E-01
   289   27.455000              25600  4.5041177340583538E-01
   290   27.550000              25600  4.4980131177468041E-01
   291   27.645000              25600  4.4914282758921564E-01
   292   27.740000              25600  4.4843462236743803E-01
   293   27.835000              25600  4.4767413051282340E-01
   294   27.930000              25600  4.4685776133143729E-01
   295   28.025000              25600  4.4598131987291356E-01
   296   28.120000              25600  4.4504077415768489E-01
   297   28.215000              25600  4.4403280443706261E-01
   298   28.310000              25600  4.4295538215029340E-01
   299   28.405000              25600  4.4180843724316304E-01
   300   28.500000              25600  4.4059435221216914E-01
   301   28.595000              25600  4.3931840797596972E-01
   302   28.690000              25600  4.3798946131761857E-01
   303   28.785000              25600  4.3662078314531438E-01
   304   28.880000              25600  4.3523051162854176E-01
   305   28.975000              25600  4.3384173264452408E-01
   306   29.070000              25600  4.3248292967872259E-01
   307   29.165000              25600  4.3118911226001810E-01
   308   29.260000              25600  4.3000258654062778E-01
   309   29.355000              25600  4.2897154396815473E-01
   310   29.450000              25600  4.2814609549030991E-01
   311   29.545000              25600  4.2757342187690667E-01
   312   29.640000              25600  4.2729292164569160E-01
   313   29.735000              25600  4.2733083670753147E-01
   314   29.830000              25600  4.2769599949254489E-01
   315   29.925000              25600  4.2837975469594181E-01
   316   30.020000              25600  4.2936022177625244E-01
   317   30.115000              25600  4.3060768266551808E-01
   318   30.210000              25600  4.3208797096591811E-01
   319   30.305000              25600  4.3376388950937117E-01
   320   30.400000              25600  4.3559562483969633E-01
   321   30.495000              25600  4.3754021880235805E-01
   322   30.590000              25600  4.3955128175024355E-01
   323   30.685000              25600  4.4158113951174316E-01
   324   30.780000              25600  4.4358582096909965E-01
   325   30.875000              25600  4.4552966729941801E-01
   326   30.970000              25600  4.4738602546022443E-01
   327   31.065000              25600  4.4913544331511374E-01
   328   31.160000              25600  4.5076479067983777E-01
   329   31.255000              25600  4.5226771743890731E-01
   330   31.350000              25600  4.5364490458827356E-01
   331   31.445000              25600  4.5490309100092469E-01
   332   31.540000              25600  4.5605219740030001E-01
   333   31.635000              25600  4.5710107102446518E-01
   334   31.730000              25600  4.5805462769424199E-01
   335   31.825000              25600  4.5891327110359242E-01
   336   31.920000              25600  4.5967281220923989E-01
   337   32.015000              25600  4.6032442172765620E-01
   338   32.110000              25600  4.6085495212171312E-01
   339   32.205000              25600  4.6124571880923060E-01
   340   32.300000              25600  4.6146976820504892E-01
   341   32.395000              25600  4.6149083909638944E-01
   342   32.490000              25600  4.6126500130701703E-01
   343   32.585000              25600  4.6074394066166213E-01
   344   32.680000              25600  4.5987908745784944E-01
   345   32.775000              25600  4.5862668251083355E-01
   346   32.870000              25600  4.5695268689239271E-01
   347   32.965000              25600  4.5483590699907039E-01
   348   33.060000              25600  4.5226967043850724E-01
   349   33.155000              25600  4.4926268346299719E-01
   350   33.250000              25600  4.4583986514190377E-01
   351   33.345000              25600  4.4204359901587098E-01
   352   33.440000              25600  4.3793370752398708E-01
   353   33.535000              25600  4.3358518412836045E-01
   354   33.630000              25600  4.2908466159561898E-01
   355   33.725000              25600  4.2452609659955753E-01
   356   33.820000              25600  4.2000615441220412E-01
   357   33.915000              25600  4.1561986237778475E-01
   358   34.010000              25600  4.1145601267572030E-01
   359   34.105000              25600  4.0759202079161216E-01
   360   34.200000              25600  4.0408960457009768E-01
   361   34.295000              25600  4.0099235886768053E-01
   362   34.390000              25600  3.9832455400699740E-01
   363   34.485000              25600  3.9609111857053392E-01
   364   34.580000              25600  3.9427989366617155E-01
   365   34.675000              25600  3.9286649901075843E-01
   366   34.770000              25600  3.9182068981598378E-01
   367   34.865000              25600  3.9111262945329039E-01
   368   34.960000              25600  3.9071672965941873E-01
   369   35.055000              25600  3.9061114058809238E-01
   370   35.150000              25600  3.9077231644033261E-01
   371   35.245000              25600  3.9116586199401004E-01
   372   35.340000              25600  3.9173965338322736E-01
   373   35.435000              25600  3.9242470159215909E-01
   374   35.530000              25600  3.9314548652387293E-01
   375   35.625000              25600  3.9383716429166671E-01
   376   35.720000              25600  3.9446027693304020E-01
   377   35.815000              25600  3.9500356519881391E-01
   378   35.910000              25600  3.9547335233721792E-01
   379   36.005000              25600  3.9587765006380948E-01
   380   36.100000              25600  3.9621587936949959E-01
   381   36.195000              25600  3.9647779703780361E-01
   382   36.290000              25600  3.9664916494115687E-01
   383   36.385000              25600  3.9671833346759988E-01
   384   36.480000              25600  3.9668024334483148E-01
   385   36.575000              25600  3.9653936189529815E-01
   386   36.670000              25600  3.9630925309812748E-01
   387   36.765000              25600  3.9600818478445987E-01
   388   36.860000              25600  3.9565341599046500E-01
   389   36.955000              25600  3.9525503273535284E-01
   390   37.050000              25600  3.9481212740581073E-01
   391   37.145000              25600  3.9431377512604843E-01
   392   37.240000              25600  3.9374294725556214E-01
   393   37.335000              25600  3.9308131504717858E-01
   394   37.430000              25600  3.9231369398298760E-01
   395   37.525000              25600  3.9143104913361160E-01
   396   37.620000              25600  3.9043413367801677E-01
   397   37.715000              25600  3.8933658628021650E-01
   398   37.810000              25600  3.8816421205870533E-01
   399   37.905000              25600  3.8695351016261592E-01
   400   38.000000              25600  3.8575196449503096E-01
   401   38.095000              25600  3.8461579985275968E-01
   402   38.190000              25600  3.8360299793352337E-01
   403   38.285000              25600  3.8276573293239397E-01
   404   38.380000              25600  3.8214596968703718E-01
   405   38.475000              25600  3.8177431192138145E-01
   406   38.570000              25600  3.8167131544121302E-01
   407   38.665000              25600  3.8185036051305143E-01
   408   38.760000              25600  3.8231970718710279E-01
   409   38.855000              25600  3.8308300811131391E-01
   410   38.950000              25600  3.8413970281700688E-01
   411   39.045000              25600  3.8548510002013431E-01
   412   39.140000              25600  3.8710986529640512E-01
   413   39.235000              25600  3.8899926665789192E-01
   414   39.330000              25600  3.9113211093930561E-01
   415   39.425000              25600  3.9348073297313330E-01
   416   39.520000              25600  3.9601419693097728E-01
   417   39.615000              25600  3.9870368344331841E-01
   418   39.710000              25600  4.0152666820354199E-01
   419   39.805000              25600  4.0446870213679686E-01
   420   39.900000              25600  4.0752286141909766E-01
   421   39.995000              25600  4.1068608794275729E-01
   422   40.090000              25600  4.1395353040387112E-01
