! Kinetic energy for species "electrons-down"
  Iter        Time          Total Par.             Kin. Energy
     0   0.0000000              25600  4.9412469823366745E-01
     1  0.95000000E-01          25600  4.9412499274147625E-01
     2  0.19000000              25600  4.9412587397084373E-01
     3  0.28500000              25600  4.9412733341781084E-01
     4  0.38000000              25600  4.9412935375258504E-01
     5  0.47500000              25600  4.9413190746692887E-01
     6  0.57000000              25600  4.9413495690007425E-01
     7  0.66500000              25600  4.9413845595229222E-01
     8  0.76000000              25600  4.9414235297008491E-01
     9  0.85500000              25600  4.9414659287132612E-01
    10  0.95000000              25600  4.9415111709694859E-01
    11   1.0450000              25600  4.9415586237493386E-01
    12   1.1400000              25600  4.9416076052260305E-01
    13   1.2350000              25600  4.9416573997926339E-01
    14   1.3300000              25600  4.9417072777206777E-01
    15   1.4250000              25600  4.9417565067470381E-01
    16   1.5200000              25600  4.9418043593357996E-01
    17   1.6150000              25600  4.9418501290650269E-01
    18   1.7100000              25600  4.9418931551111883E-01
    19   1.8050000              25600  4.9419328331508983E-01
    20   1.9000000              25600  4.9419686059958168E-01
    21   1.9950000              25600  4.9419999582761825E-01
    22   2.0900000              25600  4.9420264257109547E-01
    23   2.1850000              25600  4.9420475988883394E-01
    24   2.2800000              25600  4.9420631213604727E-01
    25   2.3750000              25600  4.9420727120115782E-01
    26   2.4700000              25600  4.9420762130124662E-01
    27   2.5650000              25600  4.9420736178582386E-01
    28   2.6600000              25600  4.9420650443318737E-01
    29   2.7550000              25600  4.9420506715367374E-01
    30   2.8500000              25600  4.9420306903176131E-01
    31   2.9450000              25600  4.9420053008590770E-01
    32   3.0400000              25600  4.9419747605166875E-01
    33   3.1350000              25600  4.9419394546875361E-01
    34   3.2300000              25600  4.9418999362828764E-01
    35   3.3250000              25600  4.9418568888405290E-01
    36   3.4200000              25600  4.9418110311955560E-01
    37   3.5150000              25600  4.9417630397353107E-01
    38   3.6100000              25600  4.9417135476515428E-01
    39   3.7050000              25600  4.9416631995835958E-01
    40   3.8000000              25600  4.9416126848340114E-01
    41   3.8950000              25600  4.9415627123914685E-01
    42   3.9900000              25600  4.9415139732304758E-01
    43   4.0850000              25600  4.9414671434293633E-01
    44   4.1800000              25600  4.9414229053662939E-01
    45   4.2750000              25600  4.9413819231025424E-01
    46   4.3700000              25600  4.9413447773191171E-01
    47   4.4650000              25600  4.9413119418165335E-01
    48   4.5600000              25600  4.9412838288347805E-01
    49   4.6550000              25600  4.9412608203632102E-01
    50   4.7500000              25600  4.9412432302300580E-01
    51   4.8450000              25600  4.9412312677833764E-01
    52   4.9400000              25600  4.9412250688093817E-01
    53   5.0350000              25600  4.9412247281262522E-01
    54   5.1300000              25600  4.9412302592338708E-01
    55   5.2250000              25600  4.9412415420982408E-01
    56   5.3200000              25600  4.9412583525369791E-01
    57   5.4150000              25600  4.9412804364739127E-01
    58   5.5100000              25600  4.9413075149936314E-01
    59   5.6050000              25600  4.9413391949496455E-01
    60   5.7000000              25600  4.9413748881318476E-01
    61   5.7950000              25600  4.9414138483114989E-01
    62   5.8900000              25600  4.9414553063721306E-01
    63   5.9850000              25600  4.9414985732448058E-01
    64   6.0800000              25600  4.9415430312849173E-01
    65   6.1750000              25600  4.9415880724684746E-01
    66   6.2700000              25600  4.9416330749746173E-01
    67   6.3650000              25600  4.9416774086335802E-01
    68   6.4600000              25600  4.9417203927638681E-01
    69   6.5550000              25600  4.9417612144752882E-01
    70   6.6500000              25600  4.9417989239739435E-01
    71   6.7450000              25600  4.9418325645417915E-01
    72   6.8400000              25600  4.9418613385127874E-01
    73   6.9350000              25600  4.9418846826307589E-01
    74   7.0300000              25600  4.9419022334247464E-01
    75   7.1250000              25600  4.9419137355451204E-01
    76   7.2200000              25600  4.9419189441863937E-01
    77   7.3150000              25600  4.9419175563371320E-01
    78   7.4100000              25600  4.9419091900830769E-01
    79   7.5050000              25600  4.9418934306172041E-01
    80   7.6000000              25600  4.9418699590146475E-01
    81   7.6950000              25600  4.9418387070612646E-01
    82   7.7900000              25600  4.9417998911942562E-01
    83   7.8850000              25600  4.9417538509331721E-01
    84   7.9800000              25600  4.9417008437627297E-01
    85   8.0750000              25600  4.9416410255587856E-01
    86   8.1700000              25600  4.9415746070299810E-01
    87   8.2650000              25600  4.9415019411445149E-01
    88   8.3600000              25600  4.9414234270517055E-01
    89   8.4550000              25600  4.9413394035984681E-01
    90   8.5500000              25600  4.9412501975809903E-01
    91   8.6450000              25600  4.9411562495393196E-01
    92   8.7400000              25600  4.9410581572195478E-01
    93   8.8350000              25600  4.9409565929191990E-01
    94   8.9300000              25600  4.9408521438753727E-01
    95   9.0250000              25600  4.9407451626902477E-01
    96   9.1200000              25600  4.9406357275762808E-01
    97   9.2150000              25600  4.9405237308385785E-01
    98   9.3100000              25600  4.9404090042581850E-01
    99   9.4050000              25600  4.9402913922081948E-01
   100   9.5000000              25600  4.9401707366776604E-01
   101   9.5950000              25600  4.9400467728403297E-01
   102   9.6900000              25600  4.9399190301875129E-01
   103   9.7850000              25600  4.9397868984144033E-01
   104   9.8800000              25600  4.9396498401886146E-01
   105   9.9750000              25600  4.9395074948477102E-01
   106   10.070000              25600  4.9393594872588403E-01
   107   10.165000              25600  4.9392050602527826E-01
   108   10.260000              25600  4.9390428141943010E-01
   109   10.355000              25600  4.9388707535737181E-01
   110   10.450000              25600  4.9386866294115639E-01
   111   10.545000              25600  4.9384883301500493E-01
   112   10.640000              25600  4.9382739937827197E-01
   113   10.735000              25600  4.9380417450422609E-01
   114   10.830000              25600  4.9377892913336630E-01
   115   10.925000              25600  4.9375136832381755E-01
   116   11.020000              25600  4.9372113605057427E-01
   117   11.115000              25600  4.9368784066245192E-01
   118   11.210000              25600  4.9365108387370166E-01
   119   11.305000              25600  4.9361048001830499E-01
   120   11.400000              25600  4.9356566589085105E-01
   121   11.495000              25600  4.9351630380470735E-01
   122   11.590000              25600  4.9346206823241257E-01
   123   11.685000              25600  4.9340260910168243E-01
   124   11.780000              25600  4.9333750827416589E-01
   125   11.875000              25600  4.9326625461574469E-01
   126   11.970000              25600  4.9318824741504408E-01
   127   12.065000              25600  4.9310282289707547E-01
   128   12.160000              25600  4.9300929356582385E-01
   129   12.255000              25600  4.9290698560233814E-01
   130   12.350000              25600  4.9279525810137548E-01
   131   12.445000              25600  4.9267349331217758E-01
   132   12.540000              25600  4.9254105693555444E-01
   133   12.635000              25600  4.9239725314291805E-01
   134   12.730000              25600  4.9224132450683661E-01
   135   12.825000              25600  4.9207252003946667E-01
   136   12.920000              25600  4.9189017988266975E-01
   137   13.015000              25600  4.9169375072120330E-01
   138   13.110000              25600  4.9148269756723428E-01
   139   13.205000              25600  4.9125635518554073E-01
   140   13.300000              25600  4.9101380704687242E-01
   141   13.395000              25600  4.9075387823419320E-01
   142   13.490000              25600  4.9047526152764681E-01
   143   13.585000              25600  4.9017668931002339E-01
   144   13.680000              25600  4.8985702628948113E-01
   145   13.775000              25600  4.8951525007461982E-01
   146   13.870000              25600  4.8915040798323933E-01
   147   13.965000              25600  4.8876164761206964E-01
   148   14.060000              25600  4.8834832559231445E-01
   149   14.155000              25600  4.8791009985385370E-01
   150   14.250000              25600  4.8744689994087859E-01
   151   14.345000              25600  4.8695877137827165E-01
   152   14.440000              25600  4.8644570621418626E-01
   153   14.535000              25600  4.8590757981245497E-01
   154   14.630000              25600  4.8534417745751379E-01
   155   14.725000              25600  4.8475521498769192E-01
   156   14.820000              25600  4.8414036209123334E-01
   157   14.915000              25600  4.8349939523525981E-01
   158   15.010000              25600  4.8283249510585446E-01
   159   15.105000              25600  4.8214043926611261E-01
   160   15.200000              25600  4.8142445875501938E-01
   161   15.295000              25600  4.8068586401891061E-01
   162   15.390000              25600  4.7992576273408466E-01
   163   15.485000              25600  4.7914509433589569E-01
   164   15.580000              25600  4.7834492904832826E-01
   165   15.675000              25600  4.7752673338383855E-01
   166   15.770000              25600  4.7669229293872373E-01
   167   15.865000              25600  4.7584326044742331E-01
   168   15.960000              25600  4.7498065775032122E-01
   169   16.055000              25600  4.7410476128662332E-01
   170   16.150000              25600  4.7321545794018827E-01
   171   16.245000              25600  4.7231284953391939E-01
   172   16.340000              25600  4.7139767693280060E-01
   173   16.435000              25600  4.7047121810451814E-01
   174   16.530000              25600  4.6953486130962263E-01
   175   16.625000              25600  4.6858981312742809E-01
   176   16.720000              25600  4.6763727239330743E-01
   177   16.815000              25600  4.6667895564436096E-01
   178   16.910000              25600  4.6571750170123588E-01
   179   17.005000              25600  4.6475642389894567E-01
   180   17.100000              25600  4.6379974915112610E-01
   181   17.195000              25600  4.6285161279228887E-01
   182   17.290000              25600  4.6191591579036351E-01
   183   17.385000              25600  4.6099615193700816E-01
   184   17.480000              25600  4.6009553977432527E-01
   185   17.575000              25600  4.5921737623506725E-01
   186   17.670000              25600  4.5836524760121289E-01
   187   17.765000              25600  4.5754289345135535E-01
   188   17.860000              25600  4.5675399954530066E-01
   189   17.955000              25600  4.5600212823827435E-01
   190   18.050000              25600  4.5529058497924996E-01
   191   18.145000              25600  4.5462220201654530E-01
   192   18.240000              25600  4.5399932353460470E-01
   193   18.335000              25600  4.5342441299036201E-01
   194   18.430000              25600  4.5290109850722288E-01
   195   18.525000              25600  4.5243474248778393E-01
   196   18.620000              25600  4.5203211251159203E-01
   197   18.715000              25600  4.5170063382849579E-01
   198   18.810000              25600  4.5144771291783803E-01
   199   18.905000              25600  4.5128015042098452E-01
   200   19.000000              25600  4.5120338523913139E-01
   201   19.095000              25600  4.5122036947222027E-01
   202   19.190000              25600  4.5133052833283027E-01
   203   19.285000              25600  4.5152912536189505E-01
   204   19.380000              25600  4.5180668872645952E-01
   205   19.475000              25600  4.5214861038539278E-01
   206   19.570000              25600  4.5253572500660733E-01
   207   19.665000              25600  4.5294596235602330E-01
   208   19.760000              25600  4.5335613212357379E-01
   209   19.855000              25600  4.5374356809043159E-01
   210   19.950000              25600  4.5408793166756639E-01
   211   20.045000              25600  4.5437306419059786E-01
   212   20.140000              25600  4.5458803420741134E-01
   213   20.235000              25600  4.5472697358447123E-01
   214   20.330000              25600  4.5478850276250754E-01
   215   20.425000              25600  4.5477525884517295E-01
   216   20.520000              25600  4.5469302584851728E-01
   217   20.615000              25600  4.5454890671186021E-01
   218   20.710000              25600  4.5434918743535230E-01
   219   20.805000              25600  4.5409808959961073E-01
   220   20.900000              25600  4.5379771788321915E-01
   221   20.995000              25600  4.5344857059776933E-01
   222   21.090000              25600  4.5305001724175209E-01
   223   21.185000              25600  4.5260070476889958E-01
   224   21.280000              25600  4.5209935700737880E-01
   225   21.375000              25600  4.5154625303168999E-01
   226   21.470000              25600  4.5094481122187785E-01
   227   21.565000              25600  4.5030229790858534E-01
   228   21.660000              25600  4.4962938353037246E-01
   229   21.755000              25600  4.4893929906340035E-01
   230   21.850000              25600  4.4824733889484464E-01
   231   21.945000              25600  4.4757057991614863E-01
   232   22.040000              25600  4.4692714033327430E-01
   233   22.135000              25600  4.4633490139091569E-01
   234   22.230000              25600  4.4581063272723387E-01
   235   22.325000              25600  4.4536996027413267E-01
   236   22.420000              25600  4.4502741324859102E-01
   237   22.515000              25600  4.4479565655115261E-01
   238   22.610000              25600  4.4468417434478769E-01
   239   22.705000              25600  4.4469869838368148E-01
   240   22.800000              25600  4.4484193073673761E-01
   241   22.895000              25600  4.4511462986224370E-01
   242   22.990000              25600  4.4551598545462534E-01
   243   23.085000              25600  4.4604338711269087E-01
   244   23.180000              25600  4.4669214835687954E-01
   245   23.275000              25600  4.4745543138559374E-01
   246   23.370000              25600  4.4832424805148335E-01
   247   23.465000              25600  4.4928744026310985E-01
   248   23.560000              25600  4.5033163058591252E-01
   249   23.655000              25600  4.5144096718125271E-01
   250   23.750000              25600  4.5259692535835599E-01
   251   23.845000              25600  4.5377873885653058E-01
   252   23.940000              25600  4.5496453667115827E-01
   253   24.035000              25600  4.5613253216324534E-01
   254   24.130000              25600  4.5726179081609614E-01
   255   24.225000              25600  4.5833280224526107E-01
   256   24.320000              25600  4.5932815582889752E-01
   257   24.415000              25600  4.6023309496842757E-01
   258   24.510000              25600  4.6103548092635871E-01
   259   24.605000              25600  4.6172530906593584E-01
   260   24.700000              25600  4.6229435443474720E-01
   261   24.795000              25600  4.6273606125438937E-01
   262   24.890000              25600  4.6304571185379162E-01
   263   24.985000              25600  4.6322095091918958E-01
   264   25.080000              25600  4.6326224426322860E-01
   265   25.175000              25600  4.6317278465370654E-01
   266   25.270000              25600  4.6295796465862193E-01
   267   25.365000              25600  4.6262472843183799E-01
   268   25.460000              25600  4.6218129651758760E-01
   269   25.555000              25600  4.6163755215155622E-01
   270   25.650000              25600  4.6100531183765958E-01
   271   25.745000              25600  4.6029770732063396E-01
   272   25.840000              25600  4.5952814709296785E-01
   273   25.935000              25600  4.5870966906072708E-01
   274   26.030000              25600  4.5785458065454399E-01
   275   26.125000              25600  4.5697389779071718E-01
   276   26.220000              25600  4.5607640040653830E-01
   277   26.315000              25600  4.5516768749883696E-01
   278   26.410000              25600  4.5425002125671110E-01
   279   26.505000              25600  4.5332304036744453E-01
   280   26.600000              25600  4.5238448824009575E-01
   281   26.695000              25600  4.5143073905495845E-01
   282   26.790000              25600  4.5045758771422384E-01
   283   26.885000              25600  4.4946146381858437E-01
   284   26.980000              25600  4.4844066249346765E-01
   285   27.075000              25600  4.4739607171581453E-01
   286   27.170000              25600  4.4633164534073033E-01
   287   27.265000              25600  4.4525504282883188E-01
   288   27.360000              25600  4.4417797788423619E-01
   289   27.455000              25600  4.4311588991257378E-01
   290   27.550000              25600  4.4208730157421727E-01
   291   27.645000              25600  4.4111278195765347E-01
   292   27.740000              25600  4.4021301904648541E-01
   293   27.835000              25600  4.3940662900751404E-01
   294   27.930000              25600  4.3870909204441549E-01
   295   28.025000              25600  4.3813234715494426E-01
   296   28.120000              25600  4.3768361665887018E-01
   297   28.215000              25600  4.3736383220364616E-01
   298   28.310000              25600  4.3716650903263987E-01
   299   28.405000              25600  4.3707716332655677E-01
   300   28.500000              25600  4.3707399204814446E-01
   301   28.595000              25600  4.3713035203516787E-01
   302   28.690000              25600  4.3721837681959907E-01
   303   28.785000              25600  4.3731280736897277E-01
   304   28.880000              25600  4.3739395889918420E-01
   305   28.975000              25600  4.3744951994985026E-01
   306   29.070000              25600  4.3747549507145228E-01
   307   29.165000              25600  4.3747553843540710E-01
   308   29.260000              25600  4.3745752200326710E-01
   309   29.355000              25600  4.3742811371731494E-01
   310   29.450000              25600  4.3738782599401116E-01
   311   29.545000              25600  4.3732791250457476E-01
   312   29.640000              25600  4.3722939564872348E-01
   313   29.735000              25600  4.3706417701541983E-01
   314   29.830000              25600  4.3679750481136986E-01
   315   29.925000              25600  4.3639129031086127E-01
   316   30.020000              25600  4.3580815740317852E-01
   317   30.115000              25600  4.3501565481493715E-01
   318   30.210000              25600  4.3398929148607912E-01
   319   30.305000              25600  4.3271310266577212E-01
   320   30.400000              25600  4.3117897710273090E-01
   321   30.495000              25600  4.2938690698717480E-01
   322   30.590000              25600  4.2734532799416086E-01
   323   30.685000              25600  4.2507063476383500E-01
   324   30.780000              25600  4.2258681350563365E-01
   325   30.875000              25600  4.1992453646446526E-01
   326   30.970000              25600  4.1711919418573129E-01
   327   31.065000              25600  4.1420936980991657E-01
   328   31.160000              25600  4.1123558430511808E-01
   329   31.255000              25600  4.0823775203649521E-01
   330   31.350000              25600  4.0525271772792515E-01
   331   31.445000              25600  4.0231374082441651E-01
   332   31.540000              25600  3.9945065980407324E-01
   333   31.635000              25600  3.9668992327087477E-01
   334   31.730000              25600  3.9405554234861107E-01
   335   31.825000              25600  3.9157124342087146E-01
   336   31.920000              25600  3.8926268338984610E-01
   337   32.015000              25600  3.8715880604119490E-01
   338   32.110000              25600  3.8529132340246719E-01
   339   32.205000              25600  3.8369183433094578E-01
   340   32.300000              25600  3.8238849047048096E-01
   341   32.395000              25600  3.8140390508794958E-01
   342   32.490000              25600  3.8075376347591827E-01
   343   32.585000              25600  3.8044590885419388E-01
   344   32.680000              25600  3.8048080715397609E-01
   345   32.775000              25600  3.8085266822235297E-01
   346   32.870000              25600  3.8154965717969747E-01
   347   32.965000              25600  3.8255440231465532E-01
   348   33.060000              25600  3.8384615746249107E-01
   349   33.155000              25600  3.8540315821481064E-01
   350   33.250000              25600  3.8720445653581809E-01
   351   33.345000              25600  3.8923094747273812E-01
   352   33.440000              25600  3.9146515372555901E-01
   353   33.535000              25600  3.9389028211564137E-01
   354   33.630000              25600  3.9648844840569253E-01
   355   33.725000              25600  3.9923963869611689E-01
   356   33.820000              25600  4.0212182043871247E-01
   357   33.915000              25600  4.0511079078279921E-01
   358   34.010000              25600  4.0818109493687749E-01
   359   34.105000              25600  4.1130694703373949E-01
   360   34.200000              25600  4.1446244166354884E-01
   361   34.295000              25600  4.1762121299178978E-01
   362   34.390000              25600  4.2075567111187184E-01
   363   34.485000              25600  4.2383678326549656E-01
   364   34.580000              25600  4.2683269703019833E-01
   365   34.675000              25600  4.2970635603281504E-01
   366   34.770000              25600  4.3241175387302472E-01
   367   34.865000              25600  4.3489072733162248E-01
   368   34.960000              25600  4.3707526181992984E-01
   369   35.055000              25600  4.3889865636452530E-01
   370   35.150000              25600  4.4031262370796370E-01
   371   35.245000              25600  4.4129944762092976E-01
   372   35.340000              25600  4.4186889444516053E-01
   373   35.435000              25600  4.4204284429147339E-01
   374   35.530000              25600  4.4184622000765372E-01
   375   35.625000              25600  4.4131379963708495E-01
   376   35.720000              25600  4.4050343698159206E-01
   377   35.815000              25600  4.3949684084010954E-01
   378   35.910000              25600  4.3837844118340530E-01
   379   36.005000              25600  4.3720578411009592E-01
   380   36.100000              25600  4.3599376975814697E-01
   381   36.195000              25600  4.3472444855833703E-01
   382   36.290000              25600  4.3337519819448478E-01
   383   36.385000              25600  4.3194608034332099E-01
   384   36.480000              25600  4.3047098147918600E-01
   385   36.575000              25600  4.2901024133852150E-01
   386   36.670000              25600  4.2763423098556941E-01
   387   36.765000              25600  4.2641020636378413E-01
   388   36.860000              25600  4.2539632115178061E-01
   389   36.955000              25600  4.2463940365452546E-01
   390   37.050000              25600  4.2417377585654914E-01
   391   37.145000              25600  4.2402093096081434E-01
   392   37.240000              25600  4.2419092237806910E-01
   393   37.335000              25600  4.2468702381586537E-01
   394   37.430000              25600  4.2551187959419179E-01
   395   37.525000              25600  4.2666824444879109E-01
   396   37.620000              25600  4.2815287378810679E-01
   397   37.715000              25600  4.2994930109660573E-01
   398   37.810000              25600  4.3202315304446504E-01
   399   37.905000              25600  4.3432147284381706E-01
   400   38.000000              25600  4.3677833610657368E-01
   401   38.095000              25600  4.3932564487534531E-01
   402   38.190000              25600  4.4190205499186141E-01
   403   38.285000              25600  4.4445345568633871E-01
   404   38.380000              25600  4.4692625656459140E-01
   405   38.475000              25600  4.4926118992650782E-01
   406   38.570000              25600  4.5139408794689029E-01
   407   38.665000              25600  4.5326263934793554E-01
   408   38.760000              25600  4.5481458252293450E-01
   409   38.855000              25600  4.5601586811080752E-01
   410   38.950000              25600  4.5685673553238798E-01
   411   39.045000              25600  4.5735246209941827E-01
   412   39.140000              25600  4.5753736252419519E-01
   413   39.235000              25600  4.5745396031648344E-01
   414   39.330000              25600  4.5714204619953225E-01
   415   39.425000              25600  4.5663239244629461E-01
   416   39.520000              25600  4.5594653611751518E-01
   417   39.615000              25600  4.5509988432998894E-01
   418   39.710000              25600  4.5410441173258731E-01
   419   39.805000              25600  4.5296880689884578E-01
   420   39.900000              25600  4.5169678297247978E-01
   421   39.995000              25600  4.5028532310426778E-01
   422   40.090000              25600  4.4872504111966038E-01
