! EM field energy per field component
  Iter        Time                          B1                      B2                      B3                      E1                      E2                      E3
     0   0.0000000      0.0000000000000000E+00  0.0000000000000000E+00  0.0000000000000000E+00  0.0000000000000000E+00  0.0000000000000000E+00  0.0000000000000000E+00
     1  0.95000000E-01  0.0000000000000000E+00  4.6769261874976547E-11  4.2803109983358854E-11  4.4438848005596555E-10  5.4876963773328163E-10  5.3177693446808936E-10
     2  0.19000000      0.0000000000000000E+00  5.1705434531121069E-10  4.8629280010057580E-10  1.7534321579508252E-09  1.7023137627590505E-09  1.4855657679343880E-09
     3  0.28500000      0.0000000000000000E+00  1.5764533743210852E-09  1.5445383309982034E-09  3.8597288834695126E-09  3.0258476283696678E-09  2.1792172128110522E-09
     4  0.38000000      0.0000000000000000E+00  2.8870916303087673E-09  3.0518688356988382E-09  6.6573753341223180E-09  4.5146523648891181E-09  2.5356807712949719E-09
     5  0.47500000      0.0000000000000000E+00  4.1015401376791968E-09  5.0359048334754326E-09  1.0007537056083950E-08  5.9494795157728295E-09  2.6547928371597558E-09
     6  0.57000000      0.0000000000000000E+00  4.9624839484144598E-09  7.6123224882094792E-09  1.3745730868934919E-08  7.1121309591057554E-09  2.7384917184390944E-09
     7  0.66500000      0.0000000000000000E+00  5.3803547463249902E-09  1.0704575109261868E-08  1.7690409574363284E-08  8.0383104890074879E-09  2.9030626538490026E-09
     8  0.76000000      0.0000000000000000E+00  5.4576744785874956E-09  1.4131902926451487E-08  2.1652390279417547E-08  8.8218511890905284E-09  3.0664659071399497E-09
     9  0.85500000      0.0000000000000000E+00  5.2688635366623787E-09  1.7814360220165749E-08  2.5444652528571186E-08  9.3481951045107645E-09  3.2306276320847640E-09
    10  0.95000000      0.0000000000000000E+00  4.9018941458685075E-09  2.1612087850729353E-08  2.8891932122975261E-08  9.5770344626867558E-09  3.3902679586956203E-09
    11   1.0450000      0.0000000000000000E+00  4.4256113367890352E-09  2.5287755682466710E-08  3.1839577480051284E-08  9.7181834350754692E-09  3.5771387097388088E-09
    12   1.1400000      0.0000000000000000E+00  3.9310074447105726E-09  2.8895061885405996E-08  3.4161236686291425E-08  9.7999534655924035E-09  3.7884477453112609E-09
    13   1.2350000      0.0000000000000000E+00  3.6061527386863911E-09  3.2688485709118414E-08  3.5764953623756132E-08  9.7934052457298932E-09  3.8358689062163781E-09
    14   1.3300000      0.0000000000000000E+00  3.5362248174010328E-09  3.6878772005770540E-08  3.6597364276569847E-08  9.7740935153703976E-09  3.6163840382897533E-09
    15   1.4250000      0.0000000000000000E+00  3.7260453143310374E-09  4.1544466461765028E-08  3.6645737345738495E-08  9.8221635904100181E-09  3.0844305553059339E-09
    16   1.5200000      0.0000000000000000E+00  4.0162676453728529E-09  4.6638198880065718E-08  3.5937836481948447E-08  9.9483932094939857E-09  2.4162969709644777E-09
    17   1.6150000      0.0000000000000000E+00  4.1427462481462142E-09  5.2220623342854648E-08  3.4539635848706218E-08  9.8836175001492315E-09  1.9591919488428636E-09
    18   1.7100000      0.0000000000000000E+00  4.0736756895878349E-09  5.8379062407870507E-08  3.2551030722589839E-08  9.5404065326020949E-09  1.7785775261954326E-09
    19   1.8050000      0.0000000000000000E+00  3.9606511455162058E-09  6.5438814760782515E-08  3.0099775422758646E-08  9.0450984310886594E-09  1.7131515131451046E-09
    20   1.9000000      0.0000000000000000E+00  3.9314121078863288E-09  7.4101418064777762E-08  2.7334009802786277E-08  8.5379321013406926E-09  1.6644410027249207E-09
    21   1.9950000      0.0000000000000000E+00  4.1259436296677742E-09  8.5016475246371498E-08  2.4413808466819181E-08  8.3093092010221151E-09  1.5216858727307175E-09
    22   2.0900000      0.0000000000000000E+00  4.5306572155444369E-09  9.8599685703630036E-08  2.1502262483409055E-08  8.3649946194760708E-09  1.3429381813437165E-09
    23   2.1850000      0.0000000000000000E+00  4.9699540515795645E-09  1.1477581111886102E-07  1.8756591147136690E-08  8.3946225912534821E-09  1.2918701158022194E-09
    24   2.2800000      0.0000000000000000E+00  5.2336925777906385E-09  1.3283064231052191E-07  1.6319753958499681E-08  8.1674343821520339E-09  1.5055997648528813E-09
    25   2.3750000      0.0000000000000000E+00  5.2920069009361948E-09  1.5179151714046870E-07  1.4313013698317142E-08  7.6888986839698347E-09  1.9256499395015918E-09
    26   2.4700000      0.0000000000000000E+00  5.3722470654964448E-09  1.7103613169711865E-07  1.2829890766477858E-08  7.1755319281036777E-09  2.2043716402480443E-09
    27   2.5650000      0.0000000000000000E+00  5.4591670746726236E-09  1.9089642576388126E-07  1.1931766348593498E-08  6.6899422720289460E-09  2.3127490710875544E-09
    28   2.6600000      0.0000000000000000E+00  5.2991721321121774E-09  2.1243993035123584E-07  1.1645359162341284E-08  6.3026699833422618E-09  2.5089955702798603E-09
    29   2.7550000      0.0000000000000000E+00  4.8906536976483232E-09  2.3671965864163248E-07  1.1962248878336216E-08  6.2762536990380585E-09  2.7319632569585067E-09
    30   2.8500000      0.0000000000000000E+00  4.3323163260515830E-09  2.6422451185873823E-07  1.2840387958495254E-08  6.5987557444933246E-09  2.8705622822287082E-09
    31   2.9450000      0.0000000000000000E+00  3.6801750478524535E-09  2.9440706357978695E-07  1.4207483638118899E-08  7.0698916463856136E-09  2.9666710568333556E-09
    32   3.0400000      0.0000000000000000E+00  3.0739786945998918E-09  3.2611588802526442E-07  1.5965984268522120E-08  7.6906849973429318E-09  3.0054442690903219E-09
    33   3.1350000      0.0000000000000000E+00  2.5707645127199237E-09  3.5917098515016870E-07  1.7999382601280116E-08  8.5183395841333007E-09  3.0917318428773825E-09
    34   3.2300000      0.0000000000000000E+00  2.2227320888257524E-09  3.9530022973157270E-07  2.0179483030271674E-08  9.4105549201769959E-09  3.2543187928751762E-09
    35   3.3250000      0.0000000000000000E+00  2.1135768541552796E-09  4.3696785431843979E-07  2.2374158287339039E-08  1.0481288821672867E-08  3.3662724215788552E-09
    36   3.4200000      0.0000000000000000E+00  2.2335146836283436E-09  4.8574001446062462E-07  2.4455135312141100E-08  1.2182863209083284E-08  3.3509902393157203E-09
    37   3.5150000      0.0000000000000000E+00  2.5470607125287815E-09  5.4207885483973662E-07  2.6305369682583312E-08  1.4547065825551553E-08  3.1381960805062243E-09
    38   3.6100000      0.0000000000000000E+00  2.9197777133758750E-09  6.0595037970360708E-07  2.7825579513056219E-08  1.7300476222984890E-08  2.8169364117039382E-09
    39   3.7050000      0.0000000000000000E+00  3.1921733846806498E-09  6.7783836663869602E-07  2.8939564593034841E-08  2.0302476304423507E-08  2.5474332465287820E-09
    40   3.8000000      0.0000000000000000E+00  3.3288953802048137E-09  7.5942448938606839E-07  2.9598045343978094E-08  2.3453693303981772E-08  2.3310224995401038E-09
    41   3.8950000      0.0000000000000000E+00  3.2921675244429028E-09  8.5283338942824271E-07  2.9780825097867369E-08  2.6724648469564129E-08  2.2029714512438889E-09
    42   3.9900000      0.0000000000000000E+00  3.1637791198982711E-09  9.5933165724380745E-07  2.9497181141332272E-08  3.0098690736593037E-08  2.0709157035028588E-09
    43   4.0850000      0.0000000000000000E+00  3.0155371605451400E-09  1.0789077669113049E-06  2.8784475330043963E-08  3.3605764714677486E-08  1.8778671629826396E-09
    44   4.1800000      0.0000000000000000E+00  2.7153641738645830E-09  1.2113842134156808E-06  2.7705122590506446E-08  3.7273131143600650E-08  1.8735101198906064E-09
    45   4.2750000      0.0000000000000000E+00  2.3776800881575526E-09  1.3577879006515289E-06  2.6342090219790936E-08  4.1167940567822879E-08  2.0246219316070677E-09
    46   4.3700000      0.0000000000000000E+00  2.3538221606815846E-09  1.5205198283214675E-06  2.4793257443578252E-08  4.5424468276704171E-08  2.0129655282255062E-09
    47   4.4650000      0.0000000000000000E+00  2.7165541898464148E-09  1.7024801131359405E-06  2.3165017198005375E-08  4.9932429621630943E-08  1.8487544141448886E-09
    48   4.5600000      0.0000000000000000E+00  3.3035261427380268E-09  1.9060433420436793E-06  2.1565477685013721E-08  5.4479542486081671E-08  1.7322887939433869E-09
    49   4.6550000      0.0000000000000000E+00  3.9050488436424337E-09  2.1330769712421840E-06  2.0097669307015704E-08  5.8977950896603669E-08  1.8017685889291826E-09
    50   4.7500000      0.0000000000000000E+00  4.3527599302641858E-09  2.3853901560379491E-06  1.8853225433285201E-08  6.3618297235849971E-08  2.0639334143305705E-09
    51   4.8450000      0.0000000000000000E+00  4.6072684308582390E-09  2.6646701726018714E-06  1.7906914736894926E-08  6.8957801129600336E-08  2.3528736027603351E-09
    52   4.9400000      0.0000000000000000E+00  4.6825780405216955E-09  2.9728086648739621E-06  1.7312257276980388E-08  7.5312667707334335E-08  2.5674033726162039E-09
    53   5.0350000      0.0000000000000000E+00  4.7163409532732961E-09  3.3128374448651270E-06  1.7098516612017367E-08  8.2843710800962247E-08  2.5908431019248070E-09
    54   5.1300000      0.0000000000000000E+00  4.7541275262321960E-09  3.6904272668720245E-06  1.7269250128412499E-08  9.1876927377706029E-08  2.5007563658816105E-09
    55   5.2250000      0.0000000000000000E+00  4.6497743623175468E-09  4.1144588373604242E-06  1.7802486079344887E-08  1.0269765163291487E-07  2.5922976495748088E-09
    56   5.3200000      0.0000000000000000E+00  4.3851335559103780E-09  4.5950380120715187E-06  1.8652518051156366E-08  1.1546894458134747E-07  2.9049200321177820E-09
    57   5.4150000      0.0000000000000000E+00  4.0783991657559097E-09  5.1405901195227411E-06  1.9753124140970547E-08  1.3011238667701172E-07  3.2441838982877943E-09
    58   5.5100000      0.0000000000000000E+00  3.8301667890223641E-09  5.7567332109773264E-06  2.1022088536555683E-08  1.4642984475863507E-07  3.4403692589805708E-09
    59   5.6050000      0.0000000000000000E+00  3.7330618335829870E-09  6.4482421162880304E-06  2.2366658590893765E-08  1.6405278220349593E-07  3.3550022528746760E-09
    60   5.7000000      0.0000000000000000E+00  3.7379453772903387E-09  7.2219384286201030E-06  2.3689608763433161E-08  1.8268186857514759E-07  3.0737538454855841E-09
    61   5.7950000      0.0000000000000000E+00  3.7446551259801324E-09  8.0877843835089276E-06  2.4895562662823570E-08  2.0253444847709609E-07  2.7618750188947408E-09
    62   5.8900000      0.0000000000000000E+00  3.7203855480517680E-09  9.0578936813363343E-06  2.5897137785803382E-08  2.2371160806873203E-07  2.4875487884255100E-09
    63   5.9850000      0.0000000000000000E+00  3.6568185994608207E-09  1.0143852382221508E-05  2.6620542718744838E-08  2.4611284276041225E-07  2.3073644191205871E-09
    64   6.0800000      0.0000000000000000E+00  3.6449671578768592E-09  1.1355049408824961E-05  2.7010306857418388E-08  2.7028186052670931E-07  2.1400422075852874E-09
    65   6.1750000      0.0000000000000000E+00  3.6682709899192162E-09  1.2700806861734680E-05  2.7032871241812905E-08  2.9728824151131139E-07  2.0521936945613082E-09
    66   6.2700000      0.0000000000000000E+00  3.6543702790218904E-09  1.4194236326943620E-05  2.6678768266399425E-08  3.2815734806452650E-07  2.1507008906980723E-09
    67   6.3650000      0.0000000000000000E+00  3.5838334639539987E-09  1.5854251947608078E-05  2.5963294000123968E-08  3.6393856899201339E-07  2.4363674322674876E-09
    68   6.4600000      0.0000000000000000E+00  3.5269163177815258E-09  1.7705519467857161E-05  2.4925658416066578E-08  4.0589387182623580E-07  2.8047493107216281E-09
    69   6.5550000      0.0000000000000000E+00  3.8768007534636988E-09  1.9778227385849315E-05  2.3626657681186957E-08  4.5489810241566763E-07  2.7524351366982953E-09
    70   6.6500000      0.0000000000000000E+00  4.8352999621647311E-09  2.2107201212085076E-05  2.2145025879268479E-08  5.1150156284812175E-07  1.9361895086075475E-09
    71   6.7450000      0.0000000000000000E+00  5.6559132945743337E-09  2.4729887034619646E-05  2.0572665559218078E-08  5.7655654419253824E-07  1.1870710955336303E-09
    72   6.8400000      0.0000000000000000E+00  5.7204318816618902E-09  2.7684740313278800E-05  1.9009050277922119E-08  6.5032383383781585E-07  1.1670345603356549E-09
    73   6.9350000      0.0000000000000000E+00  5.1786078814388367E-09  3.1009970637915442E-05  1.7555139497031878E-08  7.3237394020712908E-07  1.6653289672737999E-09
    74   7.0300000      0.0000000000000000E+00  4.3886503972434858E-09  3.4743789143611049E-05  1.6307220028720841E-08  8.2270477647459483E-07  2.3251162387902245E-09
    75   7.1250000      0.0000000000000000E+00  3.7142523175877474E-09  3.8927250233387927E-05  1.5350987270782277E-08  9.2180019277937615E-07  2.7812591719575413E-09
    76   7.2200000      0.0000000000000000E+00  3.3125447671248233E-09  4.3607275973962186E-05  1.4756236313376671E-08  1.0305170925923209E-06  2.9020169434102447E-09
    77   7.3150000      0.0000000000000000E+00  3.0962153007363852E-09  4.8838676723153530E-05  1.4572526733732390E-08  1.1503203850798891E-06  2.8315695292146099E-09
    78   7.4100000      0.0000000000000000E+00  2.9906244547221813E-09  5.4686032069097396E-05  1.4826032420660835E-08  1.2834062867865885E-06  2.6786107841724953E-09
    79   7.5050000      0.0000000000000000E+00  2.9644494029862042E-09  6.1225512068764965E-05  1.5517728645602963E-08  1.4322680024390206E-06  2.5166318318891332E-09
    80   7.6000000      0.0000000000000000E+00  3.0169534298444811E-09  6.8544780835380742E-05  1.6623158184316318E-08  1.5993326750081109E-06  2.3911658621925091E-09
    81   7.6950000      0.0000000000000000E+00  3.1424126950644384E-09  7.6740425808320651E-05  1.8093729999919919E-08  1.7873597466173910E-06  2.3033879186146843E-09
    82   7.7900000      0.0000000000000000E+00  3.1919081498456624E-09  8.5916371232199355E-05  1.9859413647795735E-08  1.9994836493624487E-06  2.3952299847940999E-09
    83   7.8850000      0.0000000000000000E+00  3.0858726483712365E-09  9.6186288769914966E-05  2.1832658771348851E-08  2.2392224420398016E-06  2.6700196559271860E-09
    84   7.9800000      0.0000000000000000E+00  2.8352471655444513E-09  1.0767993143359983E-04  2.3913364558828869E-08  2.5106886005449578E-06  3.0632806383595591E-09
    85   8.0750000      0.0000000000000000E+00  2.6272475631035778E-09  1.2055001226560039E-04  2.5994608884012351E-08  2.8184355202707089E-06  3.3762107530011102E-09
    86   8.1700000      0.0000000000000000E+00  2.7565821178252569E-09  1.3497511751268672E-04  2.7968799786233798E-08  3.1672289088284128E-06  3.3393740892611007E-09
    87   8.2650000      0.0000000000000000E+00  3.2457877546544547E-09  1.5115796734981062E-04  2.9733887813428342E-08  3.5613234907598567E-06  3.0238604270398717E-09
    88   8.3600000      0.0000000000000000E+00  3.8778301829070502E-09  1.6932140534410315E-04  3.1199215779917113E-08  4.0043717484770241E-06  2.7037956985939509E-09
    89   8.4550000      0.0000000000000000E+00  4.4413071786840165E-09  1.8970634366613558E-04  3.2290666097985096E-08  4.5000505665028809E-06  2.5036706913370749E-09
    90   8.5500000      0.0000000000000000E+00  4.7319305772037221E-09  2.1257430130116754E-04  3.2954824703506963E-08  5.0524318757610547E-06  2.4813949696191725E-09
    91   8.6450000      0.0000000000000000E+00  4.7056489671592586E-09  2.3821309971299167E-04  3.3161949132246165E-08  5.6668899350634152E-06  2.5365526613981798E-09
    92   8.7400000      0.0000000000000000E+00  4.4973558885761955E-09  2.6694425104397426E-04  3.2907573880858830E-08  6.3504969390038875E-06  2.4782463797508683E-09
    93   8.8350000      0.0000000000000000E+00  4.2598489868858848E-09  2.9913009699455496E-04  3.2212680374808138E-08  7.1117923587642895E-06  2.2201270665972493E-09
    94   8.9300000      0.0000000000000000E+00  4.0208860729834691E-09  3.3517897144238519E-04  3.1122344341180235E-08  7.9608205686702768E-06  1.8572752814964430E-09
    95   9.0250000      0.0000000000000000E+00  3.6323480796502109E-09  3.7554945040660110E-04  2.9702990650410367E-08  8.9093432080170504E-06  1.7180274492796073E-09
    96   9.1200000      0.0000000000000000E+00  3.2039373963108042E-09  4.2075688981488930E-04  2.8038446479804532E-08  9.9712807452580465E-06  1.7842334078584021E-09
    97   9.2150000      0.0000000000000000E+00  3.0240506640006311E-09  4.7138507408655259E-04  2.6225071368429998E-08  1.1162475173142125E-05  1.7610024456194607E-09
    98   9.3100000      0.0000000000000000E+00  3.0542609226745828E-09  5.2809993614929109E-04  2.4366191804156066E-08  1.2500064266131375E-05  1.7048759340080462E-09
    99   9.4050000      0.0000000000000000E+00  3.1514383289737528E-09  5.9165780273713565E-04  2.2566161025619339E-08  1.4002435925865049E-05  1.7484661026453905E-09
   100   9.5000000      0.0000000000000000E+00  3.3110958824404654E-09  6.6290481042733122E-04  2.0924401340115407E-08  1.5688989528866124E-05  1.8499824855193822E-09
   101   9.5950000      0.0000000000000000E+00  3.5121479068756153E-09  7.4277227703332244E-04  1.9529837248159935E-08  1.7580305755173382E-05  2.0322223030147008E-09
   102   9.6900000      0.0000000000000000E+00  3.7861604496976182E-09  8.3227924986164115E-04  1.8456076153530149E-08  1.9699554771001668E-05  2.2182136011844567E-09
   103   9.7850000      0.0000000000000000E+00  4.0807822964912731E-09  9.3255158773786976E-04  1.7757498338215605E-08  2.2074081079375021E-05  2.3760345544343928E-09
   104   9.8800000      0.0000000000000000E+00  4.2054846850018673E-09  1.0448555555623491E-03  1.7466546429256245E-08  2.4735725814599110E-05  2.6164131164763672E-09
   105   9.9750000      0.0000000000000000E+00  4.0714219057360254E-09  1.1706326484157081E-03  1.7592348841932090E-08  2.7720480968972314E-05  2.9469406362012224E-09
   106   10.070000      0.0000000000000000E+00  3.7098074193676185E-09  1.3115230555964497E-03  1.8120739621758616E-08  3.1068198774021129E-05  3.3457225271185517E-09
   107   10.165000      0.0000000000000000E+00  3.3291320005713807E-09  1.4693759329862483E-03  1.9015784039480461E-08  3.4821381641438000E-05  3.6727446693830562E-09
   108   10.260000      0.0000000000000000E+00  3.1784225656881791E-09  1.6462525812780270E-03  2.0222585870289764E-08  3.9024295835796118E-05  3.7632888623281913E-09
   109   10.355000      0.0000000000000000E+00  3.3052929897782045E-09  1.8444315137952209E-03  2.1671278401256460E-08  4.3723892769303906E-05  3.6600647609742599E-09
   110   10.450000      0.0000000000000000E+00  3.6592620858355435E-09  2.0664234493991589E-03  2.3281870305562647E-08  4.8971710557537311E-05  3.4034957168277169E-09
   111   10.545000      0.0000000000000000E+00  4.0588437721315887E-09  2.3149998587977806E-03  2.4969617010951585E-08  5.4826392785786250E-05  3.1193492893651926E-09
   112   10.640000      0.0000000000000000E+00  4.3613695426503386E-09  2.5932356318249636E-03  2.6650938024068764E-08  6.1355928384907861E-05  2.9032873514486867E-09
   113   10.735000      0.0000000000000000E+00  4.7005205400020321E-09  2.9045632030981414E-03  2.8249291618951632E-08  6.8638948736524241E-05  2.5437405729548935E-09
   114   10.830000      0.0000000000000000E+00  5.0373969851538946E-09  3.2528314551689462E-03  2.9700676943924823E-08  7.6764681954543616E-05  2.0954012778769689E-09
   115   10.925000      0.0000000000000000E+00  5.1298511111883953E-09  3.6423601291265279E-03  3.0958343200086406E-08  8.5831704506452157E-05  1.8681997636861286E-09
   116   11.020000      0.0000000000000000E+00  4.9955089777606267E-09  4.0779829281835751E-03  3.1996751031492508E-08  9.5946486479631324E-05  1.8161202401223731E-09
   117   11.115000      0.0000000000000000E+00  4.7972275532465007E-09  4.5650805486132642E-03  3.2814708087262862E-08  1.0722192377212053E-04  1.7260542221285808E-09
   118   11.210000      0.0000000000000000E+00  4.6127308452209217E-09  5.1096082357278408E-03  3.3436757888822855E-08  1.1977677301119339E-04  1.5248985090070776E-09
   119   11.305000      0.0000000000000000E+00  4.4313841915215585E-09  5.7181200255463863E-03  3.3912914996209888E-08  1.3373697951142113E-04  1.2749619108356972E-09
   120   11.400000      0.0000000000000000E+00  4.1636886181301274E-09  6.3977928458959221E-03  3.4317850573964046E-08  1.4923898155295374E-04  1.1705557803074493E-09
   121   11.495000      0.0000000000000000E+00  3.7963053439263646E-09  7.1564639008788377E-03  3.4748870092594049E-08  1.6643501333561008E-04  1.2868392167107416E-09
   122   11.590000      0.0000000000000000E+00  3.3419366344756210E-09  8.0027075291752067E-03  3.5322552271850692E-08  1.8549749333623747E-04  1.6478252072269767E-09
   123   11.685000      0.0000000000000000E+00  2.9157748717384434E-09  8.9459667098809540E-03  3.6169963401486884E-08  2.0661991542010477E-04  2.1258735989344352E-09
   124   11.780000      0.0000000000000000E+00  2.7320962283509713E-09  9.9967146874459165E-03  3.7431768337824975E-08  2.3001243786129725E-04  2.4227737691808918E-09
   125   11.875000      0.0000000000000000E+00  2.7506421746732031E-09  1.1166585964373671E-02  3.9253825191450717E-08  2.5589167556057114E-04  2.5420099415296722E-09
   126   11.970000      0.0000000000000000E+00  2.7672702808102396E-09  1.2468419204610330E-02  4.1782594134578369E-08  2.8446850068879101E-04  2.6894745057562804E-09
   127   12.065000      0.0000000000000000E+00  2.6802034174016882E-09  1.3916200617382911E-02  4.5164118751213951E-08  3.1593847253905035E-04  2.9693907106259609E-09
   128   12.160000      0.0000000000000000E+00  2.4985621539322255E-09  1.5524953245051832E-02  4.9543861427310025E-08  3.5047904675819248E-04  3.3896698548289914E-09
   129   12.255000      0.0000000000000000E+00  2.3795406017121787E-09  1.7310644947471931E-02  5.5068719612349428E-08  3.8825340208394505E-04  3.7746579528586262E-09
   130   12.350000      0.0000000000000000E+00  2.4905331834812030E-09  1.9290171963209247E-02  6.1888790605996671E-08  4.2941673804893188E-04  3.9165008464664971E-09
   131   12.445000      0.0000000000000000E+00  2.8432111752783228E-09  2.1481435286928491E-02  7.0161512801020748E-08  4.7412039680024963E-04  3.8088058375872075E-09
   132   12.540000      0.0000000000000000E+00  3.3971785068802625E-09  2.3903481129589423E-02  8.0056540942058701E-08  5.2250704856911646E-04  3.4935407021785532E-09
   133   12.635000      0.0000000000000000E+00  4.0197058114664325E-09  2.6576620645344381E-02  9.1758876821936825E-08  5.7469227157395150E-04  3.1453539506913415E-09
   134   12.730000      0.0000000000000000E+00  4.6565381340791852E-09  2.9522408476619733E-02  1.0548510391078098E-07  6.3074001433491777E-04  2.8002168295702956E-09
   135   12.825000      0.0000000000000000E+00  5.2739165719320757E-09  3.2763401326280056E-02  1.2149798315534609E-07  6.9064273523947628E-04  2.4106123409416143E-09
   136   12.920000      0.0000000000000000E+00  5.7313658939411536E-09  3.6322725579036007E-02  1.4011257878669623E-07  7.5431139949048466E-04  2.0139999632810505E-09
   137   13.015000      0.0000000000000000E+00  5.8381925455791325E-09  4.0223586353836736E-02  1.6170846055443188E-07  8.2157766059804370E-04  1.6692416914872370E-09
   138   13.110000      0.0000000000000000E+00  5.2353253429570738E-09  4.4488867387226738E-02  1.8676022530477289E-07  8.9219784616914122E-04  1.7154104290828838E-09
   139   13.205000      0.0000000000000000E+00  3.8891976396549743E-09  4.9140892234851789E-02  2.1582910677868454E-07  9.6585093556685704E-04  2.2942703571531642E-09
   140   13.300000      0.0000000000000000E+00  2.6664722883368296E-09  5.4201299706721232E-02  2.4952362639802496E-07  1.0421274186220065E-03  2.5758894457114760E-09
   141   13.395000      0.0000000000000000E+00  2.2045025649183603E-09  5.9690902845590969E-02  2.8847566268324101E-07  1.1205140338602906E-03  2.0664236214552543E-09
   142   13.490000      0.0000000000000000E+00  2.2445622999572015E-09  6.5629416335005589E-02  3.3330737820609479E-07  1.2003735957461328E-03  1.3026450743668585E-09
   143   13.585000      0.0000000000000000E+00  2.4142138617818491E-09  7.2034973818041387E-02  3.8459223643558933E-07  1.2809110706405880E-03  7.8376579447520090E-10
   144   13.680000      0.0000000000000000E+00  2.4543491353421834E-09  7.8923379903988344E-02  4.4281249360429964E-07  1.3611396021657675E-03  8.2563076961523486E-10
   145   13.775000      0.0000000000000000E+00  2.3701691491248975E-09  8.6307133661088567E-02  5.0821510214380449E-07  1.4398640617971328E-03  1.3645336494968006E-09
   146   13.870000      0.0000000000000000E+00  2.3655617358886160E-09  9.4194379577226595E-02  5.8072339144058773E-07  1.5156958096982096E-03  2.0564810183930874E-09
   147   13.965000      0.0000000000000000E+00  2.5587093158727489E-09  1.0258798024320366E-01  6.5992979051238663E-07  1.5870927672420193E-03  2.6542007022548360E-09
   148   14.060000      0.0000000000000000E+00  2.9544935708555258E-09  1.1148479804452843E-01  7.4506135290742657E-07  1.6524081703053568E-03  3.0685738521223319E-09
   149   14.155000      0.0000000000000000E+00  3.4981598561102630E-09  1.2087507592007436E-01  8.3491905725548931E-07  1.7099316220281352E-03  3.2866080779737886E-09
   150   14.250000      0.0000000000000000E+00  4.0626773110977606E-09  1.3074173154200458E-01  9.2800622292466083E-07  1.7579159724473395E-03  3.3972683266967816E-09
   151   14.345000      0.0000000000000000E+00  4.6037047013426552E-09  1.4105952259196167E-01  1.0226984948380963E-06  1.7946422940861449E-03  3.3634890265527930E-09
   152   14.440000      0.0000000000000000E+00  5.0276312126275981E-09  1.5179421514949318E-01  1.1172512531672445E-06  1.8185087014517022E-03  3.2536124465303755E-09
   153   14.535000      0.0000000000000000E+00  5.2390462223599489E-09  1.6290184040614608E-01  1.2101007550137812E-06  1.8281408297647816E-03  3.1621798942480787E-09
   154   14.630000      0.0000000000000000E+00  5.1402625300834349E-09  1.7432802150569082E-01  1.3006716286029937E-06  1.8225053952760186E-03  3.1844125795331443E-09
   155   14.725000      0.0000000000000000E+00  4.6296981847403628E-09  1.8600732245526641E-01  1.3887863570912781E-06  1.8010153062160664E-03  3.4228499779697405E-09
   156   14.820000      0.0000000000000000E+00  3.8619225058768066E-09  1.9786267863582929E-01  1.4745666794034280E-06  1.7636430093583176E-03  3.6688295132038166E-09
   157   14.915000      0.0000000000000000E+00  3.1067226590152291E-09  2.0980519660585736E-01  1.5592141094501579E-06  1.7110381743076705E-03  3.6429311409418370E-09
   158   15.010000      0.0000000000000000E+00  2.5098353990171248E-09  2.2173464563854145E-01  1.6454928807076738E-06  1.6446296409627166E-03  3.3215704361968184E-09
   159   15.105000      0.0000000000000000E+00  2.1668793289134317E-09  2.3354094546629459E-01  1.7359998531147837E-06  1.5666336543196453E-03  2.7897336353971896E-09
   160   15.200000      0.0000000000000000E+00  2.0762635167006698E-09  2.4510643368976043E-01  1.8328085998626594E-06  1.4799689828212063E-03  2.2275920428644245E-09
   161   15.295000      0.0000000000000000E+00  2.1312125309598315E-09  2.5630827966336911E-01  1.9380116135359859E-06  1.3881018042521580E-03  1.8548458866415058E-09
   162   15.390000      0.0000000000000000E+00  2.2744908426738027E-09  2.6702119755790804E-01  2.0540283200141259E-06  1.2949035681607949E-03  1.7168765555922138E-09
   163   15.485000      0.0000000000000000E+00  2.5428668851706085E-09  2.7712106212369758E-01  2.1824530263559410E-06  1.2043623817305023E-03  1.7018430352261877E-09
   164   15.580000      0.0000000000000000E+00  3.0637152555199685E-09  2.8648959332374518E-01  2.3232554950762189E-06  1.1202677718349426E-03  1.5306198192234448E-09
   165   15.675000      0.0000000000000000E+00  3.6653796009438754E-09  2.9501969415324958E-01  2.4749562676486984E-06  1.0460244643891476E-03  1.2718388836233100E-09
   166   15.770000      0.0000000000000000E+00  3.9744991297376104E-09  3.0262033040866720E-01  2.6336846324789480E-06  9.8449951283977022E-04  1.2539271801543977E-09
   167   15.865000      0.0000000000000000E+00  3.9420275817493793E-09  3.0921959808960581E-01  2.7911859381654375E-06  9.3786308787921393E-04  1.4288944857936852E-09
   168   15.960000      0.0000000000000000E+00  3.6565332992403680E-09  3.1476548774892277E-01  2.9369486449105956E-06  9.0743113324509561E-04  1.6656109422252925E-09
   169   16.055000      0.0000000000000000E+00  3.1643239918735036E-09  3.1922478100007101E-01  3.0657366760879226E-06  8.9370490251668676E-04  1.9964207499038509E-09
   170   16.150000      0.0000000000000000E+00  2.6573330003973227E-09  3.2258195210232654E-01  3.1751559877916499E-06  8.9657903308743817E-04  2.3404781069503094E-09
   171   16.245000      0.0000000000000000E+00  2.3016276509687469E-09  3.2483928522150479E-01  3.2675988637437496E-06  9.1530065089425426E-04  2.6799793686616093E-09
   172   16.340000      0.0000000000000000E+00  2.1944250091067783E-09  3.2601645666350232E-01  3.3505429444320125E-06  9.4842640165030952E-04  3.0114111793088082E-09
   173   16.435000      0.0000000000000000E+00  2.4056019066675210E-09  3.2614829564174297E-01  3.4325099426334600E-06  9.9408951157494720E-04  3.2301322671423154E-09
   174   16.530000      0.0000000000000000E+00  2.8306201835231598E-09  3.2528217865487896E-01  3.5218110947917493E-06  1.0505965097101239E-03  3.3640861284349586E-09
   175   16.625000      0.0000000000000000E+00  3.3158755889912772E-09  3.2347676498470906E-01  3.6240266964531277E-06  1.1164021991520712E-03  3.4462719016068026E-09
   176   16.720000      0.0000000000000000E+00  3.6938052871536223E-09  3.2080139309780725E-01  3.7412481962614479E-06  1.1898283389547909E-03  3.5360471401191621E-09
   177   16.815000      0.0000000000000000E+00  3.8472280636477178E-09  3.1733450108279954E-01  3.8747771104333030E-06  1.2690103466448642E-03  3.6755797233311641E-09
   178   16.910000      0.0000000000000000E+00  3.8302677248610940E-09  3.1316154284275605E-01  4.0275391223299585E-06  1.3521026979297600E-03  3.7332100014388486E-09
   179   17.005000      0.0000000000000000E+00  3.7073338970138716E-09  3.0837485221155769E-01  4.2037774573971527E-06  1.4373546472574020E-03  3.6531787774528602E-09
   180   17.100000      0.0000000000000000E+00  3.5918247943184492E-09  3.0307603088579760E-01  4.4025192456941359E-06  1.5224978745431174E-03  3.3961986694049002E-09
   181   17.195000      0.0000000000000000E+00  3.5669502186285318E-09  2.9737779685938776E-01  4.6155109485831699E-06  1.6045053493904300E-03  2.9681721937306931E-09
   182   17.290000      0.0000000000000000E+00  3.4777374197201620E-09  2.9140229987566008E-01  4.8240501726630610E-06  1.6797941900642144E-03  2.6588022467207498E-09
   183   17.385000      0.0000000000000000E+00  3.3444459626691995E-09  2.8527678685719793E-01  5.0014210143827855E-06  1.7450897736242732E-03  2.4817393847055330E-09
   184   17.480000      0.0000000000000000E+00  3.3565958857607526E-09  2.7912988933595301E-01  5.1238967887234364E-06  1.7976274054589834E-03  2.2009591605411248E-09
   185   17.575000      0.0000000000000000E+00  3.4111177399239560E-09  2.7308860770403925E-01  5.1796938374837974E-06  1.8349842817008064E-03  1.9388279417016759E-09
   186   17.670000      0.0000000000000000E+00  3.3077736254025371E-09  2.6727506663695166E-01  5.1761207800915607E-06  1.8551650557233961E-03  1.9260902835834944E-09
   187   17.765000      0.0000000000000000E+00  3.0532967458548710E-09  2.6180259027010849E-01  5.1326336598126968E-06  1.8570516859804189E-03  2.1522447723413549E-09
   188   17.860000      0.0000000000000000E+00  2.8013446067316343E-09  2.5677180468771471E-01  5.0774458783998602E-06  1.8408160972741552E-03  2.4527447870798345E-09
   189   17.955000      0.0000000000000000E+00  2.7320519535182184E-09  2.5226663272183025E-01  5.0410389897204714E-06  1.8080973107575671E-03  2.6113137702975652E-09
   190   18.050000      0.0000000000000000E+00  2.8681842308795010E-09  2.4834899065853883E-01  5.0474268959609284E-06  1.7622931060520233E-03  2.5953756725710731E-09
   191   18.145000      0.0000000000000000E+00  3.1333308398848209E-09  2.4505478492072125E-01  5.1157739086066204E-06  1.7085226039580588E-03  2.4702429724448731E-09
   192   18.240000      0.0000000000000000E+00  3.3719469608375111E-09  2.4239457682910312E-01  5.2542566186834605E-06  1.6528418002521494E-03  2.3744283785784052E-09
   193   18.335000      0.0000000000000000E+00  3.3805742844033976E-09  2.4035916060064647E-01  5.4659407402524671E-06  1.6012432615184606E-03  2.5292037100188871E-09
   194   18.430000      0.0000000000000000E+00  3.2480823215290266E-09  2.3892588790835911E-01  5.7496088824624535E-06  1.5587634088910316E-03  2.8026066635393819E-09
   195   18.525000      0.0000000000000000E+00  3.1966423751682140E-09  2.3806223290016293E-01  6.0965209644709954E-06  1.5293276026530002E-03  2.9263714768293771E-09
   196   18.620000      0.0000000000000000E+00  3.2803716093992264E-09  2.3772795384430828E-01  6.4973098224378956E-06  1.5161927964811696E-03  2.8436555970190697E-09
   197   18.715000      0.0000000000000000E+00  3.4213829466388650E-09  2.3787990234279743E-01  6.9355668600803985E-06  1.5220014783714716E-03  2.6342560444067709E-09
   198   18.810000      0.0000000000000000E+00  3.4581229062117837E-09  2.3847968674704434E-01  7.3824090973681926E-06  1.5485396714894240E-03  2.4823450248005766E-09
   199   18.905000      0.0000000000000000E+00  3.2841194859365679E-09  2.3949946979652431E-01  7.8038422457747069E-06  1.5967734586562364E-03  2.5361379240430638E-09
   200   19.000000      0.0000000000000000E+00  2.9836535973425442E-09  2.4092198748249924E-01  8.1682263069216687E-06  1.6665235017456572E-03  2.7216020049793357E-09
   201   19.095000      0.0000000000000000E+00  2.6891617734579517E-09  2.4273501413502135E-01  8.4487711860719374E-06  1.7571693575646444E-03  2.9433077038959685E-09
   202   19.190000      0.0000000000000000E+00  2.5809279433636316E-09  2.4492431704883458E-01  8.6341899156881552E-06  1.8676071415362388E-03  3.0387301264684217E-09
   203   19.285000      0.0000000000000000E+00  2.7083848074434695E-09  2.4747002675354773E-01  8.7266132378302965E-06  1.9965110097023772E-03  2.9810397178375152E-09
   204   19.380000      0.0000000000000000E+00  2.9394710751428089E-09  2.5034815390031329E-01  8.7399839539990524E-06  2.1422582986303481E-03  2.8981707411324228E-09
   205   19.475000      0.0000000000000000E+00  3.1193877901337375E-09  2.5353487845339068E-01  8.6947951360503302E-06  2.3034310076921953E-03  2.8514332934726493E-09
   206   19.570000      0.0000000000000000E+00  3.1263833475991554E-09  2.5700959914419558E-01  8.6184145968768184E-06  2.4784107645122091E-03  2.9001944657547403E-09
   207   19.665000      0.0000000000000000E+00  3.1691862336755434E-09  2.6075221258613102E-01  8.5457193644519113E-06  2.6654819896571621E-03  2.7949802187805103E-09
   208   19.760000      0.0000000000000000E+00  3.4175388034406935E-09  2.6473612292011922E-01  8.5143951981161366E-06  2.8630452684125251E-03  2.3996284779239022E-09
   209   19.855000      0.0000000000000000E+00  3.4394054143827745E-09  2.6892496353619116E-01  8.5670465888381182E-06  3.0700411283218253E-03  2.3402614470699013E-09
   210   19.950000      0.0000000000000000E+00  3.0563832122642537E-09  2.7327728585301908E-01  8.7383260774125028E-06  3.2853426655184859E-03  2.8597581645716748E-09
   211   20.045000      0.0000000000000000E+00  2.7746761406845250E-09  2.7775624567568402E-01  9.0387969848174010E-06  3.5067137564215589E-03  3.2512165772718185E-09
   212   20.140000      0.0000000000000000E+00  2.8485332629387009E-09  2.8233701422817309E-01  9.4583167066822079E-06  3.7299534518885160E-03  3.1399507357810431E-09
   213   20.235000      0.0000000000000000E+00  3.2250931561226592E-09  2.8700614786433526E-01  9.9695814064912790E-06  3.9491447884298699E-03  2.5306117655267293E-09
   214   20.330000      0.0000000000000000E+00  3.6675514712443418E-09  2.9175654535004841E-01  1.0527495628166042E-05  4.1583455778853992E-03  1.7613204669747733E-09
   215   20.425000      0.0000000000000000E+00  3.9020147741238248E-09  2.9658629084224625E-01  1.1080917491649568E-05  4.3526026954882552E-03  1.3073642376961731E-09
   216   20.520000      0.0000000000000000E+00  3.8925953112682767E-09  3.0150064843218377E-01  1.1584505191451805E-05  4.5278489231880305E-03  1.3362144069523648E-09
   217   20.615000      0.0000000000000000E+00  3.7736078528786757E-09  3.0650952032212797E-01  1.2022011098560243E-05  4.6825685740404842E-03  1.7148134581323125E-09
   218   20.710000      0.0000000000000000E+00  3.6940956944843669E-09  3.1162258308366275E-01  1.2415345967204509E-05  4.8194120497207452E-03  2.2003551043157972E-09
   219   20.805000      0.0000000000000000E+00  3.7490741142054049E-09  3.1684748874394419E-01  1.2816495095730320E-05  4.9431423471226746E-03  2.5526861052842157E-09
   220   20.900000      0.0000000000000000E+00  3.8546147680782375E-09  3.2218469754197632E-01  1.3287498852109926E-05  5.0581954105088063E-03  2.7715977716623547E-09
   221   20.995000      0.0000000000000000E+00  3.9199561684890978E-09  3.2761422620417147E-01  1.3887452235408763E-05  5.1684813459668168E-03  2.8875947457455105E-09
   222   21.090000      0.0000000000000000E+00  3.8976142614969881E-09  3.3308467408430403E-01  1.4652983512028440E-05  5.2784541007005279E-03  2.9195846015673805E-09
   223   21.185000      0.0000000000000000E+00  3.7747890519153951E-09  3.3851474693519751E-01  1.5566593133168987E-05  5.3918948882059007E-03  2.9133440570022723E-09
   224   21.280000      0.0000000000000000E+00  3.6316992434855688E-09  3.4380412800232008E-01  1.6569393260662584E-05  5.5109712405701844E-03  2.8339602766215781E-09
   225   21.375000      0.0000000000000000E+00  3.4072045750323612E-09  3.4884905462923654E-01  1.7601331508726740E-05  5.6363677530296306E-03  2.8603467315128836E-09
   226   21.470000      0.0000000000000000E+00  3.0537993619535595E-09  3.5355837688788078E-01  1.8579583218185988E-05  5.7670308797700427E-03  3.1335754596988602E-09
   227   21.565000      0.0000000000000000E+00  2.7070232556277839E-09  3.5786597320357932E-01  1.9410051398757841E-05  5.9010711069722114E-03  3.5069947136185452E-09
   228   21.660000      0.0000000000000000E+00  2.4763937459414192E-09  3.6174102871688218E-01  2.0039849496646264E-05  6.0368327336288415E-03  3.7899650531067059E-09
   229   21.755000      0.0000000000000000E+00  2.3861882385716208E-09  3.6519518130091772E-01  2.0415178823047922E-05  6.1724958735612581E-03  3.8399079634298484E-09
   230   21.850000      0.0000000000000000E+00  2.4351561616421971E-09  3.6828368174431803E-01  2.0489155903182941E-05  6.3062098977791419E-03  3.5670360930481592E-09
   231   21.945000      0.0000000000000000E+00  2.5529790261293788E-09  3.7109949746966686E-01  2.0285128907772043E-05  6.4353475606178934E-03  3.0806288448831012E-09
   232   22.040000      0.0000000000000000E+00  2.6597600040181439E-09  3.7375969786728186E-01  1.9854388888762125E-05  6.5568140680409229E-03  2.5726276660751746E-09
   233   22.135000      0.0000000000000000E+00  2.6594005959512312E-09  3.7638692247460065E-01  1.9296818627076777E-05  6.6696916288418555E-03  2.2864903702979999E-09
   234   22.230000      0.0000000000000000E+00  2.6719232004381768E-09  3.7909034937850528E-01  1.8757913211519063E-05  6.7753502273564040E-03  2.1362162248292008E-09
   235   22.325000      0.0000000000000000E+00  2.8998087305546354E-09  3.8194934851467599E-01  1.8330444181650861E-05  6.8769573092912432E-03  1.8349365967398039E-09
   236   22.420000      0.0000000000000000E+00  3.1758824180619498E-09  3.8500224369789948E-01  1.8087076426725654E-05  6.9811402386408946E-03  1.5363801125311701E-09
   237   22.515000      0.0000000000000000E+00  3.2966324981126559E-09  3.8824263476986626E-01  1.8030478395213091E-05  7.0971298961241608E-03  1.4579180652735218E-09
   238   22.610000      0.0000000000000000E+00  3.3153805505201807E-09  3.9162569148655296E-01  1.8134923033240071E-05  7.2344029754579159E-03  1.5432388607875515E-09
   239   22.705000      0.0000000000000000E+00  3.3176928997283357E-09  3.9507676866626434E-01  1.8428624343560308E-05  7.4021204535395183E-03  1.7552889461511380E-09
   240   22.800000      0.0000000000000000E+00  3.4282948729228757E-09  3.9850051368760114E-01  1.8916790606736894E-05  7.6088616671418016E-03  1.9884509103970060E-09
   241   22.895000      0.0000000000000000E+00  3.7021087465275129E-09  4.0179523477300294E-01  1.9621458297060005E-05  7.8593551976686628E-03  2.1397868318302515E-09
   242   22.990000      0.0000000000000000E+00  3.9688133705424109E-09  4.0486479010256815E-01  2.0519164546705344E-05  8.1560762095888566E-03  2.3063401864956302E-09
   243   23.085000      0.0000000000000000E+00  4.0771903937596975E-09  4.0763087789346991E-01  2.1531331132593944E-05  8.4982780603096528E-03  2.5119189643649908E-09
   244   23.180000      0.0000000000000000E+00  3.9693034536929890E-09  4.1004292856040581E-01  2.2584646868781294E-05  8.8799428204886545E-03  2.7508899729996426E-09
   245   23.275000      0.0000000000000000E+00  3.7424927459012055E-09  4.1208273852767424E-01  2.3597070884011373E-05  9.2931491532412900E-03  2.9702821796842829E-09
   246   23.370000      0.0000000000000000E+00  3.5731451619357769E-09  4.1377284157281802E-01  2.4542489719972714E-05  9.7259229843644143E-03  3.0913971922792457E-09
   247   23.465000      0.0000000000000000E+00  3.4700877578770723E-09  4.1517849520942091E-01  2.5340187488483314E-05  1.0161586119181040E-02  3.2321165559203541E-09
   248   23.560000      0.0000000000000000E+00  3.4093031321569805E-09  4.1639671337782025E-01  2.5928303358677262E-05  1.0582389311690261E-02  3.4575478231541291E-09
   249   23.655000      0.0000000000000000E+00  3.3715181640579359E-09  4.1754164529661397E-01  2.6264789076903652E-05  1.0970832419853175E-02  3.7748631825581450E-09
   250   23.750000      0.0000000000000000E+00  3.3871870001123456E-09  4.1873370011418115E-01  2.6406657346467058E-05  1.1311402882038288E-02  4.1106995807099163E-09
   251   23.845000      0.0000000000000000E+00  3.6296274680214771E-09  4.2009425566605008E-01  2.6467155600687777E-05  1.1591357081407636E-02  4.1531974520217023E-09
   252   23.940000      0.0000000000000000E+00  4.0108483479761471E-09  4.2174489380498975E-01  2.6593019206378249E-05  1.1804838662759312E-02  3.9217656941469222E-09
   253   24.035000      0.0000000000000000E+00  4.2819588398883473E-09  4.2381130960093416E-01  2.6833895294818681E-05  1.1950365807137507E-02  3.7123497060531198E-09
   254   24.130000      0.0000000000000000E+00  4.5321378953687760E-09  4.2642054840732629E-01  2.7176127425235215E-05  1.2032777382085144E-02  3.4471880801267891E-09
   255   24.225000      0.0000000000000000E+00  4.8933176541959984E-09  4.2969603207537405E-01  2.7549096460633362E-05  1.2067451098488752E-02  2.9901335389061557E-09
   256   24.320000      0.0000000000000000E+00  5.2081600666506444E-09  4.3375677403152457E-01  2.7894954770962786E-05  1.2079713428475157E-02  2.4955570366875524E-09
   257   24.415000      0.0000000000000000E+00  5.2300218283343968E-09  4.3871486089108275E-01  2.8233167731139256E-05  1.2104392122199721E-02  2.2141609712729773E-09
   258   24.510000      0.0000000000000000E+00  4.8982612889707600E-09  4.4467060717646495E-01  2.8652049094621675E-05  1.2178616726832773E-02  2.2727973895713869E-09
   259   24.605000      0.0000000000000000E+00  4.4551792197186144E-09  4.5170306444822117E-01  2.9164820595262047E-05  1.2339373364297726E-02  2.5141421065901327E-09
   260   24.700000      0.0000000000000000E+00  4.1943343931502407E-09  4.5986007458961159E-01  2.9739511875029052E-05  1.2616011790617512E-02  2.6960867074194554E-09
   261   24.795000      0.0000000000000000E+00  4.2621962951882797E-09  4.6913963833929223E-01  3.0338993075031584E-05  1.3026060621078861E-02  2.6580854988723755E-09
   262   24.890000      0.0000000000000000E+00  4.6723196573409158E-09  4.7946474133990957E-01  3.0995957349138485E-05  1.3573681745769240E-02  2.2901899004682346E-09
   263   24.985000      0.0000000000000000E+00  5.1314849769176777E-09  4.9066573331276847E-01  3.1892323540079330E-05  1.4247174153067921E-02  1.8643776994960227E-09
   264   25.080000      0.0000000000000000E+00  5.3162469371862754E-09  5.0247958311052765E-01  3.3206269124644655E-05  1.5023235117595752E-02  1.7235388480067117E-09
   265   25.175000      0.0000000000000000E+00  5.1912931930063277E-09  5.1457687025912069E-01  3.5099414794977605E-05  1.5867770147200734E-02  1.8977848626911004E-09
   266   25.270000      0.0000000000000000E+00  4.8924993826963573E-09  5.2660285199235890E-01  3.7700641980671417E-05  1.6735374071061498E-02  2.2715476290740686E-09
   267   25.365000      0.0000000000000000E+00  4.6390023590760980E-09  5.3820413256805522E-01  4.1038727202089936E-05  1.7573505483025647E-02  2.6349807619873651E-09
   268   25.460000      0.0000000000000000E+00  4.5546716876671966E-09  5.4904484136136444E-01  4.5023479017878829E-05  1.8334865530648992E-02  2.8317668747830635E-09
   269   25.555000      0.0000000000000000E+00  4.5235109235565704E-09  5.5883104936647854E-01  4.9470888576277173E-05  1.8981197218780357E-02  2.9450988447477879E-09
   270   25.650000      0.0000000000000000E+00  4.3891552660255460E-09  5.6733135616045660E-01  5.3906096502861090E-05  1.9483545060366744E-02  3.0813876596541208E-09
   271   25.745000      0.0000000000000000E+00  4.0435884084580475E-09  5.7438929491728641E-01  5.7772049773297153E-05  1.9827784222356818E-02  3.3307512561474490E-09
   272   25.840000      0.0000000000000000E+00  3.5605340166695223E-09  5.7993507080876572E-01  6.0765748962589883E-05  2.0009014222502640E-02  3.6231684947657677E-09
   273   25.935000      0.0000000000000000E+00  3.1904173435216453E-09  5.8398009186734190E-01  6.2764997785279405E-05  2.0033068927654954E-02  3.7265955041561543E-09
   274   26.030000      0.0000000000000000E+00  3.0687198996309361E-09  5.8659808775309297E-01  6.3904710116146986E-05  1.9917768132401800E-02  3.6096777313912135E-09
   275   26.125000      0.0000000000000000E+00  3.2045521730964121E-09  5.8790049847888048E-01  6.4235084601965676E-05  1.9689293331250659E-02  3.3118853225320243E-09
   276   26.220000      0.0000000000000000E+00  3.3347226317121396E-09  5.8800703916594355E-01  6.3812548904705263E-05  1.9374978788488092E-02  3.1262724105949157E-09
   277   26.315000      0.0000000000000000E+00  3.3296564708601248E-09  5.8702076422310911E-01  6.2829095181403684E-05  1.8999435146008527E-02  3.1700290769508755E-09
   278   26.410000      0.0000000000000000E+00  3.6224000725159533E-09  5.8502039649010074E-01  6.1611349608779389E-05  1.8577709990701064E-02  2.8764784530794221E-09
   279   26.505000      0.0000000000000000E+00  4.2784185806144861E-09  5.8206149114945127E-01  6.0547776104899350E-05  1.8117755485145801E-02  2.1449487100475744E-09
   280   26.600000      0.0000000000000000E+00  4.6435327825511379E-09  5.7817507268032597E-01  5.9802449712730503E-05  1.7630624506088193E-02  1.7809178481894561E-09
   281   26.695000      0.0000000000000000E+00  4.4850921313133197E-09  5.7336865535824555E-01  5.9218807910250759E-05  1.7142631770400658E-02  2.0186010561602257E-09
   282   26.790000      0.0000000000000000E+00  4.0629597928952408E-09  5.6763503106554702E-01  5.8522706136906719E-05  1.6700656073504735E-02  2.5486392372923851E-09
   283   26.885000      0.0000000000000000E+00  3.7708055563380088E-09  5.6096519237319620E-01  5.7486117796220679E-05  1.6368067097749597E-02  2.9391227618828595E-09
   284   26.980000      0.0000000000000000E+00  3.9057066067844174E-09  5.5336517449090561E-01  5.6065464979858266E-05  1.6213381602731863E-02  2.8378906637743441E-09
   285   27.075000      0.0000000000000000E+00  4.2909295878442460E-09  5.4488690486202407E-01  5.4258494220360608E-05  1.6285797248036134E-02  2.4314376653936646E-09
   286   27.170000      0.0000000000000000E+00  4.5128652581913972E-09  5.3565839578649299E-01  5.2140277656591179E-05  1.6593158661003065E-02  2.1574379738432248E-09
   287   27.265000      0.0000000000000000E+00  4.3189434467029489E-09  5.2588921682521694E-01  4.9925527270567459E-05  1.7089968071850453E-02  2.3073030425222420E-09
   288   27.360000      0.0000000000000000E+00  3.7877598612588539E-09  5.1585702350891638E-01  4.8007526424349360E-05  1.7685106818174843E-02  2.8663790872216898E-09
   289   27.455000      0.0000000000000000E+00  3.2612021121427758E-09  5.0588707678909672E-01  4.6956776248048183E-05  1.8258882606136988E-02  3.5265727793289437E-09
   290   27.550000      0.0000000000000000E+00  2.9931868484360628E-09  4.9630402673657009E-01  4.7263919602622477E-05  1.8703014987447471E-02  4.0064791434114090E-09
   291   27.645000      0.0000000000000000E+00  2.9638293945209784E-09  4.8736791357944664E-01  4.9067805516018169E-05  1.8967062975783516E-02  4.2706813296259840E-09
   292   27.740000      0.0000000000000000E+00  3.0860163233966259E-09  4.7924050874224744E-01  5.2034085621198198E-05  1.9083781776365175E-02  4.3211456462704548E-09
   293   27.835000      0.0000000000000000E+00  3.2609425415431251E-09  4.7200401186989716E-01  5.5431774466986979E-05  1.9150349570352727E-02  4.2493872491902662E-09
   294   27.930000      0.0000000000000000E+00  3.5661007791232883E-09  4.6571046467521726E-01  5.8379460890426028E-05  1.9277433078252894E-02  3.9732090020478964E-09
   295   28.025000      0.0000000000000000E+00  4.0818328766260392E-09  4.6042519695641870E-01  6.0196671392819837E-05  1.9538670515480645E-02  3.4475529656571322E-09
   296   28.120000      0.0000000000000000E+00  4.6940196843370549E-09  4.5624484556116995E-01  6.0580378132344243E-05  1.9947772171714406E-02  2.8679909803888973E-09
   297   28.215000      0.0000000000000000E+00  5.2105377465315392E-09  4.5328979976574968E-01  5.9565598358887784E-05  2.0471046622626846E-02  2.4483389779769510E-09
   298   28.310000      0.0000000000000000E+00  5.4487392178548268E-09  4.5168859667217359E-01  5.7594817733757611E-05  2.1055500916159077E-02  2.3333605909077607E-09
   299   28.405000      0.0000000000000000E+00  5.3694237732613547E-09  4.5157556543515681E-01  5.5324955820403620E-05  2.1646501310691030E-02  2.5389681705251239E-09
   300   28.500000      0.0000000000000000E+00  5.1679741182910350E-09  4.5310138942238753E-01  5.3785007749318149E-05  2.2178293084149668E-02  2.8339660918301855E-09
   301   28.595000      0.0000000000000000E+00  5.0523925897274398E-09  4.5641025938479285E-01  5.3882799791134928E-05  2.2563451304141096E-02  2.9798906939262336E-09
   302   28.690000      0.0000000000000000E+00  5.1456897010698255E-09  4.6155794580729381E-01  5.5897196981534644E-05  2.2710263575092544E-02  2.8349429929249636E-09
   303   28.785000      0.0000000000000000E+00  5.3563442136187949E-09  4.6841915823666497E-01  5.9276959169427741E-05  2.2563046352668259E-02  2.5622008442872925E-09
   304   28.880000      0.0000000000000000E+00  5.4692545865446129E-09  4.7666731998630685E-01  6.2865720967996989E-05  2.2140946553722111E-02  2.5241119735851809E-09
   305   28.975000      0.0000000000000000E+00  5.5712524530119831E-09  4.8586525738406450E-01  6.5448487149349127E-05  2.1524203061113106E-02  2.6272599736131493E-09
   306   29.070000      0.0000000000000000E+00  5.7421730914435809E-09  4.9560799796226079E-01  6.6540999743557481E-05  2.0804278458796090E-02  2.7000596894428781E-09
   307   29.165000      0.0000000000000000E+00  5.8211547341879051E-09  5.0560770705739377E-01  6.6627508519087378E-05  2.0035672178324491E-02  2.8263892142981523E-09
   308   29.260000      0.0000000000000000E+00  5.7291779835127568E-09  5.1567106472298219E-01  6.6625493796735794E-05  1.9234131873904693E-02  3.0091373379839449E-09
   309   29.355000      0.0000000000000000E+00  5.4592301595720456E-09  5.2560643985873468E-01  6.7304750060806886E-05  1.8404351689216596E-02  3.2689941676606617E-09
   310   29.450000      0.0000000000000000E+00  5.0778010312711291E-09  5.3515426748143102E-01  6.8806633745899487E-05  1.7572830346909089E-02  3.6203049811466298E-09
   311   29.545000      0.0000000000000000E+00  4.8085844435536509E-09  5.4402265438645425E-01  7.0842710115426080E-05  1.6791551180954448E-02  3.8402107500697852E-09
   312   29.640000      0.0000000000000000E+00  4.7103988657889111E-09  5.5201379310390664E-01  7.2924564110401168E-05  1.6114028650091729E-02  3.8321989549032361E-09
   313   29.735000      0.0000000000000000E+00  4.6624814008009361E-09  5.5913892939559839E-01  7.4765166041819095E-05  1.5566753703220082E-02  3.6823511629214543E-09
   314   29.830000      0.0000000000000000E+00  4.5370243336714446E-09  5.6562430918137829E-01  7.6748368631842612E-05  1.5143525476169414E-02  3.5023751803162358E-09
   315   29.925000      0.0000000000000000E+00  4.2690102729658632E-09  5.7181613006026710E-01  7.9853798859702790E-05  1.4822372901377065E-02  3.3882870663223191E-09
   316   30.020000      0.0000000000000000E+00  3.9870501399651683E-09  5.7806304357957439E-01  8.4935358845389532E-05  1.4582267304224154E-02  3.2409122482362011E-09
   317   30.115000      0.0000000000000000E+00  3.8140612882721092E-09  5.8464121622781950E-01  9.1912640791301880E-05  1.4419407868083038E-02  3.0157951677631242E-09
   318   30.210000      0.0000000000000000E+00  3.7884263700458147E-09  5.9172265779250355E-01  9.9353802687562979E-05  1.4346916307889847E-02  2.7670566745230914E-09
   319   30.305000      0.0000000000000000E+00  3.8658468961859691E-09  5.9934636847469924E-01  1.0521076918459894E-04  1.4396656473791188E-02  2.5893968627915495E-09
   320   30.400000      0.0000000000000000E+00  3.8694705161855663E-09  6.0740450956834435E-01  1.0812559332102153E-04  1.4603225310435687E-02  2.7257477899203126E-09
   321   30.495000      0.0000000000000000E+00  3.8954669213906775E-09  6.1564773295872000E-01  1.0906159013938963E-04  1.4981011258617791E-02  3.0653270024294275E-09
   322   30.590000      0.0000000000000000E+00  4.2070873749661635E-09  6.2369833435769506E-01  1.1024440464577428E-04  1.5562013891046887E-02  3.2318198145960524E-09
   323   30.685000      0.0000000000000000E+00  4.6312908519640720E-09  6.3111913310070733E-01  1.1282969727721862E-04  1.6422692812583021E-02  3.2908844231673767E-09
   324   30.780000      0.0000000000000000E+00  4.8229504648763473E-09  6.3754291349609071E-01  1.1650500341818804E-04  1.7675610299018641E-02  3.4209151834087073E-09
   325   30.875000      0.0000000000000000E+00  4.7213224143652403E-09  6.4280237173554500E-01  1.2018482396400263E-04  1.9418920055261905E-02  3.5469611619272069E-09
   326   30.970000      0.0000000000000000E+00  4.5470354362794971E-09  6.4699634948186846E-01  1.2304690560008765E-04  2.1679371880788948E-02  3.5146780531271343E-09
   327   31.065000      0.0000000000000000E+00  4.6081951723230562E-09  6.5045763212437047E-01  1.2543215005182324E-04  2.4379761219215063E-02  3.2218437107842800E-09
   328   31.160000      0.0000000000000000E+00  4.9456443778460370E-09  6.5363354819442021E-01  1.2757335283808082E-04  2.7364647993740734E-02  2.8084137348916584E-09
   329   31.255000      0.0000000000000000E+00  5.2867579799772912E-09  6.5695004668398627E-01  1.2921044104632724E-04  3.0420520826230465E-02  2.5591765005046790E-09
   330   31.350000      0.0000000000000000E+00  5.3096926021897817E-09  6.6069166907666776E-01  1.2900883329291523E-04  3.3327657501885898E-02  2.6398499959628302E-09
   331   31.445000      0.0000000000000000E+00  4.8477923964062202E-09  6.6494336503873930E-01  1.2648654981851177E-04  3.5863938340873459E-02  3.0748394586512623E-09
   332   31.540000      0.0000000000000000E+00  4.1647550154687895E-09  6.6959683209794330E-01  1.2217500549189760E-04  3.7827508833898252E-02  3.5341408161667043E-09
   333   31.635000      0.0000000000000000E+00  3.6971405533234699E-09  6.7440178442079868E-01  1.1776017903760290E-04  3.9037066741739408E-02  3.6367323801234802E-09
   334   31.730000      0.0000000000000000E+00  3.5660075733338203E-09  6.7902686919165234E-01  1.1497359394906833E-04  3.9385737498869734E-02  3.3935053508319063E-09
   335   31.825000      0.0000000000000000E+00  3.6175083697587373E-09  6.8309877056537249E-01  1.1483582827005604E-04  3.8863576224792064E-02  2.9960998849709253E-09
   336   31.920000      0.0000000000000000E+00  3.5769658393989275E-09  6.8617119026987439E-01  1.1726258127940076E-04  3.7616111829308185E-02  2.7243477246994941E-09
   337   32.015000      0.0000000000000000E+00  3.3061323469385871E-09  6.8768047449592018E-01  1.2118741615173832E-04  3.5954775340224780E-02  2.7817537712597012E-09
   338   32.110000      0.0000000000000000E+00  2.9795039769373595E-09  6.8699326986374709E-01  1.2489743134960028E-04  3.4304299618143706E-02  3.0794408666829605E-09
   339   32.205000      0.0000000000000000E+00  2.8552402083207672E-09  6.8362614830836377E-01  1.2732009124771318E-04  3.3033288011067898E-02  3.4120973149371152E-09
   340   32.300000      0.0000000000000000E+00  3.0547505573926659E-09  6.7756383080234617E-01  1.2890236310710384E-04  3.2237033373749426E-02  3.6172500543318453E-09
   341   32.395000      0.0000000000000000E+00  3.4317895163013158E-09  6.6944012261004449E-01  1.3069749531723166E-04  3.1652177264032126E-02  3.7235986503835597E-09
   342   32.490000      0.0000000000000000E+00  3.6707876136604552E-09  6.6040976932169215E-01  1.3295655538935947E-04  3.0819064489495403E-02  3.9451516624633630E-09
   343   32.585000      0.0000000000000000E+00  3.6960396311627978E-09  6.5179735092418667E-01  1.3495921797938899E-04  2.9357328248077016E-02  4.2614677820074546E-09
   344   32.680000      0.0000000000000000E+00  3.6666812268278297E-09  6.4474074644030344E-01  1.3633437785700626E-04  2.7142085316520792E-02  4.5366829383850386E-09
   345   32.775000      0.0000000000000000E+00  3.9568599242222913E-09  6.3996422516087759E-01  1.3795187124146846E-04  2.4331645998374885E-02  4.4320374873278403E-09
   346   32.870000      0.0000000000000000E+00  4.6482000468496741E-09  6.3775491984496346E-01  1.4127990353165768E-04  2.1258506628804907E-02  3.8646659469109325E-09
   347   32.965000      0.0000000000000000E+00  5.1154001827648854E-09  6.3811231795192580E-01  1.4708757551764917E-04  1.8264762797975322E-02  3.5315583869026344E-09
   348   33.060000      0.0000000000000000E+00  5.1071630776912248E-09  6.4091445530911073E-01  1.5523372072298713E-04  1.5568001584633177E-02  3.6696134707693099E-09
   349   33.155000      0.0000000000000000E+00  5.1449631593770027E-09  6.4596513967461933E-01  1.6474378588678302E-04  1.3257130257173098E-02  3.6168832601282813E-09
   350   33.250000      0.0000000000000000E+00  5.3342254891773284E-09  6.5293169782046390E-01  1.7427608294619739E-04  1.1378465672745872E-02  3.3003946216535369E-09
   351   33.345000      0.0000000000000000E+00  5.3653079914855637E-09  6.6130813808407884E-01  1.8176926171129015E-04  1.0017552492152609E-02  3.1126579904583509E-09
   352   33.440000      0.0000000000000000E+00  5.0611855507964916E-09  6.7049071786464109E-01  1.8531914387786528E-04  9.2949197218201423E-03  3.2733366407313432E-09
   353   33.535000      0.0000000000000000E+00  4.4112054907590897E-09  6.7987956918436032E-01  1.8452667638686260E-04  9.3614731798415188E-03  3.8918298105599752E-09
   354   33.630000      0.0000000000000000E+00  3.8217789661648099E-09  6.8891822426779425E-01  1.8097197802345092E-04  1.0404201360220515E-02  4.5454361154082237E-09
   355   33.725000      0.0000000000000000E+00  3.7609708438498439E-09  6.9715152982809381E-01  1.7697942620847911E-04  1.2555426078232691E-02  4.7173728208779484E-09
   356   33.820000      0.0000000000000000E+00  4.3454054251642582E-09  7.0432185855679341E-01  1.7462227669582503E-04  1.5690501912026266E-02  4.2578527834694268E-09
   357   33.915000      0.0000000000000000E+00  5.2547860631209492E-09  7.1033999610295384E-01  1.7470783750105697E-04  1.9360490497414597E-02  3.4329878582937139E-09
   358   34.010000      0.0000000000000000E+00  5.8946484494805575E-09  7.1505324568661610E-01  1.7709747367048272E-04  2.3017443667328809E-02  2.7428304406273524E-09
   359   34.105000      0.0000000000000000E+00  5.8476484675202835E-09  7.1802511070634145E-01  1.8155312401018568E-04  2.6324142004952367E-02  2.5566181450632191E-09
   360   34.200000      0.0000000000000000E+00  5.2090312553712606E-09  7.1856587883884082E-01  1.8780204026029872E-04  2.9247587936294662E-02  2.8119395366796554E-09
   361   34.295000      0.0000000000000000E+00  4.3148574743346909E-09  7.1601508211552656E-01  1.9547503488714617E-04  3.1942794552590949E-02  3.3127257182405570E-09
   362   34.390000      0.0000000000000000E+00  3.5436658673371791E-09  7.1009867960869644E-01  2.0359886975096495E-04  3.4553575163916744E-02  3.7856085968228879E-09
   363   34.485000      0.0000000000000000E+00  3.0750152922715677E-09  7.0112276877613078E-01  2.1078024164399099E-04  3.7100001013708708E-02  4.1132667850399473E-09
   364   34.580000      0.0000000000000000E+00  2.9289310075346398E-09  6.8990939024100484E-01  2.1595642700613987E-04  3.9458588721613820E-02  4.2653145424403681E-09
   365   34.675000      0.0000000000000000E+00  3.1354748545979707E-09  6.7755791938218646E-01  2.1907848405826238E-04  4.1408184656614770E-02  4.1387452728508807E-09
   366   34.770000      0.0000000000000000E+00  3.6339132762332102E-09  6.6515583983525439E-01  2.2077168679543181E-04  4.2727013169591078E-02  3.7616989519872808E-09
   367   34.865000      0.0000000000000000E+00  4.2765121963434887E-09  6.5353271580919625E-01  2.2179327052897365E-04  4.3318199111436168E-02  3.2355007323755163E-09
   368   34.960000      0.0000000000000000E+00  4.8084587071605003E-09  6.4315191668699334E-01  2.2301111257493650E-04  4.3236470716875433E-02  2.7437060078109079E-09
   369   35.055000      0.0000000000000000E+00  4.9463028617621905E-09  6.3418931161023606E-01  2.2500818236503731E-04  4.2620977698943824E-02  2.5198486188957422E-09
   370   35.150000      0.0000000000000000E+00  4.5802395025529777E-09  6.2673955097344347E-01  2.2858431464999981E-04  4.1577470829105415E-02  2.6561536130602828E-09
   371   35.245000      0.0000000000000000E+00  3.7914063532423382E-09  6.2097907721448220E-01  2.3476565528300327E-04  4.0131045083551732E-02  3.0995400341792343E-09
   372   35.340000      0.0000000000000000E+00  2.9517917217056067E-09  6.1718515735571866E-01  2.4383629863635690E-04  3.8230895992766377E-02  3.5449765120012413E-09
   373   35.435000      0.0000000000000000E+00  2.5879236944843293E-09  6.1558464163212001E-01  2.5526963664476959E-04  3.5834598886813611E-02  3.5329489652546340E-09
   374   35.530000      0.0000000000000000E+00  2.6984733405118739E-09  6.1616253678628918E-01  2.6820115851413040E-04  3.3010409822711528E-02  3.2173339848114384E-09
   375   35.625000      0.0000000000000000E+00  2.9705730081273636E-09  6.1858180737498625E-01  2.8195263226927218E-04  2.9983817354677145E-02  2.9850739824908318E-09
   376   35.720000      0.0000000000000000E+00  3.2536823009233616E-09  6.2225846719049027E-01  2.9580318768973439E-04  2.7091725376481402E-02  2.9236996902839093E-09
   377   35.815000      0.0000000000000000E+00  3.4598550609477318E-09  6.2655895604065770E-01  3.0881467394045171E-04  2.4639350467846835E-02  3.0853936491077845E-09
   378   35.910000      0.0000000000000000E+00  3.6600492958593251E-09  6.3097624673874941E-01  3.1963218224139714E-04  2.2806668575117678E-02  3.3346393193787595E-09
   379   36.005000      0.0000000000000000E+00  3.9679517501126263E-09  6.3517229655566598E-01  3.2698636076425487E-04  2.1683338735030561E-02  3.4639965185525624E-09
   380   36.100000      0.0000000000000000E+00  4.2571456054715820E-09  6.3896167273279048E-01  3.2983576440129828E-04  2.1319919146223464E-02  3.6072066322733170E-09
   381   36.195000      0.0000000000000000E+00  4.4516220631043948E-09  6.4234706117786011E-01  3.2686717451707223E-04  2.1646003406069786E-02  3.8583948938578629E-09
   382   36.290000      0.0000000000000000E+00  4.6518869907352087E-09  6.4549235163994334E-01  3.1561024191096155E-04  2.2407125849210494E-02  4.1035707874912412E-09
   383   36.385000      0.0000000000000000E+00  4.9426056631656225E-09  6.4850458137950329E-01  2.9443324289239053E-04  2.3303210553755376E-02  4.2292162050193398E-09
   384   36.480000      0.0000000000000000E+00  5.3151274529892455E-09  6.5117215329686295E-01  2.6457759734675951E-04  2.4194353838457701E-02  4.1721098845866336E-09
   385   36.575000      0.0000000000000000E+00  5.6077987641264995E-09  6.5289934017406981E-01  2.3115129320829455E-04  2.5156164040283865E-02  4.0712016345519797E-09
   386   36.670000      0.0000000000000000E+00  5.7856839837283795E-09  6.5287013968752516E-01  2.0157733295621228E-04  2.6390304391671334E-02  3.9708004352421165E-09
   387   36.765000      0.0000000000000000E+00  5.9573949854722585E-09  6.5030182006672188E-01  1.8238263546942136E-04  2.8114457979165182E-02  3.7973256980748964E-09
   388   36.860000      0.0000000000000000E+00  6.1761059305571421E-09  6.4467499863904620E-01  1.7665550943686870E-04  3.0448434125833854E-02  3.5577340131186365E-09
   389   36.955000      0.0000000000000000E+00  6.5132339396562531E-09  6.3589414873822436E-01  1.8325390252132675E-04  3.3296946650277014E-02  3.1582202627445379E-09
   390   37.050000      0.0000000000000000E+00  6.8295875700266504E-09  6.2433951490812900E-01  1.9850534784433615E-04  3.6302535522022741E-02  2.7513822890302206E-09
   391   37.145000      0.0000000000000000E+00  6.8616683483897852E-09  6.1077171936913932E-01  2.1889259573742547E-04  3.8956022446838448E-02  2.7030120765539138E-09
   392   37.240000      0.0000000000000000E+00  6.7112517087532663E-09  5.9612722926089601E-01  2.4278319319946028E-04  4.0817421730618267E-02  2.9201650423589571E-09
   393   37.335000      0.0000000000000000E+00  6.5702198481904010E-09  5.8133697056603439E-01  2.6973575506117879E-04  4.1671693068882611E-02  3.1699965227361462E-09
   394   37.430000      0.0000000000000000E+00  6.4443706669150837E-09  5.6726863150471485E-01  2.9847364517819104E-04  4.1507693319092889E-02  3.4533098062208849E-09
   395   37.525000      0.0000000000000000E+00  6.3855497305581194E-09  5.5474324221002658E-01  3.2705995131249556E-04  4.0406736803550648E-02  3.7663427605196898E-09
   396   37.620000      0.0000000000000000E+00  6.5268277709539292E-09  5.4450717456916542E-01  3.5333137051705445E-04  3.8498488385893148E-02  4.0587251828910638E-09
   397   37.715000      0.0000000000000000E+00  6.9916536304493805E-09  5.3713964685247517E-01  3.7584024044262036E-04  3.5997559770928111E-02  4.1948171871446357E-09
   398   37.810000      0.0000000000000000E+00  7.7072563739493543E-09  5.3295794915146733E-01  3.9394672841786872E-04  3.3215560051612483E-02  4.1176799329295330E-09
   399   37.905000      0.0000000000000000E+00  8.3577713668272742E-09  5.3197549199305882E-01  4.0736461817644841E-04  3.0508639423367193E-02  3.9816089193661071E-09
   400   38.000000      0.0000000000000000E+00  8.6423622255723649E-09  5.3396267303009048E-01  4.1448201060150002E-04  2.8179807150748228E-02  3.9533713170005410E-09
   401   38.095000      0.0000000000000000E+00  8.3878632777540079E-09  5.3856271302357261E-01  4.1178884153584216E-04  2.6414399356486509E-02  4.2150842857160496E-09
   402   38.190000      0.0000000000000000E+00  7.7117538376252225E-09  5.4535057734975112E-01  3.9575381656844805E-04  2.5317189732545486E-02  4.7417662473502687E-09
   403   38.285000      0.0000000000000000E+00  7.0217830482265242E-09  5.5387224381713196E-01  3.6596629893452916E-04  2.4962271507482536E-02  5.1649063474337956E-09
   404   38.380000      0.0000000000000000E+00  6.6031813546496479E-09  5.6376689437799266E-01  3.2780640862572547E-04  2.5329340849534698E-02  5.2446136650984790E-09
   405   38.475000      0.0000000000000000E+00  6.5675656251633671E-09  5.7487123078436364E-01  2.9124978233890361E-04  2.6222753552780587E-02  4.8997884490236576E-09
   406   38.570000      0.0000000000000000E+00  6.8488937629651692E-09  5.8711805748464130E-01  2.6542274915248134E-04  2.7372425516519940E-02  4.1922731462034848E-09
   407   38.665000      0.0000000000000000E+00  7.1165686735650265E-09  6.0029428387768546E-01  2.5295290048409807E-04  2.8673612447371568E-02  3.4469757098687923E-09
   408   38.760000      0.0000000000000000E+00  7.0527890726538103E-09  6.1393065813449088E-01  2.4993275778898767E-04  3.0279678441218150E-02  2.9501958444388039E-09
   409   38.855000      0.0000000000000000E+00  6.5798896355421324E-09  6.2745048826254779E-01  2.5070205522906248E-04  3.2379809871050581E-02  2.7694680096460721E-09
   410   38.950000      0.0000000000000000E+00  5.8711936102545984E-09  6.4036743578081390E-01  2.5287150838363131E-04  3.4895776021002696E-02  2.8046163860197405E-09
   411   39.045000      0.0000000000000000E+00  5.2406510620743496E-09  6.5222535019438499E-01  2.5781200860014783E-04  3.7519957701703133E-02  2.8474359580264468E-09
   412   39.140000      0.0000000000000000E+00  4.8402860746795871E-09  6.6239621368436108E-01  2.6729860455241590E-04  4.0047240153121513E-02  2.8795963603144070E-09
   413   39.235000      0.0000000000000000E+00  4.6631285680210492E-09  6.7013069553540183E-01  2.8170016110870159E-04  4.2497240540393229E-02  2.9314125235529305E-09
   414   39.330000      0.0000000000000000E+00  4.4859058903389765E-09  6.7483042728410658E-01  2.9969061416286821E-04  4.4939322407612850E-02  3.1604791711185211E-09
   415   39.425000      0.0000000000000000E+00  4.1838659476178115E-09  6.7617723150167919E-01  3.1998114910957652E-04  4.7359798701652189E-02  3.6000605128259923E-09
   416   39.520000      0.0000000000000000E+00  4.1654174199648357E-09  6.7403845304670407E-01  3.4261061975177440E-04  4.9720601872531245E-02  3.6555776057089330E-09
   417   39.615000      0.0000000000000000E+00  4.4536727322001325E-09  6.6841638479677501E-01  3.6791523678882527E-04  5.1998196539512279E-02  3.2625371998015260E-09
   418   39.710000      0.0000000000000000E+00  4.4239454285865898E-09  6.5960628367959095E-01  3.9569845117772809E-04  5.4036725830129577E-02  3.1804586963332142E-09
   419   39.805000      0.0000000000000000E+00  3.9921507246073158E-09  6.4837959647923260E-01  4.2447662871941726E-04  5.5397094084199017E-02  3.4974785690745295E-09
   420   39.900000      0.0000000000000000E+00  3.5633012145845328E-09  6.3591600618417221E-01  4.5181659779597441E-04  5.5477214283034870E-02  3.7790374798389134E-09
   421   39.995000      0.0000000000000000E+00  3.3793207199169273E-09  6.2347024945027418E-01  4.7581118596498156E-04  5.3853582697276539E-02  3.8347233854050437E-09
   422   40.090000      0.0000000000000000E+00  3.5332904953308405E-09  6.1203792951150904E-01  4.9487368947510565E-04  5.0492779572771707E-02  3.5457346296019000E-09
