! Kinetic energy for species "electrons-down"
  Iter        Time          Total Par.             Kin. Energy
     0   0.0000000             230400  1.0647957735532576E+00
     1  0.95000000E-01         230400  1.0647959953624786E+00
     2  0.19000000             230400  1.0647966584242279E+00
     3  0.28500000             230400  1.0647977555197641E+00
     4  0.38000000             230400  1.0647992743996677E+00
     5  0.47500000             230400  1.0648011978283045E+00
     6  0.57000000             230400  1.0648035038843369E+00
     7  0.66500000             230400  1.0648061663442037E+00
     8  0.76000000             230400  1.0648091550172949E+00
     9  0.85500000             230400  1.0648124360461426E+00
    10  0.95000000             230400  1.0648159722113146E+00
    11   1.0450000             230400  1.0648197232568195E+00
    12   1.1400000             230400  1.0648236463013661E+00
    13   1.2350000             230400  1.0648276964457282E+00
    14   1.3300000             230400  1.0648318275390758E+00
    15   1.4250000             230400  1.0648359928067805E+00
    16   1.5200000             230400  1.0648401451176259E+00
    17   1.6150000             230400  1.0648442371577727E+00
    18   1.7100000             230400  1.0648482219811977E+00
    19   1.8050000             230400  1.0648520538911472E+00
    20   1.9000000             230400  1.0648556891275434E+00
    21   1.9950000             230400  1.0648590862265488E+00
    22   2.0900000             230400  1.0648622064590458E+00
    23   2.1850000             230400  1.0648650143802201E+00
    24   2.2800000             230400  1.0648674781048721E+00
    25   2.3750000             230400  1.0648695694891401E+00
    26   2.4700000             230400  1.0648712646512544E+00
    27   2.5650000             230400  1.0648725444233307E+00
    28   2.6600000             230400  1.0648733942141311E+00
    29   2.7550000             230400  1.0648738038625565E+00
    30   2.8500000             230400  1.0648737681783929E+00
    31   2.9450000             230400  1.0648732876026934E+00
    32   3.0400000             230400  1.0648723679977565E+00
    33   3.1350000             230400  1.0648710197377844E+00
    34   3.2300000             230400  1.0648692572387306E+00
    35   3.3250000             230400  1.0648670994463427E+00
    36   3.4200000             230400  1.0648645704629349E+00
    37   3.5150000             230400  1.0648616992625430E+00
    38   3.6100000             230400  1.0648585185703510E+00
    39   3.7050000             230400  1.0648550639292416E+00
    40   3.8000000             230400  1.0648513736583753E+00
    41   3.8950000             230400  1.0648474893048658E+00
    42   3.9900000             230400  1.0648434554899224E+00
    43   4.0850000             230400  1.0648393185939045E+00
    44   4.1800000             230400  1.0648351250318266E+00
    45   4.2750000             230400  1.0648309204227351E+00
    46   4.3700000             230400  1.0648267501362194E+00
    47   4.4650000             230400  1.0648226603028594E+00
    48   4.5600000             230400  1.0648186976219012E+00
    49   4.6550000             230400  1.0648149073477988E+00
    50   4.7500000             230400  1.0648113311310823E+00
    51   4.8450000             230400  1.0648080068209207E+00
    52   4.9400000             230400  1.0648049696546749E+00
    53   5.0350000             230400  1.0648022523059142E+00
    54   5.1300000             230400  1.0647998832363814E+00
    55   5.2250000             230400  1.0647978855514295E+00
    56   5.3200000             230400  1.0647962777185480E+00
    57   5.4150000             230400  1.0647950747094859E+00
    58   5.5100000             230400  1.0647942877648691E+00
    59   5.6050000             230400  1.0647939230043082E+00
    60   5.7000000             230400  1.0647939803156978E+00
    61   5.7950000             230400  1.0647944534019447E+00
    62   5.8900000             230400  1.0647953307044240E+00
    63   5.9850000             230400  1.0647965961597237E+00
    64   6.0800000             230400  1.0647982291324443E+00
    65   6.1750000             230400  1.0648002040055544E+00
    66   6.2700000             230400  1.0648024901418720E+00
    67   6.3650000             230400  1.0648050520556607E+00
    68   6.4600000             230400  1.0648078492314585E+00
    69   6.5550000             230400  1.0648108357261732E+00
    70   6.6500000             230400  1.0648139605641813E+00
    71   6.7450000             230400  1.0648171696783497E+00
    72   6.8400000             230400  1.0648204084173485E+00
    73   6.9350000             230400  1.0648236224027428E+00
    74   7.0300000             230400  1.0648267560127831E+00
    75   7.1250000             230400  1.0648297504933659E+00
    76   7.2200000             230400  1.0648325440203825E+00
    77   7.3150000             230400  1.0648350735930083E+00
    78   7.4100000             230400  1.0648372766331513E+00
    79   7.5050000             230400  1.0648390908497813E+00
    80   7.6000000             230400  1.0648404532011229E+00
    81   7.6950000             230400  1.0648412998572443E+00
    82   7.7900000             230400  1.0648415675031493E+00
    83   7.8850000             230400  1.0648411940858882E+00
    84   7.9800000             230400  1.0648401175501787E+00
    85   8.0750000             230400  1.0648382738660791E+00
    86   8.1700000             230400  1.0648355965956458E+00
    87   8.2650000             230400  1.0648320180037951E+00
    88   8.3600000             230400  1.0648274699035292E+00
    89   8.4550000             230400  1.0648218835678291E+00
    90   8.5500000             230400  1.0648151896273568E+00
    91   8.6450000             230400  1.0648073179196758E+00
    92   8.7400000             230400  1.0647981955794195E+00
    93   8.8350000             230400  1.0647877429847941E+00
    94   8.9300000             230400  1.0647758702990409E+00
    95   9.0250000             230400  1.0647624769697859E+00
    96   9.1200000             230400  1.0647474522076630E+00
    97   9.2150000             230400  1.0647306727466801E+00
    98   9.3100000             230400  1.0647119980649742E+00
    99   9.4050000             230400  1.0646912665783599E+00
   100   9.5000000             230400  1.0646682945465278E+00
   101   9.5950000             230400  1.0646428763991511E+00
   102   9.6900000             230400  1.0646147842193496E+00
   103   9.7850000             230400  1.0645837637381359E+00
   104   9.8800000             230400  1.0645495253337716E+00
   105   9.9750000             230400  1.0645117328168772E+00
   106   10.070000             230400  1.0644699954370218E+00
   107   10.165000             230400  1.0644238650637070E+00
   108   10.260000             230400  1.0643728354697337E+00
   109   10.355000             230400  1.0643163404837179E+00
   110   10.450000             230400  1.0642537504066829E+00
   111   10.545000             230400  1.0641843662650809E+00
   112   10.640000             230400  1.0641074095549130E+00
   113   10.735000             230400  1.0640220053520386E+00
   114   10.830000             230400  1.0639271610195067E+00
   115   10.925000             230400  1.0638217481727374E+00
   116   11.020000             230400  1.0637044953092807E+00
   117   11.115000             230400  1.0635739890094777E+00
   118   11.210000             230400  1.0634286720621511E+00
   119   11.305000             230400  1.0632668305476751E+00
   120   11.400000             230400  1.0630865750710810E+00
   121   11.495000             230400  1.0628858261400200E+00
   122   11.590000             230400  1.0626623030756397E+00
   123   11.685000             230400  1.0624135043918295E+00
   124   11.780000             230400  1.0621366720575538E+00
   125   11.875000             230400  1.0618287493989960E+00
   126   11.970000             230400  1.0614863557505561E+00
   127   12.065000             230400  1.0611057970020550E+00
   128   12.160000             230400  1.0606831078652361E+00
   129   12.255000             230400  1.0602140976673078E+00
   130   12.350000             230400  1.0596943674926449E+00
   131   12.445000             230400  1.0591192839169954E+00
   132   12.540000             230400  1.0584839186743857E+00
   133   12.635000             230400  1.0577829881525633E+00
   134   12.730000             230400  1.0570108463992369E+00
   135   12.825000             230400  1.0561615756143303E+00
   136   12.920000             230400  1.0552291611628670E+00
   137   13.015000             230400  1.0542076655421289E+00
   138   13.110000             230400  1.0530913045357166E+00
   139   13.205000             230400  1.0518744084079195E+00
   140   13.300000             230400  1.0505513628121488E+00
   141   13.395000             230400  1.0491166546007529E+00
   142   13.490000             230400  1.0475650499187281E+00
   143   13.585000             230400  1.0458918332482430E+00
   144   13.680000             230400  1.0440930263638852E+00
   145   13.775000             230400  1.0421655770604177E+00
   146   13.870000             230400  1.0401075550627541E+00
   147   13.965000             230400  1.0379183932919580E+00
   148   14.060000             230400  1.0355991645583260E+00
   149   14.155000             230400  1.0331528531298433E+00
   150   14.250000             230400  1.0305846171132815E+00
   151   14.345000             230400  1.0279020946681181E+00
   152   14.440000             230400  1.0251157388525027E+00
   153   14.535000             230400  1.0222391002419995E+00
   154   14.630000             230400  1.0192890619779902E+00
   155   14.725000             230400  1.0162860708186670E+00
   156   14.820000             230400  1.0132542506944180E+00
   157   14.915000             230400  1.0102212001987854E+00
   158   15.010000             230400  1.0072174242268415E+00
   159   15.105000             230400  1.0042752969155329E+00
   160   15.200000             230400  1.0014275714239305E+00
   161   15.295000             230400  9.9870570091797306E-01
   162   15.390000             230400  9.9613803138798218E-01
   163   15.485000             230400  9.9374780088805470E-01
   164   15.580000             230400  9.9155102662384842E-01
   165   15.675000             230400  9.8955497582764074E-01
   166   15.770000             230400  9.8775827810035932E-01
   167   15.865000             230400  9.8615296805067387E-01
   168   15.960000             230400  9.8472750405945952E-01
   169   16.055000             230400  9.8346939999075123E-01
   170   16.150000             230400  9.8236664053595280E-01
   171   16.245000             230400  9.8140817261509139E-01
   172   16.340000             230400  9.8058467926628545E-01
   173   16.435000             230400  9.7988977157826351E-01
   174   16.530000             230400  9.7932038640355823E-01
   175   16.625000             230400  9.7887571204061219E-01
   176   16.720000             230400  9.7855593845251621E-01
   177   16.815000             230400  9.7836228552922067E-01
   178   16.910000             230400  9.7829733257559104E-01
   179   17.005000             230400  9.7836407483490451E-01
   180   17.100000             230400  9.7856449499852649E-01
   181   17.195000             230400  9.7889915517890524E-01
   182   17.290000             230400  9.7936730598675714E-01
   183   17.385000             230400  9.7996666111867525E-01
   184   17.480000             230400  9.8069293392621937E-01
   185   17.575000             230400  9.8153988089045030E-01
   186   17.670000             230400  9.8250004039015204E-01
   187   17.765000             230400  9.8356563882300341E-01
   188   17.860000             230400  9.8472908281927030E-01
   189   17.955000             230400  9.8598348867509134E-01
   190   18.050000             230400  9.8732439410395278E-01
   191   18.145000             230400  9.8875182297924225E-01
   192   18.240000             230400  9.9027020963352042E-01
   193   18.335000             230400  9.9188500132061852E-01
   194   18.430000             230400  9.9359878447349170E-01
   195   18.525000             230400  9.9541014329166244E-01
   196   18.620000             230400  9.9731400071898868E-01
   197   18.715000             230400  9.9929999635362377E-01
   198   18.810000             230400  1.0013493754540161E+00
   199   18.905000             230400  1.0034345889469982E+00
   200   19.000000             230400  1.0055223696126787E+00
   201   19.095000             230400  1.0075775392418389E+00
   202   19.190000             230400  1.0095667600058795E+00
   203   19.285000             230400  1.0114617907388130E+00
   204   19.380000             230400  1.0132401011337306E+00
   205   19.475000             230400  1.0148817845804348E+00
   206   19.570000             230400  1.0163658632614281E+00
   207   19.665000             230400  1.0176700411273369E+00
   208   19.760000             230400  1.0187734568178390E+00
   209   19.855000             230400  1.0196578243571692E+00
   210   19.950000             230400  1.0203052637481331E+00
   211   20.045000             230400  1.0206954387967921E+00
   212   20.140000             230400  1.0208066826272577E+00
   213   20.235000             230400  1.0206225084759155E+00
   214   20.330000             230400  1.0201357179040214E+00
   215   20.425000             230400  1.0193441563770518E+00
   216   20.520000             230400  1.0182448024396673E+00
   217   20.615000             230400  1.0168344460096694E+00
   218   20.710000             230400  1.0151125438657553E+00
   219   20.805000             230400  1.0130806247510520E+00
   220   20.900000             230400  1.0107438776562776E+00
   221   20.995000             230400  1.0081180247914645E+00
   222   21.090000             230400  1.0052337663418052E+00
   223   21.185000             230400  1.0021344632117377E+00
   224   21.280000             230400  9.9887139074113884E-01
   225   21.375000             230400  9.9549863424519025E-01
   226   21.470000             230400  9.9206603783732938E-01
   227   21.565000             230400  9.8861242092793900E-01
   228   21.660000             230400  9.8516226448286914E-01
   229   21.755000             230400  9.8172600305254498E-01
   230   21.850000             230400  9.7830089995751690E-01
   231   21.945000             230400  9.7487257068969146E-01
   232   22.040000             230400  9.7141994449891067E-01
   233   22.135000             230400  9.6792242075290980E-01
   234   22.230000             230400  9.6436571194386367E-01
   235   22.325000             230400  9.6074324135155376E-01
   236   22.420000             230400  9.5705509106659437E-01
   237   22.515000             230400  9.5330766326138061E-01
   238   22.610000             230400  9.4951304635402112E-01
   239   22.705000             230400  9.4569001300505029E-01
   240   22.800000             230400  9.4186509663863327E-01
   241   22.895000             230400  9.3806989639887495E-01
   242   22.990000             230400  9.3433741038479012E-01
   243   23.085000             230400  9.3069848179756054E-01
   244   23.180000             230400  9.2717969371962783E-01
   245   23.275000             230400  9.2380321641465413E-01
   246   23.370000             230400  9.2058390124125777E-01
   247   23.465000             230400  9.1752358415628854E-01
   248   23.560000             230400  9.1461012015291909E-01
   249   23.655000             230400  9.1182262677927661E-01
   250   23.750000             230400  9.0913588366392228E-01
   251   23.845000             230400  9.0652100399804580E-01
   252   23.940000             230400  9.0394482409253207E-01
   253   24.035000             230400  9.0137087886553957E-01
   254   24.130000             230400  8.9876104741538065E-01
   255   24.225000             230400  8.9607491279201612E-01
   256   24.320000             230400  8.9326734006838859E-01
   257   24.415000             230400  8.9028939395239792E-01
   258   24.510000             230400  8.8709488981549200E-01
   259   24.605000             230400  8.8364567317840692E-01
   260   24.700000             230400  8.7991355748281830E-01
   261   24.795000             230400  8.7588646207134602E-01
   262   24.890000             230400  8.7157987668608516E-01
   263   24.985000             230400  8.6704511596895339E-01
   264   25.080000             230400  8.6236555621582556E-01
   265   25.175000             230400  8.5764250302692580E-01
   266   25.270000             230400  8.5298202368204046E-01
   267   25.365000             230400  8.4848653594350121E-01
   268   25.460000             230400  8.4424642319186449E-01
   269   25.555000             230400  8.4033533750557110E-01
   270   25.650000             230400  8.3681641677423657E-01
   271   25.745000             230400  8.3375303333985129E-01
   272   25.840000             230400  8.3121522101130285E-01
   273   25.935000             230400  8.2927998481198317E-01
   274   26.030000             230400  8.2802767906227137E-01
   275   26.125000             230400  8.2753885744473754E-01
   276   26.220000             230400  8.2788869718536340E-01
   277   26.315000             230400  8.2913916541315380E-01
   278   26.410000             230400  8.3133169169693188E-01
   279   26.505000             230400  8.3448225842760260E-01
   280   26.600000             230400  8.3858216300293065E-01
   281   26.695000             230400  8.4360031548368464E-01
   282   26.790000             230400  8.4948281314142238E-01
   283   26.885000             230400  8.5615430718681718E-01
   284   26.980000             230400  8.6352454879479401E-01
   285   27.075000             230400  8.7149272539260747E-01
   286   27.170000             230400  8.7995048816673438E-01
   287   27.265000             230400  8.8879312549145295E-01
   288   27.360000             230400  8.9793106935257105E-01
   289   27.455000             230400  9.0729156102275266E-01
   290   27.550000             230400  9.1681894420653887E-01
   291   27.645000             230400  9.2647528169688065E-01
   292   27.740000             230400  9.3623106310643522E-01
   293   27.835000             230400  9.4605041599834638E-01
   294   27.930000             230400  9.5587754268093383E-01
   295   28.025000             230400  9.6562300103504861E-01
   296   28.120000             230400  9.7515477190217725E-01
   297   28.215000             230400  9.8429770738865663E-01
   298   28.310000             230400  9.9284426196039077E-01
   299   28.405000             230400  1.0005741634437992E+00
   300   28.500000             230400  1.0072710007631149E+00
   301   28.595000             230400  1.0127447480863752E+00
   302   28.690000             230400  1.0168728553400623E+00
   303   28.785000             230400  1.0196373278772244E+00
   304   28.880000             230400  1.0211284631803168E+00
   305   28.975000             230400  1.0215109777604514E+00
   306   29.070000             230400  1.0209713565942171E+00
   307   29.165000             230400  1.0196773151990977E+00
   308   29.260000             230400  1.0177640036494582E+00
   309   29.355000             230400  1.0153416474852051E+00
   310   29.450000             230400  1.0125081718699467E+00
   311   29.545000             230400  1.0093441131503167E+00
   312   29.640000             230400  1.0058829625221863E+00
   313   29.735000             230400  1.0020838911766734E+00
   314   29.830000             230400  9.9784290139632414E-01
   315   29.925000             230400  9.9303430119147085E-01
   316   30.020000             230400  9.8754346580966934E-01
   317   30.115000             230400  9.8127670611173556E-01
   318   30.210000             230400  9.7417066388272788E-01
   319   30.305000             230400  9.6622429294696022E-01
   320   30.400000             230400  9.5754002495528923E-01
   321   30.495000             230400  9.4832955774450711E-01
   322   30.590000             230400  9.3886348107280360E-01
   323   30.685000             230400  9.2939436279971366E-01
   324   30.780000             230400  9.2009569263991642E-01
   325   30.875000             230400  9.1104329999832445E-01
   326   30.970000             230400  9.0223407726577975E-01
   327   31.065000             230400  8.9361893666687320E-01
   328   31.160000             230400  8.8513639413430178E-01
   329   31.255000             230400  8.7673362619484152E-01
   330   31.350000             230400  8.6837784052346445E-01
   331   31.445000             230400  8.6006746896406572E-01
   332   31.540000             230400  8.5182713929254972E-01
   333   31.635000             230400  8.4368282569961350E-01
   334   31.730000             230400  8.3564183225443367E-01
   335   31.825000             230400  8.2769382354297349E-01
   336   31.920000             230400  8.1982857411010557E-01
   337   32.015000             230400  8.1205049189550826E-01
   338   32.110000             230400  8.0438079801281615E-01
   339   32.205000             230400  7.9685439896049370E-01
   340   32.300000             230400  7.8951299743224879E-01
   341   32.395000             230400  7.8239756846633124E-01
   342   32.490000             230400  7.7554165835642319E-01
   343   32.585000             230400  7.6896706207773236E-01
   344   32.680000             230400  7.6269173165057835E-01
   345   32.775000             230400  7.5674946692196909E-01
   346   32.870000             230400  7.5120041722274977E-01
   347   32.965000             230400  7.4612677770485303E-01
   348   33.060000             230400  7.4162610735363987E-01
   349   33.155000             230400  7.3780408306688627E-01
   350   33.250000             230400  7.3476739742237518E-01
   351   33.345000             230400  7.3261311739865342E-01
   352   33.440000             230400  7.3140841804196111E-01
   353   33.535000             230400  7.3117613433344486E-01
   354   33.630000             230400  7.3190326990201382E-01
   355   33.725000             230400  7.3357849955982624E-01
   356   33.820000             230400  7.3625105496407794E-01
   357   33.915000             230400  7.4007258801011955E-01
   358   34.010000             230400  7.4527992688125955E-01
   359   34.105000             230400  7.5211677153389500E-01
   360   34.200000             230400  7.6074280986163356E-01
   361   34.295000             230400  7.7118849755776564E-01
   362   34.390000             230400  7.8336387649003503E-01
   363   34.485000             230400  7.9708678076681716E-01
   364   34.580000             230400  8.1211230250806721E-01
   365   34.675000             230400  8.2815640166864601E-01
   366   34.770000             230400  8.4489898648005179E-01
   367   34.865000             230400  8.6197404410840262E-01
   368   34.960000             230400  8.7897781509180017E-01
   369   35.055000             230400  8.9549872123780738E-01
   370   35.150000             230400  9.1115073096248289E-01
   371   35.245000             230400  9.2560400199454351E-01
   372   35.340000             230400  9.3859792007187948E-01
   373   35.435000             230400  9.4993291873888974E-01
   374   35.530000             230400  9.5945697815264519E-01
   375   35.625000             230400  9.6705823769721666E-01
   376   35.720000             230400  9.7267035043325967E-01
   377   35.815000             230400  9.7628513421467400E-01
   378   35.910000             230400  9.7795800901058749E-01
   379   36.005000             230400  9.7779869423713872E-01
   380   36.100000             230400  9.7595200788071934E-01
   381   36.195000             230400  9.7257573547906562E-01
   382   36.290000             230400  9.6781646277112965E-01
   383   36.385000             230400  9.6180394145795778E-01
   384   36.480000             230400  9.5468812132562175E-01
   385   36.575000             230400  9.4668917029560073E-01
   386   36.670000             230400  9.3809066789358109E-01
   387   36.765000             230400  9.2916198443241393E-01
   388   36.860000             230400  9.2007737583783289E-01
   389   36.955000             230400  9.1089281334915095E-01
   390   37.050000             230400  9.0157918648161295E-01
   391   37.145000             230400  8.9206927730435237E-01
   392   37.240000             230400  8.8229124870722808E-01
   393   37.335000             230400  8.7219029660849312E-01
   394   37.430000             230400  8.6173751690955691E-01
   395   37.525000             230400  8.5092658876501348E-01
   396   37.620000             230400  8.3977202090049619E-01
   397   37.715000             230400  8.2831773250427410E-01
   398   37.810000             230400  8.1665309855335622E-01
   399   37.905000             230400  8.0492450601067222E-01
   400   38.000000             230400  7.9333051962222800E-01
   401   38.095000             230400  7.8210867834163644E-01
   402   38.190000             230400  7.7152612215786476E-01
   403   38.285000             230400  7.6186740600702008E-01
   404   38.380000             230400  7.5341749500138833E-01
   405   38.475000             230400  7.4644905839873765E-01
   406   38.570000             230400  7.4121425633862015E-01
   407   38.665000             230400  7.3792786861193194E-01
   408   38.760000             230400  7.3673407571978311E-01
   409   38.855000             230400  7.3767099168165906E-01
   410   38.950000             230400  7.4065915106323488E-01
   411   39.045000             230400  7.4553039620940020E-01
   412   39.140000             230400  7.5208411682692367E-01
   413   39.235000             230400  7.6014078270626406E-01
   414   39.330000             230400  7.6957234089456761E-01
   415   39.425000             230400  7.8030558212466361E-01
   416   39.520000             230400  7.9230096378724979E-01
   417   39.615000             230400  8.0551229921305523E-01
   418   39.710000             230400  8.1983982909624864E-01
   419   39.805000             230400  8.3509353801709518E-01
   420   39.900000             230400  8.5097915087186848E-01
   421   39.995000             230400  8.6710902005509527E-01
   422   40.090000             230400  8.8302885009476384E-01
