! Kinetic energy for species "positrons-down"
  Iter        Time          Total Par.             Kin. Energy
     0   0.0000000             230400  1.0648539875881173E+00
     1  0.95000000E-01         230400  1.0648537647413734E+00
     2  0.19000000             230400  1.0648530988234852E+00
     3  0.28500000             230400  1.0648519975801622E+00
     4  0.38000000             230400  1.0648504736681006E+00
     5  0.47500000             230400  1.0648485445118872E+00
     6  0.57000000             230400  1.0648462321806695E+00
     7  0.66500000             230400  1.0648435631537598E+00
     8  0.76000000             230400  1.0648405679363195E+00
     9  0.85500000             230400  1.0648372806508699E+00
    10  0.95000000             230400  1.0648337387014122E+00
    11   1.0450000             230400  1.0648299824164968E+00
    12   1.1400000             230400  1.0648260545396642E+00
    13   1.2350000             230400  1.0648219996466874E+00
    14   1.3300000             230400  1.0648178636781007E+00
    15   1.4250000             230400  1.0648136935522312E+00
    16   1.5200000             230400  1.0648095366545505E+00
    17   1.6150000             230400  1.0648054402115630E+00
    18   1.7100000             230400  1.0648014507612804E+00
    19   1.8050000             230400  1.0647976137138486E+00
    20   1.9000000             230400  1.0647939727288807E+00
    21   1.9950000             230400  1.0647905689365735E+00
    22   2.0900000             230400  1.0647874405126423E+00
    23   2.1850000             230400  1.0647846227741780E+00
    24   2.2800000             230400  1.0647821481387889E+00
    25   2.3750000             230400  1.0647800454276846E+00
    26   2.4700000             230400  1.0647783389246444E+00
    27   2.5650000             230400  1.0647770477926854E+00
    28   2.6600000             230400  1.0647761859470670E+00
    29   2.7550000             230400  1.0647757623395853E+00
    30   2.8500000             230400  1.0647757814964551E+00
    31   2.9450000             230400  1.0647762436954118E+00
    32   3.0400000             230400  1.0647771443813412E+00
    33   3.1350000             230400  1.0647784734294690E+00
    34   3.2300000             230400  1.0647802151113446E+00
    35   3.3250000             230400  1.0647823487244503E+00
    36   3.4200000             230400  1.0647848493062528E+00
    37   3.5150000             230400  1.0647876881883054E+00
    38   3.6100000             230400  1.0647908332987370E+00
    39   3.7050000             230400  1.0647942489924802E+00
    40   3.8000000             230400  1.0647978956961921E+00
    41   3.8950000             230400  1.0648017302716370E+00
    42   3.9900000             230400  1.0648057074110444E+00
    43   4.0850000             230400  1.0648097811711281E+00
    44   4.1800000             230400  1.0648139055638763E+00
    45   4.2750000             230400  1.0648180341033364E+00
    46   4.3700000             230400  1.0648221192577159E+00
    47   4.4650000             230400  1.0648261128328376E+00
    48   4.5600000             230400  1.0648299672611583E+00
    49   4.6550000             230400  1.0648336368795861E+00
    50   4.7500000             230400  1.0648370786890866E+00
    51   4.8450000             230400  1.0648402528279766E+00
    52   4.9400000             230400  1.0648431227716986E+00
    53   5.0350000             230400  1.0648456549056233E+00
    54   5.1300000             230400  1.0648478178262739E+00
    55   5.2250000             230400  1.0648495825584559E+00
    56   5.3200000             230400  1.0648509241061079E+00
    57   5.4150000             230400  1.0648518231042521E+00
    58   5.5100000             230400  1.0648522662596847E+00
    59   5.6050000             230400  1.0648522457238569E+00
    60   5.7000000             230400  1.0648517581245398E+00
    61   5.7950000             230400  1.0648508037274094E+00
    62   5.8900000             230400  1.0648493866243882E+00
    63   5.9850000             230400  1.0648475163485707E+00
    64   6.0800000             230400  1.0648452089745533E+00
    65   6.1750000             230400  1.0648424855455025E+00
    66   6.2700000             230400  1.0648393691743003E+00
    67   6.3650000             230400  1.0648358841111665E+00
    68   6.4600000             230400  1.0648320571861509E+00
    69   6.5550000             230400  1.0648279187679930E+00
    70   6.6500000             230400  1.0648235015376435E+00
    71   6.7450000             230400  1.0648188388179729E+00
    72   6.8400000             230400  1.0648139645279981E+00
    73   6.9350000             230400  1.0648089140273360E+00
    74   7.0300000             230400  1.0648037241231623E+00
    75   7.1250000             230400  1.0647984321813089E+00
    76   7.2200000             230400  1.0647930748289085E+00
    77   7.3150000             230400  1.0647876858725827E+00
    78   7.4100000             230400  1.0647822936977600E+00
    79   7.5050000             230400  1.0647769198706167E+00
    80   7.6000000             230400  1.0647715800228319E+00
    81   7.6950000             230400  1.0647662857860225E+00
    82   7.7900000             230400  1.0647610453934981E+00
    83   7.8850000             230400  1.0647558617483104E+00
    84   7.9800000             230400  1.0647507288969833E+00
    85   8.0750000             230400  1.0647456290420241E+00
    86   8.1700000             230400  1.0647405318653147E+00
    87   8.2650000             230400  1.0647353963901622E+00
    88   8.3600000             230400  1.0647301734413324E+00
    89   8.4550000             230400  1.0647248057952983E+00
    90   8.5500000             230400  1.0647192252707649E+00
    91   8.6450000             230400  1.0647133492062923E+00
    92   8.7400000             230400  1.0647070789052673E+00
    93   8.8350000             230400  1.0647002999754847E+00
    94   8.9300000             230400  1.0646928827338822E+00
    95   9.0250000             230400  1.0646846812468018E+00
    96   9.1200000             230400  1.0646755306288482E+00
    97   9.2150000             230400  1.0646652429227208E+00
    98   9.3100000             230400  1.0646536027409921E+00
    99   9.4050000             230400  1.0646403652666443E+00
   100   9.5000000             230400  1.0646252588566791E+00
   101   9.5950000             230400  1.0646079899923326E+00
   102   9.6900000             230400  1.0645882438931435E+00
   103   9.7850000             230400  1.0645656768268319E+00
   104   9.8800000             230400  1.0645399041120993E+00
   105   9.9750000             230400  1.0645104912062819E+00
   106   10.070000             230400  1.0644769507747607E+00
   107   10.165000             230400  1.0644387432586249E+00
   108   10.260000             230400  1.0643952776349939E+00
   109   10.355000             230400  1.0643459101750179E+00
   110   10.450000             230400  1.0642899390291014E+00
   111   10.545000             230400  1.0642265938101438E+00
   112   10.640000             230400  1.0641550228226822E+00
   113   10.735000             230400  1.0640742815104258E+00
   114   10.830000             230400  1.0639833223931512E+00
   115   10.925000             230400  1.0638809842321806E+00
   116   11.020000             230400  1.0637659793393013E+00
   117   11.115000             230400  1.0636368798935347E+00
   118   11.210000             230400  1.0634921060908509E+00
   119   11.305000             230400  1.0633299211886675E+00
   120   11.400000             230400  1.0631484348930345E+00
   121   11.495000             230400  1.0629456040821119E+00
   122   11.590000             230400  1.0627192116879849E+00
   123   11.685000             230400  1.0624668171903897E+00
   124   11.780000             230400  1.0621856989957021E+00
   125   11.875000             230400  1.0618728227600247E+00
   126   11.970000             230400  1.0615248526379866E+00
   127   12.065000             230400  1.0611381880662842E+00
   128   12.160000             230400  1.0607089909702783E+00
   129   12.255000             230400  1.0602331865724504E+00
   130   12.350000             230400  1.0597064502173059E+00
   131   12.445000             230400  1.0591241935695455E+00
   132   12.540000             230400  1.0584815474527884E+00
   133   12.635000             230400  1.0577733473565107E+00
   134   12.730000             230400  1.0569941474495224E+00
   135   12.825000             230400  1.0561382722463080E+00
   136   12.920000             230400  1.0551998873830239E+00
   137   13.015000             230400  1.0541730879520586E+00
   138   13.110000             230400  1.0530520278301847E+00
   139   13.205000             230400  1.0518310743957602E+00
   140   13.300000             230400  1.0505049179859134E+00
   141   13.395000             230400  1.0490685937117759E+00
   142   13.490000             230400  1.0475174580979716E+00
   143   13.585000             230400  1.0458472165784007E+00
   144   13.680000             230400  1.0440541155627330E+00
   145   13.775000             230400  1.0421353268823954E+00
   146   13.870000             230400  1.0400893714032988E+00
   147   13.965000             230400  1.0379163539390979E+00
   148   14.060000             230400  1.0356179735939877E+00
   149   14.155000             230400  1.0331975264484976E+00
   150   14.250000             230400  1.0306600301175193E+00
   151   14.345000             230400  1.0280123526626592E+00
   152   14.440000             230400  1.0252632107335644E+00
   153   14.535000             230400  1.0224231156411543E+00
   154   14.630000             230400  1.0195043559687273E+00
   155   14.725000             230400  1.0165209904843822E+00
   156   14.820000             230400  1.0134889313066604E+00
   157   14.915000             230400  1.0104261885759021E+00
   158   15.010000             230400  1.0073531812226926E+00
   159   15.105000             230400  1.0042929918752872E+00
   160   15.200000             230400  1.0012717535267728E+00
   161   15.295000             230400  9.9831943232014719E-01
   162   15.390000             230400  9.9547069073086192E-01
   163   15.485000             230400  9.9276526948033661E-01
   164   15.580000             230400  9.9024754753665212E-01
   165   15.675000             230400  9.8796481290966665E-01
   166   15.770000             230400  9.8596419430603155E-01
   167   15.865000             230400  9.8428929101935791E-01
   168   15.960000             230400  9.8297752371464986E-01
   169   16.055000             230400  9.8205827145260227E-01
   170   16.150000             230400  9.8155133337661638E-01
   171   16.245000             230400  9.8146566930093293E-01
   172   16.340000             230400  9.8179883342389274E-01
   173   16.435000             230400  9.8253721617316581E-01
   174   16.530000             230400  9.8365684612845483E-01
   175   16.625000             230400  9.8512492329284940E-01
   176   16.720000             230400  9.8690186308562988E-01
   177   16.815000             230400  9.8894315023569845E-01
   178   16.910000             230400  9.9120077282833496E-01
   179   17.005000             230400  9.9362410837006165E-01
   180   17.100000             230400  9.9616008251447097E-01
   181   17.195000             230400  9.9875295214609705E-01
   182   17.290000             230400  1.0013448835872367E+00
   183   17.385000             230400  1.0038774668129642E+00
   184   17.480000             230400  1.0062931842372607E+00
   185   17.575000             230400  1.0085366321727822E+00
   186   17.670000             230400  1.0105554135334924E+00
   187   17.765000             230400  1.0123006689082703E+00
   188   17.860000             230400  1.0137276127004931E+00
   189   17.955000             230400  1.0147969193855308E+00
   190   18.050000             230400  1.0154770004727347E+00
   191   18.145000             230400  1.0157456755746344E+00
   192   18.240000             230400  1.0155906911559343E+00
   193   18.335000             230400  1.0150097814421732E+00
   194   18.430000             230400  1.0140106033866725E+00
   195   18.525000             230400  1.0126101495155007E+00
   196   18.620000             230400  1.0108338124099148E+00
   197   18.715000             230400  1.0087141151378836E+00
   198   18.810000             230400  1.0062887114625001E+00
   199   18.905000             230400  1.0035976345235449E+00
   200   19.000000             230400  1.0006808844391863E+00
   201   19.095000             230400  9.9757831626376592E-01
   202   19.190000             230400  9.9433138685889677E-01
   203   19.285000             230400  9.9098321517112264E-01
   204   19.380000             230400  9.8757590771269110E-01
   205   19.475000             230400  9.8414843540679564E-01
   206   19.570000             230400  9.8073776471889851E-01
   207   19.665000             230400  9.7738161638860743E-01
   208   19.760000             230400  9.7411961326590979E-01
   209   19.855000             230400  9.7099298318475236E-01
   210   19.950000             230400  9.6804384422597289E-01
   211   20.045000             230400  9.6531250239464483E-01
   212   20.140000             230400  9.6283268932951427E-01
   213   20.235000             230400  9.6062773069515028E-01
   214   20.330000             230400  9.5870985959429889E-01
   215   20.425000             230400  9.5708177714867138E-01
   216   20.520000             230400  9.5573808679757155E-01
   217   20.615000             230400  9.5466621126297890E-01
   218   20.710000             230400  9.5384802208498010E-01
   219   20.805000             230400  9.5326251709981191E-01
   220   20.900000             230400  9.5289071458739782E-01
   221   20.995000             230400  9.5272235019847129E-01
   222   21.090000             230400  9.5275945483330315E-01
   223   21.185000             230400  9.5301421169806866E-01
   224   21.280000             230400  9.5350326590970291E-01
   225   21.375000             230400  9.5424168521504049E-01
   226   21.470000             230400  9.5523828806463351E-01
   227   21.565000             230400  9.5649284868472195E-01
   228   21.660000             230400  9.5799414011225825E-01
   229   21.755000             230400  9.5971836600986049E-01
   230   21.850000             230400  9.6163095468605819E-01
   231   21.945000             230400  9.6369174610653163E-01
   232   22.040000             230400  9.6585866065158199E-01
   233   22.135000             230400  9.6808852832388248E-01
   234   22.230000             230400  9.7033913476846045E-01
   235   22.325000             230400  9.7257494801804056E-01
   236   22.420000             230400  9.7477328524305040E-01
   237   22.515000             230400  9.7692630842214145E-01
   238   22.610000             230400  9.7903764126992432E-01
   239   22.705000             230400  9.8111782645503620E-01
   240   22.800000             230400  9.8318066641172519E-01
   241   22.895000             230400  9.8523976670056990E-01
   242   22.990000             230400  9.8730743103548646E-01
   243   23.085000             230400  9.8939388374661985E-01
   244   23.180000             230400  9.9150532033300975E-01
   245   23.275000             230400  9.9364195191642379E-01
   246   23.370000             230400  9.9579492654517487E-01
   247   23.465000             230400  9.9794422066117450E-01
   248   23.560000             230400  1.0000601958243795E+00
   249   23.655000             230400  1.0021099726888987E+00
   250   23.750000             230400  1.0040635130481137E+00
   251   23.845000             230400  1.0058907214190937E+00
   252   23.940000             230400  1.0075540024958012E+00
   253   24.035000             230400  1.0090103183563861E+00
   254   24.130000             230400  1.0102252349419429E+00
   255   24.225000             230400  1.0111793260817841E+00
   256   24.320000             230400  1.0118599025828421E+00
   257   24.415000             230400  1.0122516820425844E+00
   258   24.510000             230400  1.0123346964882434E+00
   259   24.605000             230400  1.0120888671157915E+00
   260   24.700000             230400  1.0115002588004049E+00
   261   24.795000             230400  1.0105711575607017E+00
   262   24.890000             230400  1.0093300224870350E+00
   263   24.985000             230400  1.0078355560572758E+00
   264   25.080000             230400  1.0061742818860417E+00
   265   25.175000             230400  1.0044442660699224E+00
   266   25.270000             230400  1.0027363768061923E+00
   267   25.365000             230400  1.0011337862394616E+00
   268   25.460000             230400  9.9971938866544985E-01
   269   25.555000             230400  9.9857345140275000E-01
   270   25.650000             230400  9.9776117207432791E-01
   271   25.745000             230400  9.9730902873054472E-01
   272   25.840000             230400  9.9718424146727858E-01
   273   25.935000             230400  9.9729612891617592E-01
   274   26.030000             230400  9.9750844677806749E-01
   275   26.125000             230400  9.9765822945096305E-01
   276   26.220000             230400  9.9758368784994178E-01
   277   26.315000             230400  9.9714795870469053E-01
   278   26.410000             230400  9.9625349354732751E-01
   279   26.505000             230400  9.9484922149774424E-01
   280   26.600000             230400  9.9292834684846554E-01
   281   26.695000             230400  9.9051878271087557E-01
   282   26.790000             230400  9.8766858143997160E-01
   283   26.885000             230400  9.8443284604567627E-01
   284   26.980000             230400  9.8086605652042258E-01
   285   27.075000             230400  9.7701533396962748E-01
   286   27.170000             230400  9.7291460623749293E-01
   287   27.265000             230400  9.6858212010083244E-01
   288   27.360000             230400  9.6401653225724582E-01
   289   27.455000             230400  9.5919102809551471E-01
   290   27.550000             230400  9.5405644660679056E-01
   291   27.645000             230400  9.4855697690603757E-01
   292   27.740000             230400  9.4264568281471617E-01
   293   27.835000             230400  9.3629209089600685E-01
   294   27.930000             230400  9.2949299082882952E-01
   295   28.025000             230400  9.2228600145348394E-01
   296   28.120000             230400  9.1475215776118879E-01
   297   28.215000             230400  9.0700803649764083E-01
   298   28.310000             230400  8.9919215148571263E-01
   299   28.405000             230400  8.9144873892898424E-01
   300   28.500000             230400  8.8391988705871138E-01
   301   28.595000             230400  8.7674753036640962E-01
   302   28.690000             230400  8.7006851845239808E-01
   303   28.785000             230400  8.6399789798467230E-01
   304   28.880000             230400  8.5861258526884099E-01
   305   28.975000             230400  8.5394217825520080E-01
   306   29.070000             230400  8.4997095943589573E-01
   307   29.165000             230400  8.4665508899794695E-01
   308   29.260000             230400  8.4395259516229049E-01
   309   29.355000             230400  8.4185251391466753E-01
   310   29.450000             230400  8.4038139962250136E-01
   311   29.545000             230400  8.3958629327624679E-01
   312   29.640000             230400  8.3950583973371851E-01
   313   29.735000             230400  8.4014664191027677E-01
   314   29.830000             230400  8.4147937554480057E-01
   315   29.925000             230400  8.4344654683691467E-01
   316   30.020000             230400  8.4597589229174874E-01
   317   30.115000             230400  8.4899245969692316E-01
   318   30.210000             230400  8.5242713296197825E-01
   319   30.305000             230400  8.5622562665321755E-01
   320   30.400000             230400  8.6034998502860915E-01
   321   30.495000             230400  8.6477643490342082E-01
   322   30.590000             230400  8.6948989485756800E-01
   323   30.685000             230400  8.7446751867745920E-01
   324   30.780000             230400  8.7966214020971678E-01
   325   30.875000             230400  8.8499812639499043E-01
   326   30.970000             230400  8.9037824462866211E-01
   327   31.065000             230400  8.9569617445445537E-01
   328   31.160000             230400  9.0085761339287829E-01
   329   31.255000             230400  9.0580332578970468E-01
   330   31.350000             230400  9.1053492851734641E-01
   331   31.445000             230400  9.1513629019203924E-01
   332   31.540000             230400  9.1977473398688359E-01
   333   31.635000             230400  9.2467855709175284E-01
   334   31.730000             230400  9.3008773329593952E-01
   335   31.825000             230400  9.3619487773188692E-01
   336   31.920000             230400  9.4311643267711931E-01
   337   32.015000             230400  9.5091834669525899E-01
   338   32.110000             230400  9.5966328040816373E-01
   339   32.205000             230400  9.6940822322531217E-01
   340   32.300000             230400  9.8012529635104695E-01
   341   32.395000             230400  9.9160738229239032E-01
   342   32.490000             230400  1.0034504088199436E+00
   343   32.585000             230400  1.0151332545767260E+00
   344   32.680000             230400  1.0261333129977794E+00
   345   32.775000             230400  1.0360110284111188E+00
   346   32.870000             230400  1.0444301261732110E+00
   347   32.965000             230400  1.0511394506011469E+00
   348   33.060000             230400  1.0559643965308245E+00
   349   33.155000             230400  1.0588117764737788E+00
   350   33.250000             230400  1.0596733594932857E+00
   351   33.345000             230400  1.0586261257258136E+00
   352   33.440000             230400  1.0558178172781469E+00
   353   33.535000             230400  1.0514356247270380E+00
   354   33.630000             230400  1.0456791825463938E+00
   355   33.725000             230400  1.0387343090429082E+00
   356   33.820000             230400  1.0307608610343981E+00
   357   33.915000             230400  1.0219140604945016E+00
   358   34.010000             230400  1.0123762544306507E+00
   359   34.105000             230400  1.0023689578638686E+00
   360   34.200000             230400  9.9214082540126214E-01
   361   34.295000             230400  9.8191255855810278E-01
   362   34.390000             230400  9.7178873861555237E-01
   363   34.485000             230400  9.6171677754002238E-01
   364   34.580000             230400  9.5153658843171640E-01
   365   34.675000             230400  9.4107631908340617E-01
   366   34.770000             230400  9.3022787193479017E-01
   367   34.865000             230400  9.1899066838710186E-01
   368   34.960000             230400  9.0750843819752491E-01
   369   35.055000             230400  8.9605428706982426E-01
   370   35.150000             230400  8.8493222872745125E-01
   371   35.245000             230400  8.7438088013509629E-01
   372   35.340000             230400  8.6454853273571919E-01
   373   35.435000             230400  8.5554722028853691E-01
   374   35.530000             230400  8.4751365446562299E-01
   375   35.625000             230400  8.4061713671226002E-01
   376   35.720000             230400  8.3503509296678113E-01
   377   35.815000             230400  8.3091751702015193E-01
   378   35.910000             230400  8.2834599662166053E-01
   379   36.005000             230400  8.2731021868031529E-01
   380   36.100000             230400  8.2772484407269875E-01
   381   36.195000             230400  8.2947644755294392E-01
   382   36.290000             230400  8.3247895719700593E-01
   383   36.385000             230400  8.3670318052254766E-01
   384   36.480000             230400  8.4216452817023435E-01
   385   36.575000             230400  8.4889472547919587E-01
   386   36.670000             230400  8.5692486815090296E-01
   387   36.765000             230400  8.6629234541438760E-01
   388   36.860000             230400  8.7705474408151285E-01
   389   36.955000             230400  8.8927859112710028E-01
   390   37.050000             230400  9.0299136497649857E-01
   391   37.145000             230400  9.1811685531746390E-01
   392   37.240000             230400  9.3443590807819121E-01
   393   37.335000             230400  9.5159450015227875E-01
   394   37.430000             230400  9.6914768427917863E-01
   395   37.525000             230400  9.8661941973467715E-01
   396   37.620000             230400  1.0035514582603993E+00
   397   37.715000             230400  1.0195265818762924E+00
   398   37.810000             230400  1.0341878491995962E+00
   399   37.905000             230400  1.0472645562021616E+00
   400   38.000000             230400  1.0585730147241885E+00
   401   38.095000             230400  1.0679824097444146E+00
   402   38.190000             230400  1.0753849531939661E+00
   403   38.285000             230400  1.0806796597503712E+00
   404   38.380000             230400  1.0837511969553641E+00
   405   38.475000             230400  1.0844755181294641E+00
   406   38.570000             230400  1.0827680203383789E+00
   407   38.665000             230400  1.0786209393615898E+00
   408   38.760000             230400  1.0721078203045420E+00
   409   38.855000             230400  1.0634025746585556E+00
   410   38.950000             230400  1.0528267003988629E+00
   411   39.045000             230400  1.0408633860361596E+00
   412   39.140000             230400  1.0280841424528946E+00
   413   39.235000             230400  1.0150123070495609E+00
   414   39.330000             230400  1.0020163434915919E+00
   415   39.425000             230400  9.8930502009525800E-01
   416   39.520000             230400  9.7699375036784364E-01
   417   39.615000             230400  9.6515649631475808E-01
   418   39.710000             230400  9.5384298416501556E-01
   419   39.805000             230400  9.4308208348051514E-01
   420   39.900000             230400  9.3287055680489805E-01
   421   39.995000             230400  9.2316965910750381E-01
   422   40.090000             230400  9.1394717734395081E-01
