! Kinetic energy for species "electrons-up"
  Iter        Time          Total Par.             Kin. Energy
     0   0.0000000             230400  1.0648050503528301E+00
     1  0.95000000E-01         230400  1.0648048276745479E+00
     2  0.19000000             230400  1.0648041622575928E+00
     3  0.28500000             230400  1.0648030618836113E+00
     4  0.38000000             230400  1.0648015393052450E+00
     5  0.47500000             230400  1.0647996119977858E+00
     6  0.57000000             230400  1.0647973019272485E+00
     7  0.66500000             230400  1.0647946353362063E+00
     8  0.76000000             230400  1.0647916425070627E+00
     9  0.85500000             230400  1.0647883574841779E+00
    10  0.95000000             230400  1.0647848177042067E+00
    11   1.0450000             230400  1.0647810635090764E+00
    12   1.1400000             230400  1.0647771376383484E+00
    13   1.2350000             230400  1.0647730847593169E+00
    14   1.3300000             230400  1.0647689509710647E+00
    15   1.4250000             230400  1.0647647833008487E+00
    16   1.5200000             230400  1.0647606292558280E+00
    17   1.6150000             230400  1.0647565362827995E+00
    18   1.7100000             230400  1.0647525509900930E+00
    19   1.8050000             230400  1.0647487183768978E+00
    20   1.9000000             230400  1.0647450814175989E+00
    21   1.9950000             230400  1.0647416809171411E+00
    22   2.0900000             230400  1.0647385552928132E+00
    23   2.1850000             230400  1.0647357401683823E+00
    24   2.2800000             230400  1.0647332678779102E+00
    25   2.3750000             230400  1.0647311669436057E+00
    26   2.4700000             230400  1.0647294615629406E+00
    27   2.5650000             230400  1.0647281711300645E+00
    28   2.6600000             230400  1.0647273098539127E+00
    29   2.7550000             230400  1.0647268867539834E+00
    30   2.8500000             230400  1.0647269061870128E+00
    31   2.9450000             230400  1.0647273682647758E+00
    32   3.0400000             230400  1.0647282683634054E+00
    33   3.1350000             230400  1.0647295961895289E+00
    34   3.2300000             230400  1.0647313356519805E+00
    35   3.3250000             230400  1.0647334657119436E+00
    36   3.4200000             230400  1.0647359613238081E+00
    37   3.5150000             230400  1.0647387939463415E+00
    38   3.6100000             230400  1.0647419315865241E+00
    39   3.7050000             230400  1.0647453384433168E+00
    40   3.8000000             230400  1.0647489748212962E+00
    41   3.8950000             230400  1.0647527981241878E+00
    42   3.9900000             230400  1.0647567643407836E+00
    43   4.0850000             230400  1.0647608285587311E+00
    44   4.1800000             230400  1.0647649444419127E+00
    45   4.2750000             230400  1.0647690640892922E+00
    46   4.3700000             230400  1.0647731389740711E+00
    47   4.4650000             230400  1.0647771212049317E+00
    48   4.5600000             230400  1.0647809642826231E+00
    49   4.6550000             230400  1.0647846233311471E+00
    50   4.7500000             230400  1.0647880552341895E+00
    51   4.8450000             230400  1.0647912191809685E+00
    52   4.9400000             230400  1.0647940776456923E+00
    53   5.0350000             230400  1.0647965968365518E+00
    54   5.1300000             230400  1.0647987459772419E+00
    55   5.2250000             230400  1.0648004967476630E+00
    56   5.3200000             230400  1.0648018244543889E+00
    57   5.4150000             230400  1.0648027100252808E+00
    58   5.5100000             230400  1.0648031407872891E+00
    59   5.6050000             230400  1.0648031097175870E+00
    60   5.7000000             230400  1.0648026141019011E+00
    61   5.7950000             230400  1.0648016543643422E+00
    62   5.8900000             230400  1.0648002340870342E+00
    63   5.9850000             230400  1.0647983617043089E+00
    64   6.0800000             230400  1.0647960520114987E+00
    65   6.1750000             230400  1.0647933252442510E+00
    66   6.2700000             230400  1.0647902047120548E+00
    67   6.3650000             230400  1.0647867157522515E+00
    68   6.4600000             230400  1.0647828862180952E+00
    69   6.5550000             230400  1.0647787464130782E+00
    70   6.6500000             230400  1.0647743279669317E+00
    71   6.7450000             230400  1.0647696633130157E+00
    72   6.8400000             230400  1.0647647864267886E+00
    73   6.9350000             230400  1.0647597333365728E+00
    74   7.0300000             230400  1.0647545411468280E+00
    75   7.1250000             230400  1.0647492461795429E+00
    76   7.2200000             230400  1.0647438825240803E+00
    77   7.3150000             230400  1.0647384812686678E+00
    78   7.4100000             230400  1.0647330696322213E+00
    79   7.5050000             230400  1.0647276696554644E+00
    80   7.6000000             230400  1.0647222974727921E+00
    81   7.6950000             230400  1.0647169640183538E+00
    82   7.7900000             230400  1.0647116759542805E+00
    83   7.8850000             230400  1.0647064347794317E+00
    84   7.9800000             230400  1.0647012339415889E+00
    85   8.0750000             230400  1.0646960557912308E+00
    86   8.1700000             230400  1.0646908702939417E+00
    87   8.2650000             230400  1.0646856359743209E+00
    88   8.3600000             230400  1.0646803017040525E+00
    89   8.4550000             230400  1.0646748073362109E+00
    90   8.5500000             230400  1.0646690826362308E+00
    91   8.6450000             230400  1.0646630452350418E+00
    92   8.7400000             230400  1.0646565980645550E+00
    93   8.8350000             230400  1.0646496270620551E+00
    94   8.9300000             230400  1.0646420006933104E+00
    95   9.0250000             230400  1.0646335708916743E+00
    96   9.1200000             230400  1.0646241721830019E+00
    97   9.2150000             230400  1.0646136172565630E+00
    98   9.3100000             230400  1.0646016916851737E+00
    99   9.4050000             230400  1.0645881520011227E+00
   100   9.5000000             230400  1.0645727284332485E+00
   101   9.5950000             230400  1.0645551291909667E+00
   102   9.6900000             230400  1.0645350407271374E+00
   103   9.7850000             230400  1.0645121207180805E+00
   104   9.8800000             230400  1.0644859865289777E+00
   105   9.9750000             230400  1.0644562056217262E+00
   106   10.070000             230400  1.0644222918036594E+00
   107   10.165000             230400  1.0643837059953005E+00
   108   10.260000             230400  1.0643398577523595E+00
   109   10.355000             230400  1.0642901043600332E+00
   110   10.450000             230400  1.0642337454427411E+00
   111   10.545000             230400  1.0641700129540053E+00
   112   10.640000             230400  1.0640980589437072E+00
   113   10.735000             230400  1.0640169433482922E+00
   114   10.830000             230400  1.0639256215955748E+00
   115   10.925000             230400  1.0638229318088939E+00
   116   11.020000             230400  1.0637075830499212E+00
   117   11.115000             230400  1.0635781446230088E+00
   118   11.210000             230400  1.0634330357074073E+00
   119   11.305000             230400  1.0632705188407050E+00
   120   11.400000             230400  1.0630887008932524E+00
   121   11.495000             230400  1.0628855332341676E+00
   122   11.590000             230400  1.0626587919937029E+00
   123   11.685000             230400  1.0624060297632216E+00
   124   11.780000             230400  1.0621245175337373E+00
   125   11.875000             230400  1.0618112116854017E+00
   126   11.970000             230400  1.0614627644880628E+00
   127   12.065000             230400  1.0610755611637050E+00
   128   12.160000             230400  1.0606457479379363E+00
   129   12.255000             230400  1.0601692335648889E+00
   130   12.350000             230400  1.0596416765552663E+00
   131   12.445000             230400  1.0590584718891456E+00
   132   12.540000             230400  1.0584147340686487E+00
   133   12.635000             230400  1.0577052816260180E+00
   134   12.730000             230400  1.0569246502802074E+00
   135   12.825000             230400  1.0560671465693678E+00
   136   12.920000             230400  1.0551269228533586E+00
   137   13.015000             230400  1.0540980688186166E+00
   138   13.110000             230400  1.0529747420524582E+00
   139   13.205000             230400  1.0517513237679248E+00
   140   13.300000             230400  1.0504225297682732E+00
   141   13.395000             230400  1.0489834338850588E+00
   142   13.490000             230400  1.0474294463343106E+00
   143   13.585000             230400  1.0457563423062612E+00
   144   13.680000             230400  1.0439604531492432E+00
   145   13.775000             230400  1.0420390470129202E+00
   146   13.870000             230400  1.0399907463497664E+00
   147   13.965000             230400  1.0378157583197303E+00
   148   14.060000             230400  1.0355158810707332E+00
   149   14.155000             230400  1.0330945003674676E+00
   150   14.250000             230400  1.0305567097633677E+00
   151   14.345000             230400  1.0279094364209265E+00
   152   14.440000             230400  1.0251614340955808E+00
   153   14.535000             230400  1.0223232244253828E+00
   154   14.630000             230400  1.0194070826917223E+00
   155   14.725000             230400  1.0164270438694465E+00
   156   14.820000             230400  1.0133990015009915E+00
   157   14.915000             230400  1.0103409566184525E+00
   158   15.010000             230400  1.0072733212275395E+00
   159   15.105000             230400  1.0042191635332141E+00
   160   15.200000             230400  1.0012045709688024E+00
   161   15.295000             230400  9.9825939108056294E-01
   162   15.390000             230400  9.9541806342446182E-01
   163   15.485000             230400  9.9271998363961078E-01
   164   15.580000             230400  9.9020905055029229E-01
   165   15.675000             230400  9.8793196747381606E-01
   166   15.770000             230400  9.8593528090175564E-01
   167   15.865000             230400  9.8426214577015991E-01
   168   15.960000             230400  9.8294978496054863E-01
   169   16.055000             230400  9.8202769895916742E-01
   170   16.150000             230400  9.8151610708468739E-01
   171   16.245000             230400  9.8142453215977554E-01
   172   16.340000             230400  9.8175102950005566E-01
   173   16.435000             230400  9.8248231493748472E-01
   174   16.530000             230400  9.8359454640312605E-01
   175   16.625000             230400  9.8505493472123251E-01
   176   16.720000             230400  9.8682396439409537E-01
   177   16.815000             230400  9.8885736981206129E-01
   178   16.910000             230400  9.9110757100387992E-01
   179   17.005000             230400  9.9352449860243452E-01
   180   17.100000             230400  9.9605564087496812E-01
   181   17.195000             230400  9.9864569743804710E-01
   182   17.290000             230400  1.0012370720310657E+00
   183   17.385000             230400  1.0037712841458464E+00
   184   17.480000             230400  1.0061903795648042E+00
   185   17.575000             230400  1.0084382669379135E+00
   186   17.670000             230400  1.0104618438013275E+00
   187   17.765000             230400  1.0122117785307663E+00
   188   17.860000             230400  1.0136431549096667E+00
   189   17.955000             230400  1.0147167614140271E+00
   190   18.050000             230400  1.0154012038141382E+00
   191   18.145000             230400  1.0156744238540547E+00
   192   18.240000             230400  1.0155241132752963E+00
   193   18.335000             230400  1.0149477343389495E+00
   194   18.430000             230400  1.0139524491618208E+00
   195   18.525000             230400  1.0125546012016979E+00
   196   18.620000             230400  1.0107789488986825E+00
   197   18.715000             230400  1.0086576218278680E+00
   198   18.810000             230400  1.0062282391822595E+00
   199   18.905000             230400  1.0035310930137542E+00
   200   19.000000             230400  1.0006066045453548E+00
   201   19.095000             230400  9.9749510353454307E-01
   202   19.190000             230400  9.9423847320605740E-01
   203   19.285000             230400  9.9088009196971849E-01
   204   19.380000             230400  9.8746208334238017E-01
   205   19.475000             230400  9.8402323786574830E-01
   206   19.570000             230400  9.8060030519145425E-01
   207   19.665000             230400  9.7723089433807231E-01
   208   19.760000             230400  9.7395466042728873E-01
   209   19.855000             230400  9.7081300097691270E-01
   210   19.950000             230400  9.6784829380550286E-01
   211   20.045000             230400  9.6510108019099183E-01
   212   20.140000             230400  9.6260517012173075E-01
   213   20.235000             230400  9.6038382520202714E-01
   214   20.330000             230400  9.5844934879397126E-01
   215   20.425000             230400  9.5680500633460031E-01
   216   20.520000             230400  9.5544662398881863E-01
   217   20.615000             230400  9.5436334740506701E-01
   218   20.710000             230400  9.5353878277244686E-01
   219   20.805000             230400  9.5295294498483551E-01
   220   20.900000             230400  9.5258666294462102E-01
   221   20.995000             230400  9.5242831802468075E-01
   222   21.090000             230400  9.5247776030905884E-01
   223   21.185000             230400  9.5274468379779176E-01
   224   21.280000             230400  9.5324352306490812E-01
   225   21.375000             230400  9.5398793689735939E-01
   226   21.470000             230400  9.5498675737791383E-01
   227   21.565000             230400  9.5624154594603084E-01
   228   21.660000             230400  9.5774409200794630E-01
   229   21.755000             230400  9.5947377847541770E-01
   230   21.850000             230400  9.6139825674446988E-01
   231   21.945000             230400  9.6347749703676433E-01
   232   22.040000             230400  9.6566677370964282E-01
   233   22.135000             230400  9.6791799249271882E-01
   234   22.230000             230400  9.7018362377546163E-01
   235   22.325000             230400  9.7242453674990736E-01
   236   22.420000             230400  9.7461682616316692E-01
   237   22.515000             230400  9.7675317371115755E-01
   238   22.610000             230400  9.7883922236527288E-01
   239   22.705000             230400  9.8088969438111839E-01
   240   22.800000             230400  9.8292482267974568E-01
   241   22.895000             230400  9.8496587175965644E-01
   242   22.990000             230400  9.8703147877050990E-01
   243   23.085000             230400  9.8913300762547329E-01
   244   23.180000             230400  9.9127102106610510E-01
   245   23.275000             230400  9.9343554622026509E-01
   246   23.370000             230400  9.9560762126710212E-01
   247   23.465000             230400  9.9776042195362180E-01
   248   23.560000             230400  9.9985892136976440E-01
   249   23.655000             230400  1.0018629585521874E+00
   250   23.750000             230400  1.0037369857179390E+00
   251   23.845000             230400  1.0054589936619276E+00
   252   23.940000             230400  1.0070196455802409E+00
   253   24.035000             230400  1.0084128696392283E+00
   254   24.130000             230400  1.0096278064735071E+00
   255   24.225000             230400  1.0106434988279718E+00
   256   24.320000             230400  1.0114283022185084E+00
   257   24.415000             230400  1.0119445581929367E+00
   258   24.510000             230400  1.0121535171410219E+00
   259   24.605000             230400  1.0120205198545396E+00
   260   24.700000             230400  1.0115210976674562E+00
   261   24.795000             230400  1.0106515762313126E+00
   262   24.890000             230400  1.0094382521102740E+00
   263   24.985000             230400  1.0079387590048539E+00
   264   25.080000             230400  1.0062362626346706E+00
   265   25.175000             230400  1.0044222611031142E+00
   266   25.270000             230400  1.0025806854998871E+00
   267   25.365000             230400  1.0007918167252097E+00
   268   25.460000             230400  9.9914347346737320E-01
   269   25.555000             230400  9.9772978960534753E-01
   270   25.650000             230400  9.9663684629385352E-01
   271   25.745000             230400  9.9591684534420710E-01
   272   25.840000             230400  9.9556234276512101E-01
   273   25.935000             230400  9.9549832423945750E-01
   274   26.030000             230400  9.9558822401723268E-01
   275   26.125000             230400  9.9565410220172701E-01
   276   26.220000             230400  9.9551381035058983E-01
   277   26.315000             230400  9.9501715907701871E-01
   278   26.410000             230400  9.9406668156627132E-01
   279   26.505000             230400  9.9262052012227264E-01
   280   26.600000             230400  9.9068188457436679E-01
   281   26.695000             230400  9.8828323094010684E-01
   282   26.790000             230400  9.8547031386852324E-01
   283   26.885000             230400  9.8229255435017238E-01
   284   26.980000             230400  9.7879956676551083E-01
   285   27.075000             230400  9.7503687877918099E-01
   286   27.170000             230400  9.7104179385579548E-01
   287   27.265000             230400  9.6684173776924087E-01
   288   27.360000             230400  9.6244923413824590E-01
   289   27.455000             230400  9.5785149157289173E-01
   290   27.550000             230400  9.5300758308405920E-01
   291   27.645000             230400  9.4785968318150515E-01
   292   27.740000             230400  9.4234655504998055E-01
   293   27.835000             230400  9.3641197583215496E-01
   294   27.930000             230400  9.3001820668029811E-01
   295   28.025000             230400  9.2316384931061335E-01
   296   28.120000             230400  9.1589408183274812E-01
   297   28.215000             230400  9.0830340519223285E-01
   298   28.310000             230400  9.0052866445461388E-01
   299   28.405000             230400  8.9273112384321540E-01
   300   28.500000             230400  8.8507983812199509E-01
   301   28.595000             230400  8.7774348747114139E-01
   302   28.690000             230400  8.7088029592828875E-01
   303   28.785000             230400  8.6462187899914156E-01
   304   28.880000             230400  8.5905859273209439E-01
   305   28.975000             230400  8.5423091815751262E-01
   306   29.070000             230400  8.5013191139050348E-01
   307   29.165000             230400  8.4672343838308084E-01
   308   29.260000             230400  8.4396329122109992E-01
   309   29.355000             230400  8.4183336380234164E-01
   310   29.450000             230400  8.4035253816134370E-01
   311   29.545000             230400  8.3956766850714670E-01
   312   29.640000             230400  8.3952582765730854E-01
   313   29.735000             230400  8.4024449164276283E-01
   314   29.830000             230400  8.4170229829998888E-01
   315   29.925000             230400  8.4384725297921670E-01
   316   30.020000             230400  8.4661064788618734E-01
   317   30.115000             230400  8.4991762682655969E-01
   318   30.210000             230400  8.5369559712596066E-01
   319   30.305000             230400  8.5788281440125891E-01
   320   30.400000             230400  8.6242629480039301E-01
   321   30.495000             230400  8.6728192324518627E-01
   322   30.590000             230400  8.7241822215270970E-01
   323   30.685000             230400  8.7780610317036767E-01
   324   30.780000             230400  8.8340652852371759E-01
   325   30.875000             230400  8.8916609695084992E-01
   326   30.970000             230400  8.9501694769397633E-01
   327   31.065000             230400  9.0088429756986277E-01
   328   31.160000             230400  9.0669324495176884E-01
   329   31.255000             230400  9.1237335624036708E-01
   330   31.350000             230400  9.1787526462253355E-01
   331   31.445000             230400  9.2320093479545973E-01
   332   31.540000             230400  9.2843205452810740E-01
   333   31.635000             230400  9.3373698857736787E-01
   334   31.730000             230400  9.3934335780769929E-01
   335   31.825000             230400  9.4548611309152653E-01
   336   31.920000             230400  9.5236272567448754E-01
   337   32.015000             230400  9.6011612077048059E-01
   338   32.110000             230400  9.6883649380473025E-01
   339   32.205000             230400  9.7855607901101149E-01
   340   32.300000             230400  9.8921642237684915E-01
   341   32.395000             230400  1.0006107790012055E+00
   342   32.490000             230400  1.0123458182665339E+00
   343   32.585000             230400  1.0238755239964457E+00
   344   32.680000             230400  1.0346182558705954E+00
   345   32.775000             230400  1.0440931050132700E+00
   346   32.870000             230400  1.0519745051921838E+00
   347   32.965000             230400  1.0580569632101877E+00
   348   33.060000             230400  1.0622088085946380E+00
   349   33.155000             230400  1.0643643769313806E+00
   350   33.250000             230400  1.0645465515514680E+00
   351   33.345000             230400  1.0628791437240106E+00
   352   33.440000             230400  1.0595566770479306E+00
   353   33.535000             230400  1.0547902052457319E+00
   354   33.630000             230400  1.0487804158607268E+00
   355   33.725000             230400  1.0417085037652205E+00
   356   33.820000             230400  1.0337266461910626E+00
   357   33.915000             230400  1.0249565882830907E+00
   358   34.010000             230400  1.0155023228976510E+00
   359   34.105000             230400  1.0054774293458570E+00
   360   34.200000             230400  9.9503983105535632E-01
   361   34.295000             230400  9.8438125297504930E-01
   362   34.390000             230400  9.7364592027309638E-01
   363   34.485000             230400  9.6285471554608615E-01
   364   34.580000             230400  9.5191070786991328E-01
   365   34.675000             230400  9.4067587178848822E-01
   366   34.770000             230400  9.2905355651633870E-01
   367   34.865000             230400  9.1704982141941005E-01
   368   34.960000             230400  9.0481664300641995E-01
   369   35.055000             230400  8.9263363140555085E-01
   370   35.150000             230400  8.8081280115002214E-01
   371   35.245000             230400  8.6960576962437541E-01
   372   35.340000             230400  8.5917726725089216E-01
   373   35.435000             230400  8.4965552871818839E-01
   374   35.530000             230400  8.4118817201074281E-01
   375   35.625000             230400  8.3395015673173467E-01
   376   35.720000             230400  8.2812637619202867E-01
   377   35.815000             230400  8.2387983546791232E-01
   378   35.910000             230400  8.2130524496134694E-01
   379   36.005000             230400  8.2039224698354807E-01
   380   36.100000             230400  8.2102926444970992E-01
   381   36.195000             230400  8.2305148350594448E-01
   382   36.290000             230400  8.2631057910985328E-01
   383   36.385000             230400  8.3072424377332232E-01
   384   36.480000             230400  8.3628217368926960E-01
   385   36.575000             230400  8.4302806027857335E-01
   386   36.670000             230400  8.5103219328189361E-01
   387   36.765000             230400  8.6036473143455394E-01
   388   36.860000             230400  8.7108494498763378E-01
   389   36.955000             230400  8.8323990478274372E-01
   390   37.050000             230400  8.9684287073258706E-01
   391   37.145000             230400  9.1182030268028291E-01
   392   37.240000             230400  9.2796998795096086E-01
   393   37.335000             230400  9.4497089551228508E-01
   394   37.430000             230400  9.6242887349863271E-01
   395   37.525000             230400  9.7992117939560974E-01
   396   37.620000             230400  9.9702180412857722E-01
   397   37.715000             230400  1.0133095416128721E+00
   398   37.810000             230400  1.0283861071645570E+00
   399   37.905000             230400  1.0419235275324761E+00
   400   38.000000             230400  1.0537012423718011E+00
   401   38.095000             230400  1.0635875673516879E+00
   402   38.190000             230400  1.0714883676008651E+00
   403   38.285000             230400  1.0773013424745481E+00
   404   38.380000             230400  1.0808916898398517E+00
   405   38.475000             230400  1.0821058664195486E+00
   406   38.570000             230400  1.0808173184793934E+00
   407   38.665000             230400  1.0769652531320062E+00
   408   38.760000             230400  1.0705742993111442E+00
   409   38.855000             230400  1.0617941222869607E+00
   410   38.950000             230400  1.0509592153050815E+00
   411   39.045000             230400  1.0386019893610006E+00
   412   39.140000             230400  1.0253684440053106E+00
   413   39.235000             230400  1.0118675165815514E+00
   414   39.330000             230400  9.9854966263519995E-01
   415   39.425000             230400  9.8568277748042665E-01
   416   39.520000             230400  9.7339806746665303E-01
   417   39.615000             230400  9.6173879899621051E-01
   418   39.710000             230400  9.5070342728655088E-01
   419   39.805000             230400  9.4028304563817044E-01
   420   39.900000             230400  9.3046250874680059E-01
   421   39.995000             230400  9.2121327999047531E-01
   422   40.090000             230400  9.1252703267322732E-01
