! Kinetic energy for species "positrons-up"
  Iter        Time          Total Par.             Kin. Energy
     0   0.0000000             230400  1.0647097282845803E+00
     1  0.95000000E-01         230400  1.0647099501594774E+00
     2  0.19000000             230400  1.0647106134161108E+00
     3  0.28500000             230400  1.0647117108491211E+00
     4  0.38000000             230400  1.0647132302343985E+00
     5  0.47500000             230400  1.0647151543306657E+00
     6  0.57000000             230400  1.0647174611641337E+00
     7  0.66500000             230400  1.0647201244362381E+00
     8  0.76000000             230400  1.0647231138825137E+00
     9  0.85500000             230400  1.0647263955561437E+00
    10  0.95000000             230400  1.0647299321322166E+00
    11   1.0450000             230400  1.0647336833493353E+00
    12   1.1400000             230400  1.0647376065687952E+00
    13   1.2350000             230400  1.0647416572545640E+00
    14   1.3300000             230400  1.0647457892856069E+00
    15   1.4250000             230400  1.0647499553595674E+00
    16   1.5200000             230400  1.0647541077651552E+00
    17   1.6150000             230400  1.0647581992907993E+00
    18   1.7100000             230400  1.0647621837100134E+00
    19   1.8050000             230400  1.0647660157951333E+00
    20   1.9000000             230400  1.0647696515417762E+00
    21   1.9950000             230400  1.0647730490610772E+00
    22   2.0900000             230400  1.0647761696257934E+00
    23   2.1850000             230400  1.0647789781147896E+00
    24   2.2800000             230400  1.0647814429077256E+00
    25   2.3750000             230400  1.0647835358452209E+00
    26   2.4700000             230400  1.0647852326011600E+00
    27   2.5650000             230400  1.0647865133595744E+00
    28   2.6600000             230400  1.0647873633891971E+00
    29   2.7550000             230400  1.0647877731043844E+00
    30   2.8500000             230400  1.0647877378047654E+00
    31   2.9450000             230400  1.0647872577450435E+00
    32   3.0400000             230400  1.0647863384577887E+00
    33   3.1350000             230400  1.0647849905177091E+00
    34   3.2300000             230400  1.0647832288409775E+00
    35   3.3250000             230400  1.0647810725904092E+00
    36   3.4200000             230400  1.0647785457077679E+00
    37   3.5150000             230400  1.0647756768895462E+00
    38   3.6100000             230400  1.0647724987723459E+00
    39   3.7050000             230400  1.0647690472295950E+00
    40   3.8000000             230400  1.0647653609621288E+00
    41   3.8950000             230400  1.0647614809761388E+00
    42   3.9900000             230400  1.0647574503158983E+00
    43   4.0850000             230400  1.0647533142642560E+00
    44   4.1800000             230400  1.0647491198978578E+00
    45   4.2750000             230400  1.0647449145135988E+00
    46   4.3700000             230400  1.0647407445665100E+00
    47   4.4650000             230400  1.0647366561031872E+00
    48   4.5600000             230400  1.0647326949854001E+00
    49   4.6550000             230400  1.0647289056410951E+00
    50   4.7500000             230400  1.0647253298628618E+00
    51   4.8450000             230400  1.0647220068903003E+00
    52   4.9400000             230400  1.0647189734461615E+00
    53   5.0350000             230400  1.0647162625663318E+00
    54   5.1300000             230400  1.0647139023160210E+00
    55   5.2250000             230400  1.0647119156604985E+00
    56   5.3200000             230400  1.0647103211503413E+00
    57   5.4150000             230400  1.0647091334793028E+00
    58   5.5100000             230400  1.0647083633671968E+00
    59   5.6050000             230400  1.0647080166079319E+00
    60   5.7000000             230400  1.0647080929291501E+00
    61   5.7950000             230400  1.0647085859800471E+00
    62   5.8900000             230400  1.0647094846314991E+00
    63   5.9850000             230400  1.0647107739647832E+00
    64   6.0800000             230400  1.0647124347700097E+00
    65   6.1750000             230400  1.0647144423483055E+00
    66   6.2700000             230400  1.0647167658562058E+00
    67   6.3650000             230400  1.0647193685068026E+00
    68   6.4600000             230400  1.0647222084060497E+00
    69   6.5550000             230400  1.0647252394434008E+00
    70   6.6500000             230400  1.0647284116995170E+00
    71   6.7450000             230400  1.0647316719708777E+00
    72   6.8400000             230400  1.0647349651550244E+00
    73   6.9350000             230400  1.0647382354261492E+00
    74   7.0300000             230400  1.0647414258743773E+00
    75   7.1250000             230400  1.0647444776185169E+00
    76   7.2200000             230400  1.0647473300929042E+00
    77   7.3150000             230400  1.0647499219809289E+00
    78   7.4100000             230400  1.0647521911938260E+00
    79   7.5050000             230400  1.0647540740837824E+00
    80   7.6000000             230400  1.0647555055595310E+00
    81   7.6950000             230400  1.0647564206420816E+00
    82   7.7900000             230400  1.0647567559476314E+00
    83   7.8850000             230400  1.0647564493858668E+00
    84   7.9800000             230400  1.0647554382733901E+00
    85   8.0750000             230400  1.0647536576536667E+00
    86   8.1700000             230400  1.0647510401355524E+00
    87   8.2650000             230400  1.0647475170910519E+00
    88   8.3600000             230400  1.0647430201321555E+00
    89   8.4550000             230400  1.0647374815751416E+00
    90   8.5500000             230400  1.0647308332907675E+00
    91   8.6450000             230400  1.0647230047849421E+00
    92   8.7400000             230400  1.0647139216154571E+00
    93   8.8350000             230400  1.0647035037122001E+00
    94   8.9300000             230400  1.0646916628680381E+00
    95   9.0250000             230400  1.0646783005630072E+00
    96   9.1200000             230400  1.0646633071830620E+00
    97   9.2150000             230400  1.0646465606201065E+00
    98   9.3100000             230400  1.0646279220075021E+00
    99   9.4050000             230400  1.0646072307900565E+00
   100   9.5000000             230400  1.0645843033770763E+00
   101   9.5950000             230400  1.0645589352086720E+00
   102   9.6900000             230400  1.0645309012468429E+00
   103   9.7850000             230400  1.0644999507726616E+00
   104   9.8800000             230400  1.0644657970836828E+00
   105   9.9750000             230400  1.0644281065112529E+00
   106   10.070000             230400  1.0643864914639591E+00
   107   10.165000             230400  1.0643405083368589E+00
   108   10.260000             230400  1.0642896566351361E+00
   109   10.355000             230400  1.0642333760561105E+00
   110   10.450000             230400  1.0641710417016812E+00
   111   10.545000             230400  1.0641019576886208E+00
   112   10.640000             230400  1.0640253468594256E+00
   113   10.735000             230400  1.0639403347792413E+00
   114   10.830000             230400  1.0638459304536665E+00
   115   10.925000             230400  1.0637410098391049E+00
   116   11.020000             230400  1.0636243073752916E+00
   117   11.115000             230400  1.0634944141625788E+00
   118   11.210000             230400  1.0633497744033473E+00
   119   11.305000             230400  1.0631886735887306E+00
   120   11.400000             230400  1.0630092217243337E+00
   121   11.495000             230400  1.0628093393442128E+00
   122   11.590000             230400  1.0625867454816516E+00
   123   11.685000             230400  1.0623389366805283E+00
   124   11.780000             230400  1.0620631504734823E+00
   125   11.875000             230400  1.0617563235031962E+00
   126   11.970000             230400  1.0614150673695528E+00
   127   12.065000             230400  1.0610356804479324E+00
   128   12.160000             230400  1.0606141898106924E+00
   129   12.255000             230400  1.0601463946804524E+00
   130   12.350000             230400  1.0596278814672546E+00
   131   12.445000             230400  1.0590539979100710E+00
   132   12.540000             230400  1.0584197949594931E+00
   133   12.635000             230400  1.0577199678264906E+00
   134   12.730000             230400  1.0569488487685779E+00
   135   12.825000             230400  1.0561004962211831E+00
   136   12.920000             230400  1.0551688686106608E+00
   137   13.015000             230400  1.0541479987499836E+00
   138   13.110000             230400  1.0530320724076554E+00
   139   13.205000             230400  1.0518153924476170E+00
   140   13.300000             230400  1.0504923219887914E+00
   141   13.395000             230400  1.0490573332019517E+00
   142   13.490000             230400  1.0475051894305409E+00
   143   13.585000             230400  1.0458311865930261E+00
   144   13.680000             230400  1.0440313721176562E+00
   145   13.775000             230400  1.0421027333170236E+00
   146   13.870000             230400  1.0400433923530641E+00
   147   13.965000             230400  1.0378528425861233E+00
   148   14.060000             230400  1.0355322142072239E+00
   149   14.155000             230400  1.0330845322688831E+00
   150   14.250000             230400  1.0305149680827004E+00
   151   14.345000             230400  1.0278311370611211E+00
   152   14.440000             230400  1.0250434292903885E+00
   153   14.535000             230400  1.0221652948507767E+00
   154   14.630000             230400  1.0192134914408526E+00
   155   14.725000             230400  1.0162083341465349E+00
   156   14.820000             230400  1.0131738313771419E+00
   157   14.915000             230400  1.0101375156042751E+00
   158   15.010000             230400  1.0071299231717941E+00
   159   15.105000             230400  1.0041836168626439E+00
   160   15.200000             230400  1.0013317296454887E+00
   161   15.295000             230400  9.9860626121509233E-01
   162   15.390000             230400  9.9603620333061371E-01
   163   15.485000             230400  9.9364543480488399E-01
   164   15.580000             230400  9.9145047802631359E-01
   165   15.675000             230400  9.8945882502244609E-01
   166   15.770000             230400  9.8766891089109232E-01
   167   15.865000             230400  9.8607209934587992E-01
   168   15.960000             230400  9.8465577020166761E-01
   169   16.055000             230400  9.8340615471036319E-01
   170   16.150000             230400  9.8231002644960608E-01
   171   16.245000             230400  9.8135546016717012E-01
   172   16.340000             230400  9.8053280055582270E-01
   173   16.435000             230400  9.7983583956389508E-01
   174   16.530000             230400  9.7926202529612849E-01
   175   16.625000             230400  9.7881110894919787E-01
   176   16.720000             230400  9.7848362150463064E-01
   177   16.815000             230400  9.7828082514034453E-01
   178   16.910000             230400  9.7820517636590909E-01
   179   17.005000             230400  9.7825957966918842E-01
   180   17.100000             230400  9.7844607376844384E-01
   181   17.195000             230400  9.7876546906485284E-01
   182   17.290000             230400  9.7921752182778610E-01
   183   17.385000             230400  9.7980072599234225E-01
   184   17.480000             230400  9.8051172805776399E-01
   185   17.575000             230400  9.8134520516183688E-01
   186   17.670000             230400  9.8229449467577168E-01
   187   17.765000             230400  9.8335247336664477E-01
   188   17.860000             230400  9.8451205541931075E-01
   189   17.955000             230400  9.8576669358773583E-01
   190   18.050000             230400  9.8711210254553428E-01
   191   18.145000             230400  9.8854832003900084E-01
   192   18.240000             230400  9.9007956186483792E-01
   193   18.335000             230400  9.9171082582624015E-01
   194   18.430000             230400  9.9344399968449482E-01
   195   18.525000             230400  9.9527662670007899E-01
   196   18.620000             230400  9.9720229835673435E-01
   197   18.715000             230400  9.9920926259897302E-01
   198   18.810000             230400  1.0012776097797673E+00
   199   18.905000             230400  1.0033791888068750E+00
   200   19.000000             230400  1.0054808050732804E+00
   201   19.095000             230400  1.0075478909692970E+00
   202   19.190000             230400  1.0095480806152610E+00
   203   19.285000             230400  1.0114542919113996E+00
   204   19.380000             230400  1.0132450714276724E+00
   205   19.475000             230400  1.0149012762727230E+00
   206   19.570000             230400  1.0164023451287187E+00
   207   19.665000             230400  1.0177259453941778E+00
   208   19.760000             230400  1.0188506344650403E+00
   209   19.855000             230400  1.0197572010626261E+00
   210   19.950000             230400  1.0204266884328095E+00
   211   20.045000             230400  1.0208376335522318E+00
   212   20.140000             230400  1.0209673125728898E+00
   213   20.235000             230400  1.0207982964653048E+00
   214   20.330000             230400  1.0203225842485653E+00
   215   20.425000             230400  1.0195375615240154E+00
   216   20.520000             230400  1.0184405027473926E+00
   217   20.615000             230400  1.0170294685916705E+00
   218   20.710000             230400  1.0153059463352194E+00
   219   20.805000             230400  1.0132739055058346E+00
   220   20.900000             230400  1.0109409851648887E+00
   221   20.995000             230400  1.0083247768825176E+00
   222   21.090000             230400  1.0054568510416144E+00
   223   21.185000             230400  1.0023806610098815E+00
   224   21.280000             230400  9.9914699569935805E-01
   225   21.375000             230400  9.9580847592357014E-01
   226   21.470000             230400  9.9241249007608801E-01
   227   21.565000             230400  9.8899480998924050E-01
   228   21.660000             230400  9.8557637732952696E-01
   229   21.755000             230400  9.8216409178452979E-01
   230   21.850000             230400  9.7875258568165990E-01
   231   21.945000             230400  9.7532611739417396E-01
   232   22.040000             230400  9.7186354195659641E-01
   233   22.135000             230400  9.6834536939352178E-01
   234   22.230000             230400  9.6475887224496237E-01
   235   22.325000             230400  9.6109898713263342E-01
   236   22.420000             230400  9.5736730286052119E-01
   237   22.515000             230400  9.5357158645548679E-01
   238   22.610000             230400  9.4972540316519072E-01
   239   22.705000             230400  9.4584915936564717E-01
   240   22.800000             230400  9.4197102431101287E-01
   241   22.895000             230400  9.3812417835772088E-01
   242   22.990000             230400  9.3434280091734501E-01
   243   23.085000             230400  9.3065871956080071E-01
   244   23.180000             230400  9.2709995630456354E-01
   245   23.275000             230400  9.2369073049049710E-01
   246   23.370000             230400  9.2044781538697251E-01
   247   23.465000             230400  9.1737437386391063E-01
   248   23.560000             230400  9.1445862622306362E-01
   249   23.655000             230400  9.1167849150311830E-01
   250   23.750000             230400  9.0900640361349405E-01
   251   23.845000             230400  9.0641077186309271E-01
   252   23.940000             230400  9.0385620828508728E-01
   253   24.035000             230400  9.0130556270725071E-01
   254   24.130000             230400  8.9872214198988254E-01
   255   24.225000             230400  8.9606790278849990E-01
   256   24.320000             230400  8.9329877654897616E-01
   257   24.415000             230400  8.9036438643453386E-01
   258   24.510000             230400  8.8721442364960201E-01
   259   24.605000             230400  8.8380464120932523E-01
   260   24.700000             230400  8.8010049759358577E-01
   261   24.795000             230400  8.7608553054678673E-01
   262   24.890000             230400  8.7177453353504863E-01
   263   24.985000             230400  8.6722141568708877E-01
   264   25.080000             230400  8.6251341344701449E-01
   265   25.175000             230400  8.5775539350966801E-01
   266   25.270000             230400  8.5305600431196704E-01
   267   25.365000             230400  8.4851891289098669E-01
   268   25.460000             230400  8.4423520468424851E-01
   269   25.555000             230400  8.4027980046681727E-01
   270   25.650000             230400  8.3671684118157641E-01
   271   25.745000             230400  8.3360974081325867E-01
   272   25.840000             230400  8.3102711346017522E-01
   273   25.935000             230400  8.2904304973925402E-01
   274   26.030000             230400  8.2773581487461656E-01
   275   26.125000             230400  8.2718683913144497E-01
   276   26.220000             230400  8.2747802460516851E-01
   277   26.315000             230400  8.2868451013525979E-01
   278   26.410000             230400  8.3086386565437254E-01
   279   26.505000             230400  8.3404558449032851E-01
   280   26.600000             230400  8.3822606118647436E-01
   281   26.695000             230400  8.4336819323505186E-01
   282   26.790000             230400  8.4940280976267835E-01
   283   26.885000             230400  8.5623671268467971E-01
   284   26.980000             230400  8.6376597994697457E-01
   285   27.075000             230400  8.7188293811981654E-01
   286   27.170000             230400  8.8047714484458961E-01
   287   27.265000             230400  8.8944197283863757E-01
   288   27.360000             230400  8.9868171363539828E-01
   289   27.455000             230400  9.0811009682819810E-01
   290   27.550000             230400  9.1765127702110560E-01
   291   27.645000             230400  9.2724619825565779E-01
   292   27.740000             230400  9.3685071830045263E-01
   293   27.835000             230400  9.4642514957865675E-01
   294   27.930000             230400  9.5592051961913893E-01
   295   28.025000             230400  9.6526311722649916E-01
   296   28.120000             230400  9.7434535221395402E-01
   297   28.215000             230400  9.8302555131693459E-01
   298   28.310000             230400  9.9113598089089949E-01
   299   28.405000             230400  9.9849497242943108E-01
   300   28.500000             230400  1.0049137594482507E+00
   301   28.595000             230400  1.0102120065000897E+00
   302   28.690000             230400  1.0142576045803731E+00
   303   28.785000             230400  1.0170077674812217E+00
   304   28.880000             230400  1.0185206023228173E+00
   305   28.975000             230400  1.0189286420038350E+00
   306   29.070000             230400  1.0183921146164228E+00
   307   29.165000             230400  1.0170624974927671E+00
   308   29.260000             230400  1.0150670024733293E+00
   309   29.355000             230400  1.0125117424061942E+00
   310   29.450000             230400  1.0094945301062428E+00
   311   29.545000             230400  1.0061057037036703E+00
   312   29.640000             230400  1.0024016658331592E+00
   313   29.735000             230400  9.9837364821116981E-01
   314   29.830000             230400  9.9394952523282054E-01
   315   29.925000             230400  9.8902614792556376E-01
   316   30.020000             230400  9.8350012412253440E-01
   317   30.115000             230400  9.7728278272644797E-01
   318   30.210000             230400  9.7031319330293442E-01
   319   30.305000             230400  9.6258370437510599E-01
   320   30.400000             230400  9.5417040263021602E-01
   321   30.495000             230400  9.4524222744918474E-01
   322   30.590000             230400  9.3603119250610689E-01
   323   30.685000             230400  9.2677417630312375E-01
   324   30.780000             230400  9.1765154595342546E-01
   325   30.875000             230400  9.0875176247619016E-01
   326   30.970000             230400  9.0007463034821134E-01
   327   31.065000             230400  8.9156511690536655E-01
   328   31.160000             230400  8.8315914897909642E-01
   329   31.255000             230400  8.7481192586995982E-01
   330   31.350000             230400  8.6650698998318787E-01
   331   31.445000             230400  8.5825925756595556E-01
   332   31.540000             230400  8.5010428720879805E-01
   333   31.635000             230400  8.4207196592958011E-01
   334   31.730000             230400  8.3416680500464346E-01
   335   31.825000             230400  8.2637141195739472E-01
   336   31.920000             230400  8.1866674758602065E-01
   337   32.015000             230400  8.1104807008842494E-01
   338   32.110000             230400  8.0352754013063432E-01
   339   32.205000             230400  7.9613128997813654E-01
   340   32.300000             230400  7.8889302368147685E-01
   341   32.395000             230400  7.8184731699052079E-01
   342   32.490000             230400  7.7502463644171349E-01
   343   32.585000             230400  7.6844854670229257E-01
   344   32.680000             230400  7.6214259796985617E-01
   345   32.775000             230400  7.5614713301770853E-01
   346   32.870000             230400  7.5052817635513369E-01
   347   32.965000             230400  7.4537433025884270E-01
   348   33.060000             230400  7.4079260119435009E-01
   349   33.155000             230400  7.3690236861143643E-01
   350   33.250000             230400  7.3382588211518585E-01
   351   33.345000             230400  7.3167228491845981E-01
   352   33.440000             230400  7.3051289977622924E-01
   353   33.535000             230400  7.3036550590020510E-01
   354   33.630000             230400  7.3120422516560724E-01
   355   33.725000             230400  7.3299808579819514E-01
   356   33.820000             230400  7.3576927945506920E-01
   357   33.915000             230400  7.3963825373903114E-01
   358   34.010000             230400  7.4481813951092946E-01
   359   34.105000             230400  7.5155167490849628E-01
   360   34.200000             230400  7.6002625625027598E-01
   361   34.295000             230400  7.7031785783187412E-01
   362   34.390000             230400  7.8238043597607276E-01
   363   34.485000             230400  7.9605878233601424E-01
   364   34.580000             230400  8.1111282650082051E-01
   365   34.675000             230400  8.2724691050879540E-01
   366   34.770000             230400  8.4412325972599178E-01
   367   34.865000             230400  8.6135882561886412E-01
   368   34.960000             230400  8.7853547646953345E-01
   369   35.055000             230400  8.9522849553728023E-01
   370   35.150000             230400  9.1103483326490409E-01
   371   35.245000             230400  9.2559869763804303E-01
   372   35.340000             230400  9.3862526274798275E-01
   373   35.435000             230400  9.4988011599027189E-01
   374   35.530000             230400  9.5918643614855303E-01
   375   35.625000             230400  9.6642476135194511E-01
   376   35.720000             230400  9.7153986584147267E-01
   377   35.815000             230400  9.7454988182661328E-01
   378   35.910000             230400  9.7554384728414389E-01
   379   36.005000             230400  9.7466652401436982E-01
   380   36.100000             230400  9.7210095871730562E-01
   381   36.195000             230400  9.6805032951923542E-01
   382   36.290000             230400  9.6271144572970113E-01
   383   36.385000             230400  9.5625888295467043E-01
   384   36.480000             230400  9.4886697933270536E-01
   385   36.575000             230400  9.4074766194984649E-01
   386   36.670000             230400  9.3214421487659815E-01
   387   36.765000             230400  9.2326871205300953E-01
   388   36.860000             230400  9.1424181598698295E-01
   389   36.955000             230400  9.0508620324612243E-01
   390   37.050000             230400  8.9576468253669950E-01
   391   37.145000             230400  8.8622426935072429E-01
   392   37.240000             230400  8.7642625110273475E-01
   393   37.335000             230400  8.6636125238812656E-01
   394   37.430000             230400  8.5604734342863142E-01
   395   37.525000             230400  8.4550928754944477E-01
   396   37.620000             230400  8.3475787476928076E-01
   397   37.715000             230400  8.2379376824593353E-01
   398   37.810000             230400  8.1263755234889112E-01
   399   37.905000             230400  8.0136664684402525E-01
   400   38.000000             230400  7.9013279563405248E-01
   401   38.095000             230400  7.7915472855291745E-01
   402   38.190000             230400  7.6870273455606197E-01
   403   38.285000             230400  7.5908627576159593E-01
   404   38.380000             230400  7.5063693321339942E-01
   405   38.475000             230400  7.4367622467559702E-01
   406   38.570000             230400  7.3847503680912463E-01
   407   38.665000             230400  7.3522441528972204E-01
   408   38.760000             230400  7.3402862965457039E-01
   409   38.855000             230400  7.3491292519114371E-01
   410   38.950000             230400  7.3783078347563991E-01
   411   39.045000             230400  7.4266937997236337E-01
   412   39.140000             230400  7.4927011809144117E-01
   413   39.235000             230400  7.5746754274890105E-01
   414   39.330000             230400  7.6712909511741212E-01
   415   39.425000             230400  7.7817462585410935E-01
   416   39.520000             230400  7.9056439375730825E-01
   417   39.615000             230400  8.0426099967418929E-01
   418   39.710000             230400  8.1917931388342136E-01
   419   39.805000             230400  8.3514051896190455E-01
   420   39.900000             230400  8.5184716359371904E-01
   421   39.995000             230400  8.6889148108871228E-01
   422   40.090000             230400  8.8578961460588745E-01
