! EM field energy per field component
  Iter        Time                          B1                      B2                      B3                      E1                      E2                      E3
     0   0.0000000      0.0000000000000000E+00  0.0000000000000000E+00  0.0000000000000000E+00  0.0000000000000000E+00  0.0000000000000000E+00  0.0000000000000000E+00
     1  0.95000000E-01  0.0000000000000000E+00  6.0925708897828901E-11  4.5074376157942543E-11  8.0758079517696510E-10  8.4776325520676765E-10  7.2609533709452678E-10
     2  0.19000000      0.0000000000000000E+00  6.6641655482785929E-10  5.3367566526309419E-10  3.1856414105210701E-09  2.8264904195851826E-09  2.0659161276064526E-09
     3  0.28500000      0.0000000000000000E+00  1.9307645055931577E-09  1.8227343732725170E-09  7.0035691387215224E-09  5.3042708877237275E-09  3.2145633796822298E-09
     4  0.38000000      0.0000000000000000E+00  3.2667415099845757E-09  3.8892489999241013E-09  1.2052653872193145E-08  8.0436901576938985E-09  4.2594569983115428E-09
     5  0.47500000      0.0000000000000000E+00  4.4626636332344985E-09  6.7338574260172623E-09  1.8058127956446744E-08  1.0704886910879401E-08  5.1085383993302200E-09
     6  0.57000000      0.0000000000000000E+00  5.6136305587641394E-09  1.0231138866248078E-08  2.4694984793556050E-08  1.3090620718422417E-08  5.6489357803929567E-09
     7  0.66500000      0.0000000000000000E+00  6.7835562928926621E-09  1.3932542064734190E-08  3.1606613669337352E-08  1.5417061523050261E-08  5.9241156397817968E-09
     8  0.76000000      0.0000000000000000E+00  7.9950589183645366E-09  1.7567031608789960E-08  3.8425171445875192E-08  1.7755619490972333E-08  5.9019954825990406E-09
     9  0.85500000      0.0000000000000000E+00  9.0365498487956975E-09  2.1371518300751551E-08  4.4792482367677120E-08  1.9724968061823654E-08  5.7628359433331260E-09
    10  0.95000000      0.0000000000000000E+00  9.8451750382313344E-09  2.5678603751017578E-08  5.0380249127635519E-08  2.1079465312792236E-08  5.5172331495360350E-09
    11   1.0450000      0.0000000000000000E+00  1.0580236502560437E-08  3.0771687365579501E-08  5.4908412156396650E-08  2.1824055349697187E-08  4.9731097190284226E-09
    12   1.1400000      0.0000000000000000E+00  1.1087337536782224E-08  3.7020516290117919E-08  5.8160591824168589E-08  2.1839119942193889E-08  4.3991110787480791E-09
    13   1.2350000      0.0000000000000000E+00  1.1164734786384175E-08  4.4500982115733980E-08  5.9995727795532794E-08  2.1097398633407424E-08  4.0864266729623168E-09
    14   1.3300000      0.0000000000000000E+00  1.0865701026430796E-08  5.2677378601512577E-08  6.0355193999155100E-08  1.9903065016620597E-08  3.9517158170429291E-09
    15   1.4250000      0.0000000000000000E+00  1.0234112709836728E-08  6.0838211907210882E-08  5.9265075988386245E-08  1.8501830967341492E-08  3.9859916817641515E-09
    16   1.5200000      0.0000000000000000E+00  9.4786309135044016E-09  6.8656806962284831E-08  5.6833501072134551E-08  1.6841172670147702E-08  4.0476729003313454E-09
    17   1.6150000      0.0000000000000000E+00  8.8356148213829912E-09  7.6287477882510297E-08  5.3243186169798635E-08  1.4963319421585793E-08  3.9827606584153333E-09
    18   1.7100000      0.0000000000000000E+00  8.2323845609404660E-09  8.4460869250669229E-08  4.8739687370613523E-08  1.2901362420716158E-08  3.9667405512498534E-09
    19   1.8050000      0.0000000000000000E+00  7.6655107124793663E-09  9.4062596324131190E-08  4.3616102960521635E-08  1.0570071388398333E-08  3.9344519304427967E-09
    20   1.9000000      0.0000000000000000E+00  7.1694845947777591E-09  1.0517522011545255E-07  3.8195196000286564E-08  8.2059816871073594E-09  3.6783561518129501E-09
    21   1.9950000      0.0000000000000000E+00  6.5167059715360826E-09  1.1704915799066790E-07  3.2809985895505485E-08  6.2466845932187601E-09  3.3990759427088874E-09
    22   2.0900000      0.0000000000000000E+00  5.6939882028518796E-09  1.2893903842402207E-07  2.7783977296398509E-08  4.8941090941791341E-09  3.2023553714424557E-09
    23   2.1850000      0.0000000000000000E+00  4.9948860648310509E-09  1.4059282116251524E-07  2.3412201413140498E-08  4.2102674596210554E-09  2.9491251913305031E-09
    24   2.2800000      0.0000000000000000E+00  4.4384109648723708E-09  1.5232126009124580E-07  1.9944197029914235E-08  4.2358049194508383E-09  2.8415110920640333E-09
    25   2.3750000      0.0000000000000000E+00  3.8697994714223085E-09  1.6498720551557545E-07  1.7569899077423184E-08  4.7781160247107771E-09  3.1421358833976381E-09
    26   2.4700000      0.0000000000000000E+00  3.3060116419024001E-09  1.7964073145940877E-07  1.6409294655029765E-08  5.4886878536079858E-09  3.7478429174724090E-09
    27   2.5650000      0.0000000000000000E+00  2.8656342213366117E-09  1.9688238796170136E-07  1.6506406963273200E-08  6.1794531045883402E-09  4.4334696166132988E-09
    28   2.6600000      0.0000000000000000E+00  2.8461474153019630E-09  2.1660604231912037E-07  1.7827911040596182E-08  6.7622854355271571E-09  4.8062110345068348E-09
    29   2.7550000      0.0000000000000000E+00  3.3968420380758596E-09  2.3819763928257836E-07  2.0266481833826872E-08  7.2535159033757368E-09  4.6671969939092041E-09
    30   2.8500000      0.0000000000000000E+00  4.1864372026351292E-09  2.6115009674756635E-07  2.3648484115435308E-08  7.9410827451213769E-09  4.3979579876979133E-09
    31   2.9450000      0.0000000000000000E+00  5.0386198450246295E-09  2.8591437934051460E-07  2.7745528519332243E-08  8.9947516242093918E-09  4.1028374935095256E-09
    32   3.0400000      0.0000000000000000E+00  5.9549118106533925E-09  3.1380115970247633E-07  3.2289192331065733E-08  1.0276777910263255E-08  3.6432250995361623E-09
    33   3.1350000      0.0000000000000000E+00  6.6449441888647400E-09  3.4590266643264132E-07  3.6987985323616917E-08  1.1711631257330855E-08  3.3243502314995114E-09
    34   3.2300000      0.0000000000000000E+00  6.9226138573635142E-09  3.8237396274376124E-07  4.1545505787088675E-08  1.3475053228977927E-08  3.4142852903342406E-09
    35   3.3250000      0.0000000000000000E+00  6.9737002815663633E-09  4.2265858427298559E-07  4.5678648174767125E-08  1.5681520705225286E-08  3.7776971766464532E-09
    36   3.4200000      0.0000000000000000E+00  7.0232283446165343E-09  4.6599598982158932E-07  4.9134737011969735E-08  1.8383871779390838E-08  4.1946898755762815E-09
    37   3.5150000      0.0000000000000000E+00  7.1110368417415604E-09  5.1218119911955979E-07  5.1706624585307225E-08  2.1754466580674960E-08  4.5193341836688313E-09
    38   3.6100000      0.0000000000000000E+00  6.9742921007049363E-09  5.6256632674177592E-07  5.3244782435799088E-08  2.5800108018522749E-08  4.9053953638587960E-09
    39   3.7050000      0.0000000000000000E+00  6.4601773209358709E-09  6.2002120091197901E-07  5.3665699335373986E-08  3.0153530639327659E-08  5.4512776639084401E-09
    40   3.8000000      0.0000000000000000E+00  5.8889097102730844E-09  6.8732872975862134E-07  5.2956154447776752E-08  3.4390831704815198E-08  5.7944294010596771E-09
    41   3.8950000      0.0000000000000000E+00  5.4460249681328505E-09  7.6558220295883372E-07  5.1173142481406897E-08  3.8313268489317665E-08  5.8346730544277421E-09
    42   3.9900000      0.0000000000000000E+00  5.0411155623388016E-09  8.5420962391881050E-07  4.8439506863683845E-08  4.1739995692862989E-08  5.8121179923434473E-09
    43   4.0850000      0.0000000000000000E+00  4.8583722902374704E-09  9.5215698968142753E-07  4.4935567342085522E-08  4.4450407440709381E-08  5.5130921282062119E-09
    44   4.1800000      0.0000000000000000E+00  5.0374527226383992E-09  1.0589626416716364E-06  4.0887291937180134E-08  4.6525113160889006E-08  4.7219700503384554E-09
    45   4.2750000      0.0000000000000000E+00  5.4324010149374168E-09  1.1753434050224288E-06  3.6551797193245630E-08  4.8156312972554996E-08  3.5844716403274676E-09
    46   4.3700000      0.0000000000000000E+00  5.8535896955389758E-09  1.3027651834468997E-06  3.2201149925956899E-08  4.9352559026587001E-08  2.3633735038233084E-09
    47   4.4650000      0.0000000000000000E+00  6.0520176552705376E-09  1.4422479933092399E-06  2.8105443050562763E-08  5.0299634413680280E-08  1.5338358200769993E-09
    48   4.5600000      0.0000000000000000E+00  6.0196190342599495E-09  1.5942119795744631E-06  2.4516214471840307E-08  5.1097334185566487E-08  1.3318357828698405E-09
    49   4.6550000      0.0000000000000000E+00  6.0657390270811379E-09  1.7588902094930009E-06  2.1651143274677742E-08  5.1561116329790781E-08  1.5092581118518277E-09
    50   4.7500000      0.0000000000000000E+00  6.2498768810378276E-09  1.9361753376574056E-06  1.9681010638868766E-08  5.1796846495215875E-08  1.9979185701924830E-09
    51   4.8450000      0.0000000000000000E+00  6.4878951084082773E-09  2.1257880587177602E-06  1.8719704809504702E-08  5.2349212704105305E-08  2.8031308276340742E-09
    52   4.9400000      0.0000000000000000E+00  6.9405133232979169E-09  2.3285028234848417E-06  1.8817888458572885E-08  5.3681359168318723E-08  3.5682902554284509E-09
    53   5.0350000      0.0000000000000000E+00  7.5899381604272533E-09  2.5474785759174630E-06  1.9960643816631480E-08  5.5859221665307433E-08  4.1494878994755175E-09
    54   5.1300000      0.0000000000000000E+00  8.1571551744822686E-09  2.7881522558680338E-06  2.2069142553711932E-08  5.8910663370567212E-08  4.7089695333105562E-09
    55   5.2250000      0.0000000000000000E+00  8.5691325529977709E-09  3.0567644709875462E-06  2.5006279792728185E-08  6.2997200186059405E-08  5.1128248049304874E-09
    56   5.3200000      0.0000000000000000E+00  8.7705068691405131E-09  3.3586311329005762E-06  2.8585855562166429E-08  6.8193781142891515E-08  5.2764806315428532E-09
    57   5.4150000      0.0000000000000000E+00  8.6867832536673101E-09  3.6971294844151693E-06  3.2584663804398357E-08  7.4327977067704520E-08  5.2947532665671327E-09
    58   5.5100000      0.0000000000000000E+00  8.4317324329420160E-09  4.0736365317409598E-06  3.6756742803597958E-08  8.1192687384250919E-08  5.1459175822201221E-09
    59   5.6050000      0.0000000000000000E+00  7.9593826226879362E-09  4.4884132191560335E-06  4.0848923224024236E-08  8.8732976718061630E-08  5.0696886796554714E-09
    60   5.7000000      0.0000000000000000E+00  7.2347984701967613E-09  4.9421004799371016E-06  4.4616594751054689E-08  9.6965383606959228E-08  5.2147508927559624E-09
    61   5.7950000      0.0000000000000000E+00  6.4859018579404205E-09  5.4370611680113898E-06  4.7838743674541222E-08  1.0589815408145151E-07  5.2507359080877108E-09
    62   5.8900000      0.0000000000000000E+00  5.7161493538475712E-09  5.9779932149204279E-06  5.0331314903291158E-08  1.1553153883274965E-07  5.0870695614479027E-09
    63   5.9850000      0.0000000000000000E+00  4.8031097610052363E-09  6.5715182134643608E-06  5.1958149208751461E-08  1.2615610773315233E-07  4.8624636227594077E-09
    64   6.0800000      0.0000000000000000E+00  3.8750548872444193E-09  7.2252514026458226E-06  5.2638788262015333E-08  1.3837813355578467E-07  4.5302864891308221E-09
    65   6.1750000      0.0000000000000000E+00  3.0841121933606889E-09  7.9467789926264214E-06  5.2352686632161016E-08  1.5255576048913094E-07  4.1519192272918561E-09
    66   6.2700000      0.0000000000000000E+00  2.6150406660515716E-09  8.7426267577642426E-06  5.1139647293445303E-08  1.6867127825501088E-07  3.7263132568997570E-09
    67   6.3650000      0.0000000000000000E+00  2.5008402983699470E-09  9.6184646435137823E-06  4.9096526466923697E-08  1.8677018795218236E-07  3.3047392662172850E-09
    68   6.4600000      0.0000000000000000E+00  2.5345174243137247E-09  1.0581420281894491E-05  4.6370386790329645E-08  2.0714799462222720E-07  3.1695860301345024E-09
    69   6.5550000      0.0000000000000000E+00  3.0301148486663903E-09  1.1642601208549295E-05  4.3148623225025440E-08  2.3001006526487761E-07  2.8765852998798124E-09
    70   6.6500000      0.0000000000000000E+00  4.1928842074404344E-09  1.2816543932222272E-05  3.9646638652485462E-08  2.5564660300676912E-07  2.0120584150750392E-09
    71   6.7450000      0.0000000000000000E+00  5.0673544682334195E-09  1.4118118369792141E-05  3.6093913334502563E-08  2.8468071752316322E-07  1.6013366420301406E-09
    72   6.8400000      0.0000000000000000E+00  5.0338082630673169E-09  1.5560697559158131E-05  3.2719384728915076E-08  3.1715093913128092E-07  2.2532116147137436E-09
    73   6.9350000      0.0000000000000000E+00  4.5425079796924447E-09  1.7156595676920102E-05  2.9737040588883288E-08  3.5239019134291266E-07  3.3527797156855501E-09
    74   7.0300000      0.0000000000000000E+00  4.0244531195144238E-09  1.8918951580273038E-05  2.7332592825308077E-08  3.8993553075931130E-07  4.4841517518745892E-09
    75   7.1250000      0.0000000000000000E+00  3.8047113011216732E-09  2.0863601474971185E-05  2.5652048038788533E-08  4.2943564158283456E-07  5.3866383480403531E-09
    76   7.2200000      0.0000000000000000E+00  4.1622288419308073E-09  2.3008355175752925E-05  2.4792934102300015E-08  4.7045968308718839E-07  5.8035180212260563E-09
    77   7.3150000      0.0000000000000000E+00  5.0798932691310925E-09  2.5370430899832108E-05  2.4798746713533746E-08  5.1309094076423280E-07  5.7576341313860607E-09
    78   7.4100000      0.0000000000000000E+00  6.4393386914687853E-09  2.7966174317430875E-05  2.5656834120973331E-08  5.5821869423603945E-07  5.2400271433870182E-09
    79   7.5050000      0.0000000000000000E+00  7.8943773012057437E-09  3.0814594305215974E-05  2.7299766642303454E-08  6.0693948022853799E-07  4.4677243418874622E-09
    80   7.6000000      0.0000000000000000E+00  9.0036762644849443E-09  3.3941178847918577E-05  2.9610256777179802E-08  6.6031972642025332E-07  3.8708383353239359E-09
    81   7.6950000      0.0000000000000000E+00  9.8072902551361750E-09  3.7378740630059181E-05  3.2429205214194470E-08  7.1962566970376548E-07  3.4084530267016279E-09
    82   7.7900000      0.0000000000000000E+00  1.0463295040011642E-08  4.1165811394049588E-05  3.5566236428932824E-08  7.8591861760507465E-07  2.9937851274728200E-09
    83   7.8850000      0.0000000000000000E+00  1.0860626868087548E-08  4.5344276523586836E-05  3.8812171672700771E-08  8.5979280299697181E-07  2.8635358052207411E-09
    84   7.9800000      0.0000000000000000E+00  1.0937125081686096E-08  4.9957672519065478E-05  4.1952553225011627E-08  9.4178729552409327E-07  3.0575224806810946E-09
    85   8.0750000      0.0000000000000000E+00  1.0600856944242879E-08  5.5050781177861719E-05  4.4781383754775385E-08  1.0326775834710924E-06  3.5808815665632233E-09
    86   8.1700000      0.0000000000000000E+00  9.8174976145713896E-09  6.0670200903075399E-05  4.7114221390039497E-08  1.1331497702751217E-06  4.3823727545869602E-09
    87   8.2650000      0.0000000000000000E+00  8.8398884106453472E-09  6.6865559367734712E-05  4.8799788036797082E-08  1.2439965292040497E-06  5.0703754842966583E-09
    88   8.3600000      0.0000000000000000E+00  7.7355208602699031E-09  7.3693201617590706E-05  4.9729419137418833E-08  1.3663063645833488E-06  5.5302158529187811E-09
    89   8.4550000      0.0000000000000000E+00  6.4343673623802976E-09  8.1222650241006549E-05  4.9843677852706611E-08  1.5009060578125811E-06  5.8557468763135756E-09
    90   8.5500000      0.0000000000000000E+00  5.1567059978434467E-09  8.9540677909133627E-05  4.9135757421570723E-08  1.6481140788725718E-06  5.8169971379599527E-09
    91   8.6450000      0.0000000000000000E+00  4.0472960535331976E-09  9.8746687677665713E-05  4.7651574882550149E-08  1.8078086550223225E-06  5.3764794800666441E-09
    92   8.7400000      0.0000000000000000E+00  3.0694469428465555E-09  1.0893873391281348E-04  4.5486520154779940E-08  1.9794046632712984E-06  4.8158002132518916E-09
    93   8.8350000      0.0000000000000000E+00  2.4231101310214273E-09  1.2019872201181931E-04  4.2779072859608718E-08  2.1625982436820643E-06  4.1250634308131496E-09
    94   8.9300000      0.0000000000000000E+00  2.2777248237849252E-09  1.3259066689047329E-04  3.9701741284868437E-08  2.3589467311557069E-06  3.2508090971527355E-09
    95   9.0250000      0.0000000000000000E+00  2.4341140820264936E-09  1.4617903825644616E-04  3.6449881883054827E-08  2.5728615241033915E-06  2.4658431301209006E-09
    96   9.1200000      0.0000000000000000E+00  2.6088694346122740E-09  1.6105842742942481E-04  3.3229205503002014E-08  2.8113154657441474E-06  2.0152562801050113E-09
    97   9.2150000      0.0000000000000000E+00  2.5517943559194187E-09  1.7737598015566314E-04  3.0242730554082839E-08  3.0826410181927824E-06  2.1092626759507476E-09
    98   9.3100000      0.0000000000000000E+00  2.3053205290610174E-09  1.9533319111760358E-04  2.7677959775637395E-08  3.3945956037052349E-06  2.6901869810760213E-09
    99   9.4050000      0.0000000000000000E+00  2.3305610375704117E-09  2.1516757653380851E-04  2.5695152519695968E-08  3.7524962829284022E-06  3.2086564882646630E-09
   100   9.5000000      0.0000000000000000E+00  2.7565689838726873E-09  2.3712687121936636E-04  2.4417439346382772E-08  4.1589557449647738E-06  3.5169277371311706E-09
   101   9.5950000      0.0000000000000000E+00  3.3658711634465782E-09  2.6145176740577310E-04  2.3923429689969556E-08  4.6146527448928402E-06  3.8409311057189214E-09
   102   9.6900000      0.0000000000000000E+00  4.1946398103034103E-09  2.8837450576907087E-04  2.4242689591849400E-08  5.1193614685210363E-06  4.0186810155715298E-09
   103   9.7850000      0.0000000000000000E+00  5.2191827816760864E-09  3.1812948306961247E-04  2.5354307364338840E-08  5.6733478717753969E-06  3.9680914115354254E-09
   104   9.8800000      0.0000000000000000E+00  6.1441547172301010E-09  3.5096922211349195E-04  2.7188704614330677E-08  6.2787380162954971E-06  3.9673350183140990E-09
   105   9.9750000      0.0000000000000000E+00  6.7434718580539808E-09  3.8718221028988486E-04  2.9632581740270602E-08  6.9397321104726728E-06  4.2300333183546485E-09
   106   10.070000      0.0000000000000000E+00  7.0066950569589231E-09  4.2710890153800678E-04  3.2536660358502936E-08  7.6617350882428715E-06  4.7544720217088074E-09
   107   10.165000      0.0000000000000000E+00  7.1711563999387841E-09  4.7114847109950582E-04  3.5725609869270609E-08  8.4504677871119709E-06  5.2359240427371039E-09
   108   10.260000      0.0000000000000000E+00  7.3891732765360052E-09  5.1975019207987775E-04  3.9009612435912674E-08  9.3112310281334333E-06  5.4402527231904689E-09
   109   10.355000      0.0000000000000000E+00  7.4612878595226038E-09  5.7339271403010429E-04  4.2196705337710771E-08  1.0248756121536997E-05  5.5925784789640812E-09
   110   10.450000      0.0000000000000000E+00  7.4115348890111027E-09  6.3256669499823039E-04  4.5105218655995031E-08  1.1268433017143570E-05  5.6713534830115748E-09
   111   10.545000      0.0000000000000000E+00  7.5031545495226422E-09  6.9777949767807544E-04  4.7575597964669872E-08  1.2378610396722649E-05  5.3704967933530941E-09
   112   10.640000      0.0000000000000000E+00  7.5995420409283688E-09  7.6958782519316235E-04  4.9480710108553187E-08  1.3591933018084868E-05  4.8872819156408330E-09
   113   10.735000      0.0000000000000000E+00  7.4824788607190432E-09  8.4864253133016838E-04  5.0734041458291735E-08  1.4924502332338777E-05  4.4726066958825299E-09
   114   10.830000      0.0000000000000000E+00  7.1951808651738092E-09  9.3571847160304827E-04  5.1295196309883344E-08  1.6393800736819109E-05  4.0437913103163701E-09
   115   10.925000      0.0000000000000000E+00  6.8380976108752060E-09  1.0317127272845472E-03  5.1172534948578163E-08  1.8016175366230308E-05  3.5465211024537037E-09
   116   11.020000      0.0000000000000000E+00  6.6347546735071817E-09  1.1376159105024057E-03  5.0422722856506592E-08  1.9804713250064566E-05  2.8557105083217761E-09
   117   11.115000      0.0000000000000000E+00  6.6494452630923899E-09  1.2544760948888284E-03  4.9147201813130425E-08  2.1769764686242771E-05  2.1032048707942517E-09
   118   11.210000      0.0000000000000000E+00  6.6537251692840207E-09  1.3833780634581038E-03  4.7485711849569768E-08  2.3921520702732702E-05  1.7697761240968034E-09
   119   11.305000      0.0000000000000000E+00  6.6090758015575952E-09  1.5254515391453648E-03  4.5607461014639791E-08  2.6272802773215939E-05  1.9492576869931701E-09
   120   11.400000      0.0000000000000000E+00  6.5426157982960793E-09  1.6819073200635541E-03  4.3700776953139094E-08  2.8841819716102563E-05  2.4615389939806529E-09
   121   11.495000      0.0000000000000000E+00  6.2222948923474138E-09  1.8540887383682689E-03  4.1961579982792156E-08  3.1653606990672240E-05  3.3507247329787588E-09
   122   11.590000      0.0000000000000000E+00  5.6461960914582826E-09  2.0435195857081440E-03  4.0581611845225343E-08  3.4738929629295701E-05  4.4067749690277858E-09
   123   11.685000      0.0000000000000000E+00  5.1283890783786573E-09  2.2519307393218621E-03  3.9737069923943081E-08  3.8130977925847203E-05  5.1711330727804985E-09
   124   11.780000      0.0000000000000000E+00  4.7845404714370302E-09  2.4812580347061000E-03  3.9578609431448081E-08  4.1862245847981716E-05  5.5984685657311351E-09
   125   11.875000      0.0000000000000000E+00  4.6829734387069410E-09  2.7336194663174934E-03  4.0223438780012242E-08  4.5963043161103964E-05  5.7226804553352447E-09
   126   11.970000      0.0000000000000000E+00  4.9007272130441265E-09  3.0112896447169455E-03  4.1749575023079808E-08  5.0461785748613381E-05  5.4871942342290734E-09
   127   12.065000      0.0000000000000000E+00  5.3016974971768496E-09  3.3166865972090072E-03  4.4192029198582661E-08  5.5386675843237970E-05  5.0472086934414942E-09
   128   12.160000      0.0000000000000000E+00  5.8404252709216290E-09  3.6523748235478856E-03  4.7542468577996986E-08  6.0768596610007753E-05  4.3956916853106333E-09
   129   12.255000      0.0000000000000000E+00  6.4046912303063964E-09  4.0210807876373674E-03  5.1751682159117697E-08  6.6644597796105932E-05  3.6024929623949960E-09
   130   12.350000      0.0000000000000000E+00  6.5983559596963153E-09  4.4257220415379510E-03  5.6735392927888500E-08  7.3060747794929679E-05  3.1345739922690528E-09
   131   12.445000      0.0000000000000000E+00  6.3350287698325041E-09  4.8694602191132492E-03  6.2382317520744190E-08  8.0072980201465718E-05  3.0908780675897354E-09
   132   12.540000      0.0000000000000000E+00  5.8322537038837333E-09  5.3557833152373148E-03  6.8565541010614033E-08  8.7744258759174629E-05  3.2522401750046119E-09
   133   12.635000      0.0000000000000000E+00  5.2263371194847363E-09  5.8885939331419033E-03  7.5158495032400240E-08  9.6137445687810989E-05  3.5791064562911554E-09
   134   12.730000      0.0000000000000000E+00  4.7021442530891914E-09  6.4722489937144639E-03  8.2046857528310428E-08  1.0530596957965630E-04  3.9544808630139205E-09
   135   12.825000      0.0000000000000000E+00  4.3456774929097315E-09  7.1114986806336883E-03  8.9138846121539208E-08  1.1528582338048836E-04  4.3155031836704787E-09
   136   12.920000      0.0000000000000000E+00  4.1418551899844758E-09  7.8113221627256618E-03  9.6378223615671079E-08  1.2609426313398673E-04  4.6052164390588167E-09
   137   13.015000      0.0000000000000000E+00  4.0793471130816235E-09  8.5767325739502052E-03  1.0375473485859771E-07  1.3773852894942681E-04  4.5745085846146641E-09
   138   13.110000      0.0000000000000000E+00  3.6304212313843693E-09  9.4126670610866717E-03  1.1131420212701807E-07  1.5023147698973888E-04  4.6270847929075785E-09
   139   13.205000      0.0000000000000000E+00  2.5201539085788959E-09  1.0324048785770118E-02  1.1916518981193158E-07  1.6360635336518765E-04  5.1135548253091400E-09
   140   13.300000      0.0000000000000000E+00  1.7026080742523166E-09  1.1316008053856194E-02  1.2748284219456361E-07  1.7792321526026000E-04  5.1193518431609996E-09
   141   13.395000      0.0000000000000000E+00  1.7961388182670883E-09  1.2394143044793880E-02  1.3649945771278471E-07  1.9326427405214503E-04  4.2963065437891509E-09
   142   13.490000      0.0000000000000000E+00  2.3404163557321972E-09  1.3564671562689819E-02  1.4650284472887600E-07  2.0971864914811120E-04  3.5320167252077156E-09
   143   13.585000      0.0000000000000000E+00  3.0378243536174667E-09  1.4834388703313335E-02  1.5783345744981020E-07  2.2736335745282337E-04  3.2101158009943873E-09
   144   13.680000      0.0000000000000000E+00  3.7972494316304206E-09  1.6210447444631803E-02  1.7087177811178314E-07  2.4624905558832125E-04  3.3106994245801471E-09
   145   13.775000      0.0000000000000000E+00  4.5496873095067287E-09  1.7700069237133974E-02  1.8603615880588991E-07  2.6639647078625857E-04  3.7272308838940275E-09
   146   13.870000      0.0000000000000000E+00  5.4024934875342537E-09  1.9310303981194363E-02  2.0377622167058245E-07  2.8780011011907326E-04  4.1278789765143465E-09
   147   13.965000      0.0000000000000000E+00  6.3761611701988386E-09  2.1047913095598787E-02  2.2456231914942986E-07  3.1043935116797797E-04  4.3550198114582618E-09
   148   14.060000      0.0000000000000000E+00  7.4985966224022268E-09  2.2919383739288368E-02  2.4886356043694678E-07  3.3428911051115316E-04  4.2828381260166301E-09
   149   14.155000      0.0000000000000000E+00  8.8243505963812315E-09  2.4931021344351673E-02  2.7714493985673658E-07  3.5932668505261406E-04  3.7487518452433439E-09
   150   14.250000      0.0000000000000000E+00  1.0029378461706191E-08  2.7089050052995681E-02  3.0985020034610314E-07  3.8553309371638472E-04  3.1336059233939071E-09
   151   14.345000      0.0000000000000000E+00  1.0844892448466298E-08  2.9399650068214146E-02  3.4739216836413715E-07  4.1289086849373907E-04  2.8127235034562634E-09
   152   14.440000      0.0000000000000000E+00  1.1345502908668214E-08  3.1868873396695079E-02  3.9021373268494238E-07  4.4137883969246907E-04  2.7283860300050589E-09
   153   14.535000      0.0000000000000000E+00  1.1474111028701964E-08  3.4502440643245140E-02  4.3884346647913414E-07  4.7097091915659103E-04  2.9092157253952136E-09
   154   14.630000      0.0000000000000000E+00  1.1106903242381205E-08  3.7305500093068739E-02  4.9376443396147449E-07  5.0163752599906406E-04  3.3318035697163536E-09
   155   14.725000      0.0000000000000000E+00  1.0185376903525357E-08  4.0282488083893127E-02  5.5542306064603109E-07  5.3335491773161086E-04  3.8830129356547062E-09
   156   14.820000      0.0000000000000000E+00  8.6522553565768186E-09  4.3437159484804970E-02  6.2420207804937875E-07  5.6610641828800030E-04  4.6739507365096100E-09
   157   14.915000      0.0000000000000000E+00  6.8860017824627289E-09  4.6772714197160038E-02  7.0038358267283644E-07  5.9988007473280361E-04  5.4971772652852908E-09
   158   15.010000      0.0000000000000000E+00  5.4517257941384866E-09  5.0291887148630060E-02  7.8422531115935428E-07  6.3466385247355718E-04  5.9718966813140369E-09
   159   15.105000      0.0000000000000000E+00  4.4640529997780243E-09  5.3996921231548312E-02  8.7590040287213427E-07  6.7044514363820808E-04  6.1467339703725419E-09
   160   15.200000      0.0000000000000000E+00  3.8856292766493912E-09  5.7889444105340387E-02  9.7553668838028234E-07  7.0721636473715052E-04  6.0168275364622238E-09
   161   15.295000      0.0000000000000000E+00  3.6958309726830571E-09  6.1970344602497333E-02  1.0829196351649131E-06  7.4497936091277210E-04  5.4025533415520039E-09
   162   15.390000      0.0000000000000000E+00  3.5789582916491718E-09  6.6239736559701320E-02  1.1973372773534016E-06  7.8373808400216945E-04  4.5327706505472673E-09
   163   15.485000      0.0000000000000000E+00  3.2636419570299647E-09  7.0696969596124912E-02  1.3180680936205089E-06  8.2348525705800357E-04  3.7280329704760563E-09
   164   15.580000      0.0000000000000000E+00  2.8544563502431292E-09  7.5340610913656292E-02  1.4443444301110300E-06  8.6419845000593263E-04  3.0014796536686942E-09
   165   15.675000      0.0000000000000000E+00  2.5316437998271578E-09  8.0168410416697117E-02  1.5745371861551734E-06  9.0585182264514390E-04  2.3928629356058410E-09
   166   15.770000      0.0000000000000000E+00  2.4601620968057413E-09  8.5177279719709273E-02  1.7068656848695947E-06  9.4842089492903382E-04  1.9474755964245290E-09
   167   15.865000      0.0000000000000000E+00  2.6333595988099315E-09  9.0363268917758213E-02  1.8397393071364476E-06  9.9187049936565685E-04  1.8050471850500807E-09
   168   15.960000      0.0000000000000000E+00  2.7611311753605142E-09  9.5721450989329493E-02  1.9716291182496704E-06  1.0361245945404323E-03  2.3491911459625738E-09
   169   16.055000      0.0000000000000000E+00  2.9017019364725900E-09  1.0124565848040863E-01  2.1014853148242469E-06  1.0810238371988835E-03  3.4051852250037621E-09
   170   16.150000      0.0000000000000000E+00  3.3763992683040799E-09  1.0692814477484536E-01  2.2283428534117434E-06  1.1262744116069799E-03  4.3848482276810496E-09
   171   16.245000      0.0000000000000000E+00  4.1182989414588790E-09  1.1275909373080731E-01  2.3518877562878526E-06  1.1713675018797567E-03  5.1904033085905494E-09
   172   16.340000      0.0000000000000000E+00  5.0290325769084487E-09  1.1872578075913812E-01  2.4728186253426316E-06  1.2154910926407637E-03  5.7832431212517607E-09
   173   16.435000      0.0000000000000000E+00  6.2227652846113951E-09  1.2481127104067201E-01  2.5918342339294805E-06  1.2574693475450923E-03  5.9222853535928979E-09
   174   16.530000      0.0000000000000000E+00  7.6870235318786992E-09  1.3099284235903286E-01  2.7087671292039447E-06  1.2957833897754550E-03  5.5664597558459717E-09
   175   16.625000      0.0000000000000000E+00  9.1733151582734680E-09  1.3724055303363847E-01  2.8219296063713563E-06  1.3286469972587712E-03  4.9320417381544709E-09
   176   16.720000      0.0000000000000000E+00  1.0265770832145043E-08  1.4351623527586663E-01  2.9276046607249388E-06  1.3541509179471648E-03  4.4220208562251916E-09
   177   16.815000      0.0000000000000000E+00  1.0753625560818788E-08  1.4977289198041605E-01  3.0207544067678023E-06  1.3704422119479795E-03  4.2519959957221488E-09
   178   16.910000      0.0000000000000000E+00  1.0914878503152509E-08  1.5595457744403976E-01  3.0949268808924770E-06  1.3759567766138505E-03  4.1289986930868559E-09
   179   17.005000      0.0000000000000000E+00  1.0949609895845747E-08  1.6199721951460458E-01  3.1426447997328315E-06  1.3696793606900730E-03  3.9865961955663416E-09
   180   17.100000      0.0000000000000000E+00  1.0873794905092921E-08  1.6783089950687288E-01  3.1571713240117028E-06  1.3513341818444300E-03  4.0347097437234639E-09
   181   17.195000      0.0000000000000000E+00  1.0952379988097463E-08  1.7338337080347135E-01  3.1356302255560017E-06  1.3213889319626520E-03  4.0451224072806611E-09
   182   17.290000      0.0000000000000000E+00  1.1256081480486018E-08  1.7858361486816171E-01  3.0816930439435629E-06  1.2809702291241235E-03  3.8379277636768089E-09
   183   17.385000      0.0000000000000000E+00  1.1413801992105893E-08  1.8336435156505010E-01  3.0052279359178354E-06  1.2318164940863813E-03  3.6478178124665160E-09
   184   17.480000      0.0000000000000000E+00  1.1138854016372615E-08  1.8766381294327339E-01  2.9204954847003230E-06  1.1762975586263064E-03  3.6202720899578427E-09
   185   17.575000      0.0000000000000000E+00  1.0363999915771151E-08  1.9142789970021307E-01  2.8434097934205248E-06  1.1172248894169617E-03  3.8623007613387172E-09
   186   17.670000      0.0000000000000000E+00  9.3677913197434872E-09  1.9461259734868874E-01  2.7901064874734991E-06  1.0575341551231278E-03  4.2197630420754737E-09
   187   17.765000      0.0000000000000000E+00  8.5609486197699507E-09  1.9718552714154847E-01  2.7736434883860994E-06  1.0001543921120246E-03  4.3020751207502552E-09
   188   17.860000      0.0000000000000000E+00  7.8403878913563851E-09  1.9912686118838893E-01  2.7995118231920768E-06  9.4814085025451749E-04  4.1989951946152414E-09
   189   17.955000      0.0000000000000000E+00  6.9076245440675334E-09  2.0043124839012486E-01  2.8624426402019365E-06  9.0451034273310359E-04  4.2150259483706379E-09
   190   18.050000      0.0000000000000000E+00  5.8983616728467165E-09  2.0111019200724556E-01  2.9494971803558350E-06  8.7156873560989350E-04  4.2659004347545771E-09
   191   18.145000      0.0000000000000000E+00  5.0206011776306649E-09  2.0119197391858512E-01  3.0446072933733185E-06  8.5053407521650274E-04  4.3573946477492124E-09
   192   18.240000      0.0000000000000000E+00  4.3410783594601114E-09  2.0071866126269350E-01  3.1293341343835549E-06  8.4173781068056126E-04  4.6460756851463153E-09
   193   18.335000      0.0000000000000000E+00  4.0573475163044250E-09  1.9974287134254209E-01  3.1899717882341031E-06  8.4483452766551364E-04  4.9044820149830295E-09
   194   18.430000      0.0000000000000000E+00  4.2201300683933039E-09  1.9832517489539098E-01  3.2266985687854654E-06  8.5868565285130327E-04  4.9158786163358015E-09
   195   18.525000      0.0000000000000000E+00  4.6557200077600838E-09  1.9653073556010717E-01  3.2546151614788417E-06  8.8146980658816232E-04  4.7058665014283967E-09
   196   18.620000      0.0000000000000000E+00  5.2658451192973586E-09  1.9442590664061968E-01  3.2990032042693322E-06  9.1101216139289438E-04  4.2160244603668601E-09
   197   18.715000      0.0000000000000000E+00  5.8145314806602549E-09  1.9207621578626508E-01  3.3845952495157861E-06  9.4487534542452641E-04  3.6336236298622214E-09
   198   18.810000      0.0000000000000000E+00  6.1220685179958937E-09  1.8954471401327305E-01  3.5325443436443482E-06  9.8055710606366020E-04  3.1591982584872224E-09
   199   18.905000      0.0000000000000000E+00  6.3452119556260132E-09  1.8689006889829862E-01  3.7539308315911344E-06  1.0160048185923326E-03  2.6429602337314206E-09
   200   19.000000      0.0000000000000000E+00  6.4709874294880134E-09  1.8416523019319700E-01  4.0429397175735055E-06  1.0497515732745899E-03  2.2427229521722313E-09
   201   19.095000      0.0000000000000000E+00  6.3488459062273324E-09  1.8141714314438243E-01  4.3760819784932501E-06  1.0806268220047628E-03  2.2798892414445398E-09
   202   19.190000      0.0000000000000000E+00  6.0214554563652278E-09  1.7868667302097349E-01  4.7171014205193504E-06  1.1078850603620783E-03  2.7311951571241116E-09
   203   19.285000      0.0000000000000000E+00  5.5457610567433976E-09  1.7600894614701190E-01  5.0191918667079214E-06  1.1315990890978845E-03  3.5088136221969090E-09
   204   19.380000      0.0000000000000000E+00  5.0887787980662063E-09  1.7341487363922001E-01  5.2373481214325198E-06  1.1524505101265358E-03  4.3788517283632049E-09
   205   19.475000      0.0000000000000000E+00  4.8232279442629626E-09  1.7093224824970440E-01  5.3369668135083253E-06  1.1712944711359829E-03  5.0797322470890924E-09
   206   19.570000      0.0000000000000000E+00  4.6707719121248343E-09  1.6858485508136939E-01  5.3014336803287521E-06  1.1896911088104057E-03  5.6756056247849647E-09
   207   19.665000      0.0000000000000000E+00  4.8507184150163079E-09  1.6639188070951400E-01  5.1400573856241405E-06  1.2103878414422781E-03  5.8261386690215475E-09
   208   19.760000      0.0000000000000000E+00  5.4719219774952107E-09  1.6436931320509959E-01  4.8853105273479876E-06  1.2369606655078353E-03  5.3244648619670291E-09
   209   19.855000      0.0000000000000000E+00  5.8431539712910723E-09  1.6253073427986253E-01  4.5843095434263149E-06  1.2730774874944943E-03  5.0746153160580206E-09
   210   19.950000      0.0000000000000000E+00  5.8252821667362004E-09  1.6088548360992405E-01  4.2969558504106147E-06  1.3228341468979284E-03  5.3211847596868320E-09
   211   20.045000      0.0000000000000000E+00  6.1258803489867456E-09  1.5943671432479695E-01  4.0815010727781093E-06  1.3910380309792171E-03  5.1821155894450928E-09
   212   20.140000      0.0000000000000000E+00  6.8183501572267769E-09  1.5818215997370066E-01  3.9820860945283030E-06  1.4827791658840988E-03  4.5449115921191627E-09
   213   20.235000      0.0000000000000000E+00  7.5573664752257840E-09  1.5711660282883444E-01  4.0303575114052664E-06  1.6026177301408111E-03  3.7830978264049100E-09
   214   20.330000      0.0000000000000000E+00  8.1368081326610614E-09  1.5623410416965788E-01  4.2406983366307403E-06  1.7542446254025083E-03  3.1702953369917340E-09
   215   20.425000      0.0000000000000000E+00  8.3918045350226854E-09  1.5552951437897541E-01  4.6091453955734998E-06  1.9397823463350975E-03  3.0114615983153784E-09
   216   20.520000      0.0000000000000000E+00  8.3721059057582552E-09  1.5499962372402742E-01  5.1151370047567091E-06  2.1592944389391506E-03  3.2771779176818928E-09
   217   20.615000      0.0000000000000000E+00  8.1557540513531952E-09  1.5464457825830358E-01  5.7168953852413205E-06  2.4104312590443183E-03  3.8204490579050422E-09
   218   20.710000      0.0000000000000000E+00  7.7768696577669742E-09  1.5447026205339368E-01  6.3575204425758375E-06  2.6887761585775863E-03  4.5691691637875287E-09
   219   20.805000      0.0000000000000000E+00  7.5892218321549098E-09  1.5449137663201903E-01  6.9767636979002162E-06  2.9876095917841161E-03  5.0714628787427601E-09
   220   20.900000      0.0000000000000000E+00  7.7799995044530564E-09  1.5473193485169059E-01  7.5234317954361839E-06  3.2981607345823438E-03  5.0806346792682816E-09
   221   20.995000      0.0000000000000000E+00  8.0511861834903140E-09  1.5522109379415250E-01  7.9628298544043654E-06  3.6104728133082541E-03  4.8816051920485057E-09
   222   21.090000      0.0000000000000000E+00  8.1453100367151550E-09  1.5598726176940542E-01  8.2774233689477627E-06  3.9143251256252721E-03  4.6187921187365166E-09
   223   21.185000      0.0000000000000000E+00  7.9047318432853217E-09  1.5705546095397624E-01  8.4701573386594946E-06  4.1997577751280600E-03  4.3844015507169592E-09
   224   21.280000      0.0000000000000000E+00  7.3024783471963450E-09  1.5844798064301713E-01  8.5688558360604084E-06  4.4571013071620594E-03  4.3147583088992648E-09
   225   21.375000      0.0000000000000000E+00  6.6371213446707854E-09  1.6018288786361112E-01  8.6170401510529577E-06  4.6774498960969252E-03  4.2621355731608774E-09
   226   21.470000      0.0000000000000000E+00  6.0284918208412323E-09  1.6226894695808977E-01  8.6619800439209077E-06  4.8535297570168265E-03  4.2992932388709153E-09
   227   21.565000      0.0000000000000000E+00  5.4185290303958964E-09  1.6470175005130985E-01  8.7417874302194174E-06  4.9805444111514071E-03  4.5856096250795174E-09
   228   21.660000      0.0000000000000000E+00  4.9855956310159188E-09  1.6746452476119134E-01  8.8746970137113425E-06  5.0562764084473482E-03  4.8201347543480536E-09
   229   21.755000      0.0000000000000000E+00  4.7779203187270416E-09  1.7053180839519200E-01  9.0568246760359349E-06  5.0807751157538319E-03  4.8323717041941350E-09
   230   21.850000      0.0000000000000000E+00  4.6671126946166896E-09  1.7387272855990440E-01  9.2699468247130192E-06  5.0559878596869549E-03  4.7429779938950517E-09
   231   21.945000      0.0000000000000000E+00  4.7709008052096612E-09  1.7745295830826124E-01  9.4901602138703270E-06  4.9853496515717115E-03  4.4234371929872328E-09
   232   22.040000      0.0000000000000000E+00  5.1409207432963173E-09  1.8123594410761082E-01  9.6901345520175825E-06  4.8735869629899899E-03  3.8254385782311585E-09
   233   22.135000      0.0000000000000000E+00  5.4940391611787499E-09  1.8518459745260119E-01  9.8462291917225195E-06  4.7265435846565312E-03  3.2758439886310032E-09
   234   22.230000      0.0000000000000000E+00  5.6165458723421764E-09  1.8926374929872855E-01  9.9373713869990704E-06  4.5507380178313574E-03  3.0097444253534379E-09
   235   22.325000      0.0000000000000000E+00  5.4912556330863425E-09  1.9344169184622684E-01  9.9654568905810229E-06  4.3526932509842121E-03  3.1087448458020200E-09
   236   22.420000      0.0000000000000000E+00  5.2930775645035356E-09  1.9768969919207122E-01  9.9526533070359063E-06  4.1385410129347383E-03  3.4798392127038700E-09
   237   22.515000      0.0000000000000000E+00  5.3245858140967814E-09  2.0198112835444909E-01  9.9211307075169047E-06  3.9139328693958593E-03  3.7650604342434985E-09
   238   22.610000      0.0000000000000000E+00  5.4313593977886397E-09  2.0629117311905190E-01  9.8966462014652384E-06  3.6841196704367010E-03  4.0602110813390055E-09
   239   22.705000      0.0000000000000000E+00  5.2532423648771290E-09  2.1059617693587429E-01  9.9216790014314529E-06  3.4543382954883867E-03  4.7036879738045732E-09
   240   22.800000      0.0000000000000000E+00  4.9557639901982852E-09  2.1487083580164221E-01  1.0044199746914639E-05  3.2302756471136954E-03  5.4196761762832744E-09
   241   22.895000      0.0000000000000000E+00  4.7965712228585991E-09  2.1908357270290352E-01  1.0278690504304716E-05  3.0183093117282472E-03  5.8715776823632990E-09
   242   22.990000      0.0000000000000000E+00  4.7579744222388232E-09  2.2319418168729174E-01  1.0593659917574157E-05  2.8250850482166496E-03  6.0408067718885148E-09
   243   23.085000      0.0000000000000000E+00  4.8219897074378585E-09  2.2715679717909854E-01  1.0934503428959565E-05  2.6566345200732863E-03  5.8745811625847483E-09
   244   23.180000      0.0000000000000000E+00  5.0319899163356856E-09  2.3092640109217966E-01  1.1205501634120478E-05  2.5179240131980598E-03  5.3135943560437920E-09
   245   23.275000      0.0000000000000000E+00  5.4878910975986079E-09  2.3446535717453251E-01  1.1287544333905646E-05  2.4125985360455744E-03  4.3222370426704271E-09
   246   23.370000      0.0000000000000000E+00  6.1496009590690385E-09  2.3774684909411273E-01  1.1134389016439776E-05  2.3426589465238529E-03  3.0897597537314331E-09
   247   23.465000      0.0000000000000000E+00  6.6913095981953653E-09  2.4075536220685712E-01  1.0833649182899819E-05  2.3081523939689767E-03  2.1720045696428311E-09
   248   23.560000      0.0000000000000000E+00  7.0201640779247468E-09  2.4348761797912843E-01  1.0564042089615422E-05  2.3075552913885649E-03  1.7527365666076088E-09
   249   23.655000      0.0000000000000000E+00  7.2530846678121981E-09  2.4595511819604204E-01  1.0544537427481770E-05  2.3384817167062047E-03  1.6446665618125250E-09
   250   23.750000      0.0000000000000000E+00  7.1884106944110125E-09  2.4818450558697092E-01  1.0929289404619083E-05  2.3982576571562088E-03  2.0266892354441842E-09
   251   23.845000      0.0000000000000000E+00  6.7488469920901423E-09  2.5021124414889168E-01  1.1719606681996297E-05  2.4852156453024975E-03  2.9497714594005295E-09
   252   23.940000      0.0000000000000000E+00  6.2940317227558637E-09  2.5207066181765597E-01  1.2733068304771629E-05  2.6002838182707195E-03  4.0057184880879044E-09
   253   24.035000      0.0000000000000000E+00  6.1485842172827990E-09  2.5379425240054482E-01  1.3679639660530406E-05  2.7467284870261199E-03  4.9277803465402929E-09
   254   24.130000      0.0000000000000000E+00  6.4924633610682142E-09  2.5541001542002312E-01  1.4262935075906008E-05  2.9291950802032510E-03  5.5387345651151712E-09
   255   24.225000      0.0000000000000000E+00  7.1624463091304799E-09  2.5694192681624156E-01  1.4273462834514811E-05  3.1532484103611405E-03  5.8834580686028983E-09
   256   24.320000      0.0000000000000000E+00  7.6727954285587891E-09  2.5840932446393644E-01  1.3663740419767252E-05  3.4248495855852702E-03  6.2692220709879174E-09
   257   24.415000      0.0000000000000000E+00  7.8666702818933268E-09  2.5982973198471376E-01  1.2581738830214768E-05  3.7479952917687828E-03  6.5916601054126526E-09
   258   24.510000      0.0000000000000000E+00  7.8383728250954705E-09  2.6122308218029627E-01  1.1312605911602671E-05  4.1222946598756622E-03  6.6099827783571729E-09
   259   24.605000      0.0000000000000000E+00  7.5715660926400998E-09  2.6261411560612069E-01  1.0175048140899189E-05  4.5424125253682888E-03  6.4495336635882457E-09
   260   24.700000      0.0000000000000000E+00  7.2333390782310397E-09  2.6403588155887681E-01  9.4472078588732929E-06  4.9987118831769962E-03  6.1042921893470198E-09
   261   24.795000      0.0000000000000000E+00  7.0502646427583285E-09  2.6553507542158122E-01  9.3268675303689703E-06  5.4772121307981435E-03  5.4415252208491081E-09
   262   24.890000      0.0000000000000000E+00  6.8565713601217183E-09  2.6717263595059532E-01  9.8898315925384351E-06  5.9607068365889531E-03  4.7419850373364833E-09
   263   24.985000      0.0000000000000000E+00  6.4930823084375619E-09  2.6901729156814064E-01  1.1106321571565962E-05  6.4313932551305275E-03  4.2378002726478913E-09
   264   25.080000      0.0000000000000000E+00  6.0548534847666848E-09  2.7113819623407276E-01  1.2863375169865337E-05  6.8735177564368047E-03  3.8692996243943017E-09
   265   25.175000      0.0000000000000000E+00  5.6073622538537632E-09  2.7359944763792915E-01  1.4968814113666522E-05  7.2747548177582062E-03  3.6806284561173520E-09
   266   25.270000      0.0000000000000000E+00  5.3178851508052767E-09  2.7645342550857704E-01  1.7197810977578008E-05  7.6274565610579955E-03  3.5525491795587217E-09
   267   25.365000      0.0000000000000000E+00  5.2517901627288974E-09  2.7973434617040138E-01  1.9341697927261655E-05  7.9298613558922617E-03  3.3947408762524351E-09
   268   25.460000      0.0000000000000000E+00  5.1632214205010816E-09  2.8345578301578994E-01  2.1238394748860172E-05  8.1849874276820316E-03  3.4399697468024432E-09
   269   25.555000      0.0000000000000000E+00  5.0508878952481591E-09  2.8761194447915112E-01  2.2785652054360870E-05  8.3992027202407574E-03  3.5973399701457107E-09
   270   25.650000      0.0000000000000000E+00  5.1007851475674229E-09  2.9218265486782585E-01  2.3946797698527253E-05  8.5809915605144851E-03  3.6263161280961134E-09
   271   25.745000      0.0000000000000000E+00  5.2825972707570667E-09  2.9714095521616940E-01  2.4789692148344104E-05  8.7388290672040271E-03  3.6262369555163334E-09
   272   25.840000      0.0000000000000000E+00  5.5129513767003956E-09  3.0245959182449467E-01  2.5437490789337255E-05  8.8787739312269891E-03  3.6626214739558710E-09
   273   25.935000      0.0000000000000000E+00  5.6255416226944145E-09  3.0811555926514589E-01  2.5992027680100316E-05  9.0033690563205201E-03  3.8088111511706936E-09
   274   26.030000      0.0000000000000000E+00  5.5549580791532013E-09  3.1409543364974291E-01  2.6519729186919228E-05  9.1115510080449127E-03  4.0753572764663061E-09
   275   26.125000      0.0000000000000000E+00  5.5693004292418123E-09  3.2040076871072831E-01  2.7049147517611287E-05  9.1983740353835837E-03  4.1669251330515502E-09
   276   26.220000      0.0000000000000000E+00  5.6257568196840022E-09  3.2704640666087115E-01  2.7509995091796375E-05  9.2569075294693728E-03  4.2478748671645520E-09
   277   26.315000      0.0000000000000000E+00  5.6382996745792328E-09  3.3405240101432820E-01  2.7812770046229104E-05  9.2810257236845672E-03  4.5094939006242611E-09
   278   26.410000      0.0000000000000000E+00  6.1653069228662545E-09  3.4143718256312139E-01  2.7949304074288348E-05  9.2673423214089026E-03  4.2012878239365090E-09
   279   26.505000      0.0000000000000000E+00  7.1746545320981543E-09  3.4921188525663283E-01  2.7962880694841220E-05  9.2158667995229492E-03  3.2931765466439108E-09
   280   26.600000      0.0000000000000000E+00  7.8588794754362190E-09  3.5737141455157534E-01  2.7942253966906100E-05  9.1303750261092342E-03  2.8133871274065946E-09
   281   26.695000      0.0000000000000000E+00  8.1699840373484913E-09  3.6588618268788869E-01  2.7999107545888242E-05  9.0196821484601324E-03  2.8891673166682450E-09
   282   26.790000      0.0000000000000000E+00  8.4860321007494167E-09  3.7470141582969008E-01  2.8239916939129929E-05  8.8960195857227149E-03  3.1406434786063734E-09
   283   26.885000      0.0000000000000000E+00  8.8520472160656464E-09  3.8373818363530554E-01  2.8688796241465222E-05  8.7720736276917181E-03  3.4574025899127720E-09
   284   26.980000      0.0000000000000000E+00  9.1578063640393547E-09  3.9289523777892299E-01  2.9241132607862181E-05  8.6621765464517612E-03  3.7357048336502075E-09
   285   27.075000      0.0000000000000000E+00  9.1492533401822449E-09  4.0206167670006893E-01  2.9703775109883267E-05  8.5788162704651932E-03  4.1441546106529128E-09
   286   27.170000      0.0000000000000000E+00  8.8098808480090987E-09  4.1113311623099069E-01  2.9769740373471721E-05  8.5299790840313496E-03  4.7642964086315377E-09
   287   27.265000      0.0000000000000000E+00  8.4023748364034810E-09  4.2002409242423727E-01  2.9184970398454934E-05  8.5188879970631397E-03  5.4171170563598674E-09
   288   27.360000      0.0000000000000000E+00  7.8892209519107480E-09  4.2867357110214499E-01  2.8029237368322709E-05  8.5430724162649657E-03  6.2051571174449426E-09
   289   27.455000      0.0000000000000000E+00  7.2153235307178915E-09  4.3703960379944534E-01  2.6730537051257395E-05  8.5977182923044088E-03  7.1264792737391862E-09
   290   27.550000      0.0000000000000000E+00  6.7096750162300124E-09  4.4508998105154013E-01  2.5861436272965821E-05  8.6779008337093157E-03  7.7301671174385215E-09
   291   27.645000      0.0000000000000000E+00  6.6351519622253605E-09  4.5279717847870615E-01  2.5843262652209047E-05  8.7793315145202246E-03  7.8246211648845888E-09
   292   27.740000      0.0000000000000000E+00  7.1163543114327572E-09  4.6014271135416634E-01  2.6773310483017357E-05  8.8962876611711709E-03  7.3952427850236575E-09
   293   27.835000      0.0000000000000000E+00  8.1011889446357460E-09  4.6712858632087484E-01  2.8324152718617844E-05  9.0184228938108013E-03  6.5216674895194160E-09
   294   27.930000      0.0000000000000000E+00  9.2505284752463520E-09  4.7379105408701111E-01  2.9847549242193482E-05  9.1317774049837971E-03  5.5923764513068699E-09
   295   28.025000      0.0000000000000000E+00  1.0421736621234591E-08  4.8021340757457182E-01  3.0676004607533629E-05  9.2187837041311210E-03  4.6970337015501867E-09
   296   28.120000      0.0000000000000000E+00  1.1522875526618153E-08  4.8652845904117392E-01  3.0382414002290439E-05  9.2613685874081541E-03  3.7682870963692064E-09
   297   28.215000      0.0000000000000000E+00  1.2097183972288832E-08  4.9290831364543114E-01  2.9066363287789034E-05  9.2452996832179980E-03  3.1697655410327250E-09
   298   28.310000      0.0000000000000000E+00  1.1965857787067616E-08  4.9954828014092167E-01  2.7267713736422257E-05  9.1641476377721971E-03  3.0128988229236260E-09
   299   28.405000      0.0000000000000000E+00  1.1385353548261303E-08  5.0664821883707700E-01  2.5783203266284731E-05  9.0185868371230778E-03  3.0413908420143796E-09
   300   28.500000      0.0000000000000000E+00  1.0434570086063559E-08  5.1438499607507782E-01  2.5166092733049263E-05  8.8134522309707818E-03  3.3116605156258246E-09
   301   28.595000      0.0000000000000000E+00  9.1497018763403566E-09  5.2287194554949623E-01  2.5489967358016674E-05  8.5575359546292348E-03  3.8779029179624790E-09
   302   28.690000      0.0000000000000000E+00  7.7972466087547566E-09  5.3211509126276368E-01  2.6483335378654458E-05  8.2666913520807930E-03  4.4434889891101474E-09
   303   28.785000      0.0000000000000000E+00  6.5857003875841934E-09  5.4198561353947194E-01  2.7868562045266195E-05  7.9702968049845443E-03  4.8174942407665259E-09
   304   28.880000      0.0000000000000000E+00  5.6196554788591125E-09  5.5222529470009796E-01  2.9685037577332696E-05  7.7182075778578626E-03  4.9823950764322411E-09
   305   28.975000      0.0000000000000000E+00  4.9207421525123638E-09  5.6249734017272301E-01  3.2103007769494501E-05  7.5796498963317657E-03  5.0464692958236784E-09
   306   29.070000      0.0000000000000000E+00  4.3906059958864237E-09  5.7247117107849455E-01  3.5024825543878079E-05  7.6290229474461936E-03  5.2925615603937840E-09
   307   29.165000      0.0000000000000000E+00  4.1901974033330919E-09  5.8190372237494070E-01  3.7811762369662578E-05  7.9259794668503549E-03  5.5786331903446867E-09
   308   29.260000      0.0000000000000000E+00  4.4840185577751768E-09  5.9068927385163317E-01  3.9467363344932490E-05  8.4942052670847895E-03  5.5946400715103074E-09
   309   29.355000      0.0000000000000000E+00  4.9511963007772128E-09  5.9886998757363175E-01  3.9310838623642509E-05  9.3087106501200719E-03  5.6024567294908098E-09
   310   29.450000      0.0000000000000000E+00  5.3705289266773988E-09  6.0660628588678867E-01  3.7287202613360433E-05  1.0294164630121486E-02  5.7915490293090489E-09
   311   29.545000      0.0000000000000000E+00  5.8589774360680633E-09  6.1410815428060883E-01  3.4330402463974499E-05  1.1344208339294195E-02  5.9686579362076142E-09
   312   29.640000      0.0000000000000000E+00  6.4549528265517453E-09  6.2155126860477672E-01  3.2240181924068512E-05  1.2349390098605022E-02  6.0651576970283419E-09
   313   29.735000      0.0000000000000000E+00  7.1642241251729729E-09  6.2900886163754988E-01  3.3139030037041053E-05  1.3225595322524670E-02  6.0738571742729685E-09
   314   29.830000      0.0000000000000000E+00  8.0262088585707870E-09  6.3642359387501135E-01  3.8430899755300196E-05  1.3929950913104472E-02  5.9642414407263281E-09
   315   29.925000      0.0000000000000000E+00  9.0901448862531422E-09  6.4361339197290568E-01  4.7824341429784729E-05  1.4462703514442669E-02  5.6085609300647510E-09
   316   30.020000      0.0000000000000000E+00  1.0361187255309792E-08  6.5030030600118538E-01  5.9015540649243328E-05  1.4861864729138613E-02  4.8221553314819879E-09
   317   30.115000      0.0000000000000000E+00  1.1516522239061597E-08  6.5616073958847265E-01  6.8658147370445361E-05  1.5184981356491462E-02  3.8938138155369676E-09
   318   30.210000      0.0000000000000000E+00  1.2225729678820119E-08  6.6088410890081173E-01  7.3985605438845533E-05  1.5484991941747812E-02  3.3031281761482067E-09
   319   30.305000      0.0000000000000000E+00  1.2648288598614836E-08  6.6421228954336586E-01  7.4386623116905055E-05  1.5797479158918278E-02  2.9701170913457258E-09
   320   30.400000      0.0000000000000000E+00  1.2830937818416327E-08  6.6594909255721346E-01  7.1244902709031722E-05  1.6142395006309377E-02  2.8921315379097335E-09
   321   30.495000      0.0000000000000000E+00  1.2479243242172075E-08  6.6595262660092280E-01  6.7097253377483272E-05  1.6535585325727398E-02  3.4085994702887836E-09
   322   30.590000      0.0000000000000000E+00  1.1586890067037929E-08  6.6412728344718630E-01  6.4078891781070381E-05  1.6992671744498561E-02  4.4578637118666310E-09
   323   30.685000      0.0000000000000000E+00  1.0414191544641789E-08  6.6041968180565669E-01  6.2966842075663491E-05  1.7529570789862860E-02  5.6811963727044976E-09
   324   30.780000      0.0000000000000000E+00  9.3347435240551631E-09  6.5481216630769934E-01  6.2953511325689897E-05  1.8160932641845300E-02  6.5919441998999798E-09
   325   30.875000      0.0000000000000000E+00  8.6999776847079448E-09  6.4732065351811874E-01  6.2631942316490724E-05  1.8902602674432310E-02  6.7307253506631624E-09
   326   30.970000      0.0000000000000000E+00  8.3714805508435070E-09  6.3800034784244319E-01  6.1315954075354749E-05  1.9765836935895859E-02  6.2947482637144886E-09
   327   31.065000      0.0000000000000000E+00  8.0755485035543064E-09  6.2695163150226796E-01  5.9710496067094211E-05  2.0754791523471778E-02  5.6800565242176886E-09
   328   31.160000      0.0000000000000000E+00  7.8957202017775782E-09  6.1433133896132441E-01  5.9359195276240469E-05  2.1864707634279980E-02  4.8618791779150001E-09
   329   31.255000      0.0000000000000000E+00  7.8470587869859703E-09  6.0037189688090875E-01  6.1311560426409242E-05  2.3079975619284751E-02  3.9368297645957709E-09
   330   31.350000      0.0000000000000000E+00  7.7682961955038008E-09  5.8538877815205570E-01  6.5520915523618013E-05  2.4372322534997510E-02  3.2330417307152084E-09
   331   31.445000      0.0000000000000000E+00  7.7347496283919363E-09  5.6976084194527299E-01  7.1010502163742310E-05  2.5701834212758363E-02  2.7374657046178432E-09
   332   31.540000      0.0000000000000000E+00  7.7823650213562784E-09  5.5389919781090546E-01  7.6555893525614014E-05  2.7012197390477201E-02  2.4321142173584041E-09
   333   31.635000      0.0000000000000000E+00  7.7337997096684946E-09  5.3820891617837696E-01  8.0915281596028878E-05  2.8226997922518517E-02  2.5052667919106010E-09
   334   31.730000      0.0000000000000000E+00  7.5462326796969229E-09  5.2304842472911217E-01  8.3033970390418847E-05  2.9260808666817819E-02  2.9252811982226929E-09
   335   31.825000      0.0000000000000000E+00  7.2020408275951327E-09  5.0871040065594331E-01  8.2420481769866609E-05  3.0026584109835733E-02  3.6445029925666333E-09
   336   31.920000      0.0000000000000000E+00  6.7669965032152817E-09  4.9542563551886076E-01  7.9275485838355077E-05  3.0447804403991120E-02  4.5543731769100196E-09
   337   32.015000      0.0000000000000000E+00  6.5377242030451283E-09  4.8337469236026132E-01  7.4907599466513558E-05  3.0465391725557719E-02  5.2502738018541504E-09
   338   32.110000      0.0000000000000000E+00  6.5449649795441862E-09  4.7269189372289938E-01  7.0789470727811049E-05  3.0047219977255998E-02  5.6646941681824248E-09
   339   32.205000      0.0000000000000000E+00  6.6477262869638691E-09  4.6346069916693866E-01  6.8022576108016429E-05  2.9195177391593937E-02  5.9240756127830125E-09
   340   32.300000      0.0000000000000000E+00  6.8686624683556119E-09  4.5570070076282665E-01  6.6920495535798067E-05  2.7955846322831171E-02  5.9167631293752994E-09
   341   32.395000      0.0000000000000000E+00  7.1102557121333823E-09  4.4935806073042750E-01  6.7271164438554990E-05  2.6427970384763091E-02  5.7161793269766517E-09
   342   32.490000      0.0000000000000000E+00  7.3015559591883162E-09  4.4431462628021495E-01  6.8514831431326688E-05  2.4761330689483781E-02  5.4190892640297582E-09
   343   32.585000      0.0000000000000000E+00  7.5267943485959304E-09  4.4042646868240265E-01  6.9957844947249356E-05  2.3148149803229177E-02  5.0204996518680245E-09
   344   32.680000      0.0000000000000000E+00  7.7723929821621425E-09  4.3758434080476838E-01  7.1168180863397034E-05  2.1797083896617338E-02  4.6979244720138561E-09
   345   32.775000      0.0000000000000000E+00  8.1642157829666626E-09  4.3575757371606638E-01  7.1813856105845962E-05  2.0899069918754079E-02  4.3608083867473418E-09
   346   32.870000      0.0000000000000000E+00  8.6972620433155568E-09  4.3497808160146145E-01  7.2033798612699496E-05  2.0589108094640159E-02  3.9631940166660733E-09
   347   32.965000      0.0000000000000000E+00  8.8820242272080888E-09  4.3525536024057393E-01  7.2077161135523376E-05  2.0925341639874841E-02  4.1309593006379119E-09
   348   33.060000      0.0000000000000000E+00  8.8773126465477322E-09  4.3648563439892674E-01  7.2118022227583912E-05  2.1875925654685165E-02  4.6769234764452776E-09
   349   33.155000      0.0000000000000000E+00  9.3672214875145903E-09  4.3841416860372678E-01  7.2273342690219915E-05  2.3321434848183813E-02  4.6402171898922163E-09
   350   33.250000      0.0000000000000000E+00  1.0107865065865497E-08  4.4067434169356706E-01  7.2604478489737129E-05  2.5063401387320324E-02  4.2088512084409964E-09
   351   33.345000      0.0000000000000000E+00  1.0535679781674513E-08  4.4288604241985885E-01  7.3220316947453180E-05  2.6835671791112809E-02  3.9991830693196291E-09
   352   33.440000      0.0000000000000000E+00  1.0543205503045542E-08  4.4474288527067252E-01  7.4225856608562432E-05  2.8336276319092787E-02  4.0834367333603962E-09
   353   33.535000      0.0000000000000000E+00  1.0122466283320683E-08  4.4602891700611036E-01  7.5731900456265118E-05  2.9292901530042499E-02  4.4683888495832918E-09
   354   33.630000      0.0000000000000000E+00  9.5405712091757423E-09  4.4656663134027808E-01  7.7874743070191946E-05  2.9540674536132173E-02  4.8790490779051796E-09
   355   33.725000      0.0000000000000000E+00  9.1660598210920171E-09  4.4615480701635601E-01  8.0426399905472390E-05  2.9072040878838936E-02  5.0599868120273031E-09
   356   33.820000      0.0000000000000000E+00  9.1640136222817985E-09  4.4456256996281862E-01  8.3010910033604578E-05  2.8031152053352056E-02  5.0371759266714774E-09
   357   33.915000      0.0000000000000000E+00  9.6449039148252459E-09  4.4158602402214364E-01  8.5306970234636569E-05  2.6660021547312829E-02  4.7104824586614450E-09
   358   34.010000      0.0000000000000000E+00  1.0380048473354961E-08  4.3712090652169977E-01  8.7283467932011292E-05  2.5227148482427603E-02  4.1778262354508793E-09
   359   34.105000      0.0000000000000000E+00  1.0773321799266086E-08  4.3120051274562154E-01  8.9262679926978137E-05  2.3969743973982188E-02  3.9293974628742284E-09
   360   34.200000      0.0000000000000000E+00  1.0623295301788264E-08  4.2397266024316971E-01  9.1245004267961687E-05  2.3061755273649256E-02  4.0202604253071988E-09
   361   34.295000      0.0000000000000000E+00  1.0105079613170063E-08  4.1563183277602206E-01  9.2956708319471404E-05  2.2601510668534330E-02  4.2377836027600107E-09
   362   34.390000      0.0000000000000000E+00  9.4455437435264812E-09  4.0634663432403983E-01  9.4053713061618434E-05  2.2613978080588858E-02  4.4525190295113872E-09
   363   34.485000      0.0000000000000000E+00  8.8902003000276972E-09  3.9622144053239761E-01  9.4509273199852890E-05  2.3064830537664612E-02  4.4778872217117450E-09
   364   34.580000      0.0000000000000000E+00  8.3825053616219687E-09  3.8531535679872186E-01  9.5126207470245895E-05  2.3877079828941602E-02  4.4334965307205840E-09
   365   34.675000      0.0000000000000000E+00  7.7904683538602470E-09  3.7370131328456324E-01  9.7101026270113557E-05  2.4948818627727888E-02  4.5462823809642726E-09
   366   34.770000      0.0000000000000000E+00  7.3525213627606706E-09  3.6152236567040930E-01  1.0114373514847008E-04  2.6167181201227477E-02  4.6162353134730983E-09
   367   34.865000      0.0000000000000000E+00  7.1334000562670448E-09  3.4901358901759977E-01  1.0688323024927930E-04  2.7419538109332588E-02  4.6663303781983361E-09
   368   34.960000      0.0000000000000000E+00  6.9281347551517512E-09  3.3648960078574658E-01  1.1311332668978089E-04  2.8598498854794437E-02  4.9717875527224258E-09
   369   35.055000      0.0000000000000000E+00  6.7936762955971621E-09  3.2430749508887130E-01  1.1856391421730824E-04  2.9608271465138076E-02  5.3912471861488816E-09
   370   35.150000      0.0000000000000000E+00  6.7820683679709978E-09  3.1282245171158812E-01  1.2259828721018803E-04  3.0378550670825556E-02  5.7638745056382848E-09
   371   35.245000      0.0000000000000000E+00  6.6766433390405522E-09  3.0235597521611884E-01  1.2536384960667196E-04  3.0876881165447886E-02  6.2449083141527141E-09
   372   35.340000      0.0000000000000000E+00  6.4149413370995610E-09  2.9317385910712090E-01  1.2753790012309086E-04  3.1119447582098315E-02  6.7886880905356148E-09
   373   35.435000      0.0000000000000000E+00  6.1423752542920046E-09  2.8546265593258163E-01  1.2981773781561563E-04  3.1188088825499834E-02  7.1993634213315988E-09
   374   35.530000      0.0000000000000000E+00  6.0887923374915418E-09  2.7930275697746454E-01  1.3277579822394150E-04  3.1248326267586515E-02  7.3336475217756006E-09
   375   35.625000      0.0000000000000000E+00  6.5459248905209664E-09  2.7466028794351621E-01  1.3665750887519875E-04  3.1539989888054863E-02  6.9598082365661841E-09
   376   35.720000      0.0000000000000000E+00  7.3693021118897420E-09  2.7141952566538036E-01  1.4123493619147269E-04  3.2321781010291074E-02  6.2760074716851098E-09
   377   35.815000      0.0000000000000000E+00  8.1396510473178628E-09  2.6944590047608735E-01  1.4604264958804553E-04  3.3780196774973063E-02  5.7410212747600528E-09
   378   35.910000      0.0000000000000000E+00  8.8690366986212173E-09  2.6864098982964685E-01  1.5059681042108679E-04  3.5952055797392385E-02  5.2467267470271959E-09
   379   36.005000      0.0000000000000000E+00  9.6285348004490800E-09  2.6896241752997574E-01  1.5453387961725487E-04  3.8698004136651046E-02  4.6874214820336946E-09
   380   36.100000      0.0000000000000000E+00  1.0300037646678412E-08  2.7040869425692382E-01  1.5775998326182422E-04  4.1731568769287498E-02  4.2717112947855840E-09
   381   36.195000      0.0000000000000000E+00  1.0950863340202196E-08  2.7298571130728871E-01  1.6039526277719592E-04  4.4685988455412641E-02  3.9670830306027231E-09
   382   36.290000      0.0000000000000000E+00  1.1665840169264330E-08  2.7667961931215096E-01  1.6238338209995578E-04  4.7189517570406098E-02  3.6482900504621339E-09
   383   36.385000      0.0000000000000000E+00  1.2330006154843352E-08  2.8145014177497563E-01  1.6388246811908640E-04  4.8923412802412788E-02  3.3293766720284175E-09
   384   36.480000      0.0000000000000000E+00  1.2654411451797334E-08  2.8723664906008184E-01  1.6586015063395555E-04  4.9654864500088464E-02  3.2015208322964123E-09
   385   36.575000      0.0000000000000000E+00  1.2363013095225090E-08  2.9395274509308950E-01  1.6965424910103360E-04  4.9262262027544246E-02  3.5276745089694079E-09
   386   36.670000      0.0000000000000000E+00  1.1633012765823349E-08  3.0145834573793917E-01  1.7666771298349953E-04  4.7759996219322268E-02  4.1032555505457241E-09
   387   36.765000      0.0000000000000000E+00  1.0842755206750940E-08  3.0952919103774984E-01  1.8727003614401098E-04  4.5308807717777212E-02  4.5016949917745457E-09
   388   36.860000      0.0000000000000000E+00  9.9088352392616033E-09  3.1785936664896347E-01  2.0069871669213914E-04  4.2191438383953221E-02  4.9034770759703759E-09
   389   36.955000      0.0000000000000000E+00  8.7576788597282172E-09  3.2610995973101131E-01  2.1549776304614164E-04  3.8748452403179381E-02  5.4898612967433811E-09
   390   37.050000      0.0000000000000000E+00  7.7039173374665544E-09  3.3398328235002378E-01  2.3010761091891673E-04  3.5295301939539760E-02  5.9824792588860837E-09
   391   37.145000      0.0000000000000000E+00  6.9273200154313008E-09  3.4129091108045478E-01  2.4367948430588122E-04  3.2048841693507378E-02  6.2660676291712470E-09
   392   37.240000      0.0000000000000000E+00  6.3618426361571801E-09  3.4798393035568403E-01  2.5558751997983186E-04  2.9091565449426329E-02  6.4022689393100254E-09
   393   37.335000      0.0000000000000000E+00  5.8237581275426026E-09  3.5412782662987913E-01  2.6553801185388170E-04  2.6389928116990258E-02  6.4852815187503873E-09
   394   37.430000      0.0000000000000000E+00  5.2118248448330860E-09  3.5983034410230341E-01  2.7287800881104011E-04  2.3858110900031981E-02  6.6098223372684709E-09
   395   37.525000      0.0000000000000000E+00  4.9060554027216051E-09  3.6516096792958425E-01  2.7679158539370852E-04  2.1436771147100676E-02  6.4135915766445116E-09
   396   37.620000      0.0000000000000000E+00  5.2039806776027882E-09  3.7010808392396483E-01  2.7630941464397749E-04  1.9147591489196272E-02  5.6552717405504473E-09
   397   37.715000      0.0000000000000000E+00  5.7522671486282896E-09  3.7458624114289146E-01  2.7089061277361151E-04  1.7094914609399690E-02  4.7679202777897335E-09
   398   37.810000      0.0000000000000000E+00  6.1503117029607215E-09  3.7846575058124543E-01  2.6035071201474091E-04  1.5425346816851577E-02  4.0901334394507986E-09
   399   37.905000      0.0000000000000000E+00  6.3004019075550542E-09  3.8159303734132921E-01  2.4515025622239510E-04  1.4277649043675279E-02  3.6198332145360793E-09
   400   38.000000      0.0000000000000000E+00  6.1335916714329439E-09  3.8379264616351966E-01  2.2621983137587922E-04  1.3746470071452613E-02  3.5080799563496896E-09
   401   38.095000      0.0000000000000000E+00  5.8178763165273960E-09  3.8486511310347027E-01  2.0509239827401772E-04  1.3868006496725097E-02  3.7196287188829885E-09
   402   38.190000      0.0000000000000000E+00  5.7143601297969082E-09  3.8458887801052621E-01  1.8369096634785286E-04  1.4626590958069381E-02  3.8979171214039978E-09
   403   38.285000      0.0000000000000000E+00  5.8250406291805867E-09  3.8272577182110123E-01  1.6396770200954343E-04  1.5977926258974186E-02  3.9716603871879691E-09
   404   38.380000      0.0000000000000000E+00  5.9729646890237644E-09  3.7905583835986251E-01  1.4780239787423984E-04  1.7856398047415612E-02  3.9857139038108069E-09
   405   38.475000      0.0000000000000000E+00  6.0544498024698631E-09  3.7346036400857940E-01  1.3662129744629645E-04  2.0139347338604022E-02  3.9425059496001854E-09
   406   38.570000      0.0000000000000000E+00  5.9762606893445121E-09  3.6601858602707171E-01  1.3130607728035866E-04  2.2592447960557278E-02  4.0043547799680534E-09
   407   38.665000      0.0000000000000000E+00  5.9200741305918819E-09  3.5705041398520559E-01  1.3187082613529694E-04  2.4862402890070075E-02  4.0302653773329423E-09
   408   38.760000      0.0000000000000000E+00  6.0337880442214832E-09  3.4706917988668079E-01  1.3770416415976968E-04  2.6550079470040500E-02  3.8535014024203768E-09
   409   38.855000      0.0000000000000000E+00  6.1212463595678987E-09  3.3666644768780418E-01  1.4766047178879714E-04  2.7332925348518500E-02  3.6919047844711187E-09
   410   38.950000      0.0000000000000000E+00  6.0781952431123211E-09  3.2639396042963731E-01  1.6003695781540751E-04  2.7068479948047865E-02  3.6120966594681307E-09
   411   39.045000      0.0000000000000000E+00  5.8730427796369469E-09  3.1671043285654349E-01  1.7272770189956398E-04  2.5821708901500900E-02  3.6091595437495580E-09
   412   39.140000      0.0000000000000000E+00  5.4849051337202827E-09  3.0800524660435391E-01  1.8371032586967620E-04  2.3807314262811602E-02  3.7532740726997835E-09
   413   39.235000      0.0000000000000000E+00  5.0999760856434574E-09  3.0064209790469665E-01  1.9154147139762153E-04  2.1290222270511423E-02  3.9406299968981578E-09
   414   39.330000      0.0000000000000000E+00  4.6964324078614675E-09  2.9496208019753034E-01  1.9560953852607046E-04  1.8502128746119985E-02  4.3831115873805155E-09
   415   39.425000      0.0000000000000000E+00  4.2329015052251715E-09  2.9122347394140052E-01  1.9603428795061646E-04  1.5612118886843971E-02  5.2460336286720159E-09
   416   39.520000      0.0000000000000000E+00  4.1177340247806681E-09  2.8949576818451533E-01  1.9364731392374195E-04  1.2759185084175945E-02  5.8976566271429481E-09
   417   39.615000      0.0000000000000000E+00  4.1707549161360358E-09  2.8957244561691464E-01  1.8997671201388658E-04  1.0106763710997082E-02  6.3041156648295065E-09
   418   39.710000      0.0000000000000000E+00  3.6936235297910448E-09  2.9096889729405762E-01  1.8747969218065760E-04  7.8671383296121805E-03  7.1479965409058509E-09
   419   39.805000      0.0000000000000000E+00  2.9922566783549428E-09  2.9300665406101678E-01  1.8828701646190636E-04  6.2805095956061045E-03  8.0049839502646434E-09
   420   39.900000      0.0000000000000000E+00  2.7831684668978105E-09  2.9493304645541524E-01  1.9350843473202835E-04  5.5673849420085075E-03  8.1830036307634830E-09
   421   39.995000      0.0000000000000000E+00  3.2517062164767258E-09  2.9604742829670405E-01  2.0323465365498810E-04  5.8668064266898601E-03  7.7731664549520711E-09
   422   40.090000      0.0000000000000000E+00  4.3775821646160121E-09  2.9582945320405368E-01  2.1712154385461111E-04  7.1799358189387459E-03  6.9755355766527808E-09
