! Kinetic energy for species "positrons-down"
  Iter        Time          Total Par.             Kin. Energy
     0   0.0000000             179200  7.5647583883106262E-01
     1  0.95000000E-01         179200  7.5647616301991905E-01
     2  0.19000000             179200  7.5647713160999364E-01
     3  0.28500000             179200  7.5647873252561382E-01
     4  0.38000000             179200  7.5648094540006605E-01
     5  0.47500000             179200  7.5648374170922406E-01
     6  0.57000000             179200  7.5648708530707132E-01
     7  0.66500000             179200  7.5649093310612803E-01
     8  0.76000000             179200  7.5649523562391119E-01
     9  0.85500000             179200  7.5649993747405764E-01
    10  0.95000000             179200  7.5650497803038230E-01
    11   1.0450000             179200  7.5651029223554822E-01
    12   1.1400000             179200  7.5651581142861435E-01
    13   1.2350000             179200  7.5652146425424294E-01
    14   1.3300000             179200  7.5652717766879940E-01
    15   1.4250000             179200  7.5653287790672819E-01
    16   1.5200000             179200  7.5653849139724982E-01
    17   1.6150000             179200  7.5654394564033989E-01
    18   1.7100000             179200  7.5654916994785804E-01
    19   1.8050000             179200  7.5655409629237869E-01
    20   1.9000000             179200  7.5655866063578014E-01
    21   1.9950000             179200  7.5656280422269540E-01
    22   2.0900000             179200  7.5656647393040755E-01
    23   2.1850000             179200  7.5656962215203927E-01
    24   2.2800000             179200  7.5657220753757093E-01
    25   2.3750000             179200  7.5657419636755907E-01
    26   2.4700000             179200  7.5657556317516739E-01
    27   2.5650000             179200  7.5657629058701570E-01
    28   2.6600000             179200  7.5657636937483930E-01
    29   2.7550000             179200  7.5657579862749413E-01
    30   2.8500000             179200  7.5657458546938638E-01
    31   2.9450000             179200  7.5657274484561676E-01
    32   3.0400000             179200  7.5657029991630231E-01
    33   3.1350000             179200  7.5656728223351888E-01
    34   3.2300000             179200  7.5656373089067663E-01
    35   3.3250000             179200  7.5655969144917157E-01
    36   3.4200000             179200  7.5655521566899142E-01
    37   3.5150000             179200  7.5655036135426568E-01
    38   3.6100000             179200  7.5654519117942287E-01
    39   3.7050000             179200  7.5653977118577331E-01
    40   3.8000000             179200  7.5653417030684911E-01
    41   3.8950000             179200  7.5652846038505839E-01
    42   3.9900000             179200  7.5652271524354664E-01
    43   4.0850000             179200  7.5651700909258235E-01
    44   4.1800000             179200  7.5651141537620248E-01
    45   4.2750000             179200  7.5650600579536453E-01
    46   4.3700000             179200  7.5650084909278026E-01
    47   4.4650000             179200  7.5649601049478388E-01
    48   4.5600000             179200  7.5649155185270822E-01
    49   4.6550000             179200  7.5648753078305431E-01
    50   4.7500000             179200  7.5648399865140503E-01
    51   4.8450000             179200  7.5648099952984960E-01
    52   4.9400000             179200  7.5647857061804746E-01
    53   5.0350000             179200  7.5647674218071936E-01
    54   5.1300000             179200  7.5647553639292009E-01
    55   5.2250000             179200  7.5647496653151525E-01
    56   5.3200000             179200  7.5647503706648400E-01
    57   5.4150000             179200  7.5647574412154994E-01
    58   5.5100000             179200  7.5647707631563454E-01
    59   5.6050000             179200  7.5647901556632835E-01
    60   5.7000000             179200  7.5648153652870631E-01
    61   5.7950000             179200  7.5648460505218085E-01
    62   5.8900000             179200  7.5648817793466416E-01
    63   5.9850000             179200  7.5649220439900888E-01
    64   6.0800000             179200  7.5649662748544944E-01
    65   6.1750000             179200  7.5650138507432840E-01
    66   6.2700000             179200  7.5650641155394405E-01
    67   6.3650000             179200  7.5651163886751482E-01
    68   6.4600000             179200  7.5651699522126048E-01
    69   6.5550000             179200  7.5652240378270608E-01
    70   6.6500000             179200  7.5652778478303140E-01
    71   6.7450000             179200  7.5653305954900141E-01
    72   6.8400000             179200  7.5653815246807210E-01
    73   6.9350000             179200  7.5654299046667461E-01
    74   7.0300000             179200  7.5654750234869650E-01
    75   7.1250000             179200  7.5655161910972701E-01
    76   7.2200000             179200  7.5655527521541677E-01
    77   7.3150000             179200  7.5655841056435813E-01
    78   7.4100000             179200  7.5656097168984926E-01
    79   7.5050000             179200  7.5656291112591678E-01
    80   7.6000000             179200  7.5656418652983415E-01
    81   7.6950000             179200  7.5656476135415929E-01
    82   7.7900000             179200  7.5656460593658315E-01
    83   7.8850000             179200  7.5656369745525509E-01
    84   7.9800000             179200  7.5656201983561544E-01
    85   8.0750000             179200  7.5655956483980291E-01
    86   8.1700000             179200  7.5655633300120007E-01
    87   8.2650000             179200  7.5655233292684276E-01
    88   8.3600000             179200  7.5654757958339869E-01
    89   8.4550000             179200  7.5654209225368985E-01
    90   8.5500000             179200  7.5653589227477935E-01
    91   8.6450000             179200  7.5652900259503608E-01
    92   8.7400000             179200  7.5652145149293637E-01
    93   8.8350000             179200  7.5651327770681853E-01
    94   8.9300000             179200  7.5650453039723553E-01
    95   9.0250000             179200  7.5649526163166991E-01
    96   9.1200000             179200  7.5648551602733494E-01
    97   9.2150000             179200  7.5647532361958414E-01
    98   9.3100000             179200  7.5646469924081705E-01
    99   9.4050000             179200  7.5645364853681418E-01
   100   9.5000000             179200  7.5644217649573997E-01
   101   9.5950000             179200  7.5643029140511509E-01
   102   9.6900000             179200  7.5641800119461733E-01
   103   9.7850000             179200  7.5640530650703863E-01
   104   9.8800000             179200  7.5639219557723991E-01
   105   9.9750000             179200  7.5637864078879358E-01
   106   10.070000             179200  7.5636459500186892E-01
   107   10.165000             179200  7.5634998883213900E-01
   108   10.260000             179200  7.5633473154737296E-01
   109   10.355000             179200  7.5631871592104849E-01
   110   10.450000             179200  7.5630182384099043E-01
   111   10.545000             179200  7.5628392680239265E-01
   112   10.640000             179200  7.5626487673077125E-01
   113   10.735000             179200  7.5624449034297681E-01
   114   10.830000             179200  7.5622253827888619E-01
   115   10.925000             179200  7.5619874760642036E-01
   116   11.020000             179200  7.5617281413131898E-01
   117   11.115000             179200  7.5614441367241891E-01
   118   11.210000             179200  7.5611320607377674E-01
   119   11.305000             179200  7.5607883246301211E-01
   120   11.400000             179200  7.5604090683151759E-01
   121   11.495000             179200  7.5599900269602460E-01
   122   11.590000             179200  7.5595263912070565E-01
   123   11.685000             179200  7.5590127272321306E-01
   124   11.780000             179200  7.5584429935185660E-01
   125   11.875000             179200  7.5578106409190582E-01
   126   11.970000             179200  7.5571087373159307E-01
   127   12.065000             179200  7.5563300319908677E-01
   128   12.160000             179200  7.5554669135702857E-01
   129   12.255000             179200  7.5545113046952084E-01
   130   12.350000             179200  7.5534545644060724E-01
   131   12.445000             179200  7.5522873944397417E-01
   132   12.540000             179200  7.5509996847169714E-01
   133   12.635000             179200  7.5495803053000676E-01
   134   12.730000             179200  7.5480169878874737E-01
   135   12.825000             179200  7.5462964697309476E-01
   136   12.920000             179200  7.5444049280064607E-01
   137   13.015000             179200  7.5423285176681687E-01
   138   13.110000             179200  7.5400536975363885E-01
   139   13.205000             179200  7.5375670682499096E-01
   140   13.300000             179200  7.5348547096499541E-01
   141   13.395000             179200  7.5319013661163903E-01
   142   13.490000             179200  7.5286899956752029E-01
   143   13.585000             179200  7.5252019963357331E-01
   144   13.680000             179200  7.5214180013861176E-01
   145   13.775000             179200  7.5173187562780797E-01
   146   13.870000             179200  7.5128856047015524E-01
   147   13.965000             179200  7.5081005266824941E-01
   148   14.060000             179200  7.5029460482452115E-01
   149   14.155000             179200  7.4974052431297511E-01
   150   14.250000             179200  7.4914616752054286E-01
   151   14.345000             179200  7.4850991631244090E-01
   152   14.440000             179200  7.4783017203663016E-01
   153   14.535000             179200  7.4710541001395880E-01
   154   14.630000             179200  7.4633428044883732E-01
   155   14.725000             179200  7.4551568103656440E-01
   156   14.820000             179200  7.4464874904971201E-01
   157   14.915000             179200  7.4373280144394804E-01
   158   15.010000             179200  7.4276730476225872E-01
   159   15.105000             179200  7.4175192148204916E-01
   160   15.200000             179200  7.4068658958222167E-01
   161   15.295000             179200  7.3957155131476449E-01
   162   15.390000             179200  7.3840732599521020E-01
   163   15.485000             179200  7.3719472120588225E-01
   164   15.580000             179200  7.3593491525352150E-01
   165   15.675000             179200  7.3462950308025388E-01
   166   15.770000             179200  7.3328046525393364E-01
   167   15.865000             179200  7.3189015548471548E-01
   168   15.960000             179200  7.3046140394414616E-01
   169   16.055000             179200  7.2899768946532228E-01
   170   16.150000             179200  7.2750325550448169E-01
   171   16.245000             179200  7.2598319074467810E-01
   172   16.340000             179200  7.2444362104463200E-01
   173   16.435000             179200  7.2289206356294888E-01
   174   16.530000             179200  7.2133769048469820E-01
   175   16.625000             179200  7.1979128915983637E-01
   176   16.720000             179200  7.1826497792216937E-01
   177   16.815000             179200  7.1677196270773824E-01
   178   16.910000             179200  7.1532637850517711E-01
   179   17.005000             179200  7.1394279164703078E-01
   180   17.100000             179200  7.1263511707147797E-01
   181   17.195000             179200  7.1141542544819902E-01
   182   17.290000             179200  7.1029337053682462E-01
   183   17.385000             179200  7.0927636829625484E-01
   184   17.480000             179200  7.0836976431978638E-01
   185   17.575000             179200  7.0757632089784139E-01
   186   17.670000             179200  7.0689559064132457E-01
   187   17.765000             179200  7.0632399374290189E-01
   188   17.860000             179200  7.0585505135637683E-01
   189   17.955000             179200  7.0547884336016176E-01
   190   18.050000             179200  7.0518154956875478E-01
   191   18.145000             179200  7.0494637866770782E-01
   192   18.240000             179200  7.0475481165233178E-01
   193   18.335000             179200  7.0458694934976729E-01
   194   18.430000             179200  7.0442208890509184E-01
   195   18.525000             179200  7.0423997173745390E-01
   196   18.620000             179200  7.0402149220049104E-01
   197   18.715000             179200  7.0374930201836894E-01
   198   18.810000             179200  7.0340930321604123E-01
   199   18.905000             179200  7.0299165791246865E-01
   200   19.000000             179200  7.0249075479602885E-01
   201   19.095000             179200  7.0190566078157113E-01
   202   19.190000             179200  7.0124106653525242E-01
   203   19.285000             179200  7.0050683530660973E-01
   204   19.380000             179200  6.9971662814890156E-01
   205   19.475000             179200  6.9888784499097545E-01
   206   19.570000             179200  6.9804233056519782E-01
   207   19.665000             179200  6.9720559663812187E-01
   208   19.760000             179200  6.9640499183070748E-01
   209   19.855000             179200  6.9566899125800308E-01
   210   19.950000             179200  6.9502758568778766E-01
   211   20.045000             179200  6.9451204428130242E-01
   212   20.140000             179200  6.9415345602450906E-01
   213   20.235000             179200  6.9398088370226396E-01
   214   20.330000             179200  6.9401950389607614E-01
   215   20.425000             179200  6.9428891083092736E-01
   216   20.520000             179200  6.9480233863469265E-01
   217   20.615000             179200  6.9556671976325779E-01
   218   20.710000             179200  6.9658228331771477E-01
   219   20.805000             179200  6.9784132128561271E-01
   220   20.900000             179200  6.9932753010067228E-01
   221   20.995000             179200  7.0101775867147176E-01
   222   21.090000             179200  7.0288549979208459E-01
   223   21.185000             179200  7.0490278166875231E-01
   224   21.280000             179200  7.0703935246174598E-01
   225   21.375000             179200  7.0926219589059714E-01
   226   21.470000             179200  7.1153717441106934E-01
   227   21.565000             179200  7.1383053529489049E-01
   228   21.660000             179200  7.1610841224390498E-01
   229   21.755000             179200  7.1833572654620947E-01
   230   21.850000             179200  7.2047623455047527E-01
   231   21.945000             179200  7.2249324079254462E-01
   232   22.040000             179200  7.2435013573853535E-01
   233   22.135000             179200  7.2601119051689089E-01
   234   22.230000             179200  7.2744287823729348E-01
   235   22.325000             179200  7.2861554501491765E-01
   236   22.420000             179200  7.2950518493901950E-01
   237   22.515000             179200  7.3009461511430951E-01
   238   22.610000             179200  7.3037418616588567E-01
   239   22.705000             179200  7.3034295520849590E-01
   240   22.800000             179200  7.3000982218031973E-01
   241   22.895000             179200  7.2939328380400870E-01
   242   22.990000             179200  7.2851995139553916E-01
   243   23.085000             179200  7.2742264075860052E-01
   244   23.180000             179200  7.2613691290765969E-01
   245   23.275000             179200  7.2469560409500788E-01
   246   23.370000             179200  7.2312439337197965E-01
   247   23.465000             179200  7.2144032799072244E-01
   248   23.560000             179200  7.1965132041860058E-01
   249   23.655000             179200  7.1775459285576648E-01
   250   23.750000             179200  7.1573593417468129E-01
   251   23.845000             179200  7.1357309924968404E-01
   252   23.940000             179200  7.1124141428876042E-01
   253   24.035000             179200  7.0871705410896935E-01
   254   24.130000             179200  7.0597872716156584E-01
   255   24.225000             179200  7.0301015632805708E-01
   256   24.320000             179200  6.9980173802854617E-01
   257   24.415000             179200  6.9635038566392160E-01
   258   24.510000             179200  6.9265988231278197E-01
   259   24.605000             179200  6.8874170408738200E-01
   260   24.700000             179200  6.8461354571352784E-01
   261   24.795000             179200  6.8029587865937446E-01
   262   24.890000             179200  6.7581016635808377E-01
   263   24.985000             179200  6.7118021453237720E-01
   264   25.080000             179200  6.6643382930337269E-01
   265   25.175000             179200  6.6160292699179368E-01
   266   25.270000             179200  6.5672319173931748E-01
   267   25.365000             179200  6.5183493705190987E-01
   268   25.460000             179200  6.4698500397286263E-01
   269   25.555000             179200  6.4222577493134225E-01
   270   25.650000             179200  6.3760908951985718E-01
   271   25.745000             179200  6.3318020729111146E-01
   272   25.840000             179200  6.2897687286955106E-01
   273   25.935000             179200  6.2503087023610915E-01
   274   26.030000             179200  6.2136840789525971E-01
   275   26.125000             179200  6.1800945633148952E-01
   276   26.220000             179200  6.1496694260356111E-01
   277   26.315000             179200  6.1224656591914117E-01
   278   26.410000             179200  6.0984724790700728E-01
   279   26.505000             179200  6.0776160020880332E-01
   280   26.600000             179200  6.0597805822697826E-01
   281   26.695000             179200  6.0448456935776762E-01
   282   26.790000             179200  6.0327179256017027E-01
   283   26.885000             179200  6.0233581638447165E-01
   284   26.980000             179200  6.0167790443807234E-01
   285   27.075000             179200  6.0130082685500419E-01
   286   27.170000             179200  6.0120549737017270E-01
   287   27.265000             179200  6.0138641560936279E-01
   288   27.360000             179200  6.0182707291775417E-01
   289   27.455000             179200  6.0249995380539001E-01
   290   27.550000             179200  6.0336791684937463E-01
   291   27.645000             179200  6.0438488571753468E-01
   292   27.740000             179200  6.0549875166946809E-01
   293   27.835000             179200  6.0665622191900381E-01
   294   27.930000             179200  6.0780473967963733E-01
   295   28.025000             179200  6.0888867210232123E-01
   296   28.120000             179200  6.0984297564943901E-01
   297   28.215000             179200  6.1058773972653668E-01
   298   28.310000             179200  6.1102699239579294E-01
   299   28.405000             179200  6.1105673962832752E-01
   300   28.500000             179200  6.1058211368718185E-01
   301   28.595000             179200  6.0953639625777811E-01
   302   28.690000             179200  6.0789434866375314E-01
   303   28.785000             179200  6.0567808302704496E-01
   304   28.880000             179200  6.0295255516700397E-01
   305   28.975000             179200  5.9980469028845906E-01
   306   29.070000             179200  5.9631218060511304E-01
   307   29.165000             179200  5.9251996254717154E-01
   308   29.260000             179200  5.8843657323759702E-01
   309   29.355000             179200  5.8404746910865168E-01
   310   29.450000             179200  5.7933418799912328E-01
   311   29.545000             179200  5.7429369839130917E-01
   312   29.640000             179200  5.6895768206065589E-01
   313   29.735000             179200  5.6340088616873518E-01
   314   29.830000             179200  5.5773315318716166E-01
   315   29.925000             179200  5.5208951724101907E-01
   316   30.020000             179200  5.4662391305516111E-01
   317   30.115000             179200  5.4149980503434370E-01
   318   30.210000             179200  5.3687579480795367E-01
   319   30.305000             179200  5.3289049287941204E-01
   320   30.400000             179200  5.2965230107061534E-01
   321   30.495000             179200  5.2723912687312335E-01
   322   30.590000             179200  5.2570582205940730E-01
   323   30.685000             179200  5.2509075766916580E-01
   324   30.780000             179200  5.2542072783508231E-01
   325   30.875000             179200  5.2671627259408571E-01
   326   30.970000             179200  5.2899582449967686E-01
   327   31.065000             179200  5.3227562453312649E-01
   328   31.160000             179200  5.3655919508008409E-01
   329   31.255000             179200  5.4181819524239094E-01
   330   31.350000             179200  5.4797963326795562E-01
   331   31.445000             179200  5.5493222887474047E-01
   332   31.540000             179200  5.6255210459850158E-01
   333   31.635000             179200  5.7072967340959269E-01
   334   31.730000             179200  5.7937751918136471E-01
   335   31.825000             179200  5.8841921348543791E-01
   336   31.920000             179200  5.9777138579695355E-01
   337   32.015000             179200  6.0733101994894001E-01
   338   32.110000             179200  6.1696949758336139E-01
   339   32.205000             179200  6.2653047875581303E-01
   340   32.300000             179200  6.3583331603454574E-01
   341   32.395000             179200  6.4468214725191253E-01
   342   32.490000             179200  6.5287764700761586E-01
   343   32.585000             179200  6.6022552196376061E-01
   344   32.680000             179200  6.6653923212606803E-01
   345   32.775000             179200  6.7164228041890428E-01
   346   32.870000             179200  6.7538808634025638E-01
   347   32.965000             179200  6.7769676036946558E-01
   348   33.060000             179200  6.7858025082025863E-01
   349   33.155000             179200  6.7814990711136491E-01
   350   33.250000             179200  6.7660563297444942E-01
   351   33.345000             179200  6.7420223895066145E-01
   352   33.440000             179200  6.7120782289741221E-01
   353   33.535000             179200  6.6786962353140644E-01
   354   33.630000             179200  6.6440054079714306E-01
   355   33.725000             179200  6.6098019917011697E-01
   356   33.820000             179200  6.5774898166163376E-01
   357   33.915000             179200  6.5480459633960630E-01
   358   34.010000             179200  6.5221377654158708E-01
   359   34.105000             179200  6.5002659828966314E-01
   360   34.200000             179200  6.4828905122599645E-01
   361   34.295000             179200  6.4705560494820946E-01
   362   34.390000             179200  6.4639876500948579E-01
   363   34.485000             179200  6.4640803727939034E-01
   364   34.580000             179200  6.4716446049312537E-01
   365   34.675000             179200  6.4870486469475952E-01
   366   34.770000             179200  6.5100499020872926E-01
   367   34.865000             179200  6.5398284956074515E-01
   368   34.960000             179200  6.5750771070055369E-01
   369   35.055000             179200  6.6141110524905167E-01
   370   35.150000             179200  6.6550223156445454E-01
   371   35.245000             179200  6.6958293958232662E-01
   372   35.340000             179200  6.7345858737819730E-01
   373   35.435000             179200  6.7694592940608111E-01
   374   35.530000             179200  6.7988158367647245E-01
   375   35.625000             179200  6.8213164205290433E-01
   376   35.720000             179200  6.8359682844842262E-01
   377   35.815000             179200  6.8421200051678355E-01
   378   35.910000             179200  6.8394466858810588E-01
   379   36.005000             179200  6.8279042525945632E-01
   380   36.100000             179200  6.8076244712991296E-01
   381   36.195000             179200  6.7788140610902037E-01
   382   36.290000             179200  6.7417180847666924E-01
   383   36.385000             179200  6.6966638072407303E-01
   384   36.480000             179200  6.6441482327364398E-01
   385   36.575000             179200  6.5849029295812844E-01
   386   36.670000             179200  6.5199534675569149E-01
   387   36.765000             179200  6.4506799075919041E-01
   388   36.860000             179200  6.3787823963835888E-01
   389   36.955000             179200  6.3061363204687071E-01
   390   37.050000             179200  6.2346497146876123E-01
   391   37.145000             179200  6.1661711447518297E-01
   392   37.240000             179200  6.1024037982270729E-01
   393   37.335000             179200  6.0448253569850197E-01
   394   37.430000             179200  5.9946433179951497E-01
   395   37.525000             179200  5.9527770781397993E-01
   396   37.620000             179200  5.9198464130919592E-01
   397   37.715000             179200  5.8961738511316664E-01
   398   37.810000             179200  5.8818212463811670E-01
   399   37.905000             179200  5.8766810598714603E-01
   400   38.000000             179200  5.8806126931777458E-01
   401   38.095000             179200  5.8935187331113859E-01
   402   38.190000             179200  5.9152861157976577E-01
   403   38.285000             179200  5.9456553210874652E-01
   404   38.380000             179200  5.9841146826224334E-01
   405   38.475000             179200  6.0298700762720259E-01
   406   38.570000             179200  6.0818627867607467E-01
   407   38.665000             179200  6.1387760053560603E-01
   408   38.760000             179200  6.1990333260612096E-01
   409   38.855000             179200  6.2608192835270748E-01
   410   38.950000             179200  6.3221354401593854E-01
   411   39.045000             179200  6.3808481055963673E-01
   412   39.140000             179200  6.4347103169252162E-01
   413   39.235000             179200  6.4815169894692937E-01
   414   39.330000             179200  6.5194436287578461E-01
   415   39.425000             179200  6.5473634803127434E-01
   416   39.520000             179200  6.5650058080637108E-01
   417   39.615000             179200  6.5729343997837952E-01
   418   39.710000             179200  6.5723519733580626E-01
   419   39.805000             179200  6.5648430340953401E-01
   420   39.900000             179200  6.5522616352822893E-01
   421   39.995000             179200  6.5367512228195856E-01
   422   40.090000             179200  6.5205704554000754E-01
