! Kinetic energy for species "positrons-up"
  Iter        Time          Total Par.             Kin. Energy
     0   0.0000000             179200  7.5654334242494581E-01
     1  0.95000000E-01         179200  7.5654301669006219E-01
     2  0.19000000             179200  7.5654204385829305E-01
     3  0.28500000             179200  7.5654043682866146E-01
     4  0.38000000             179200  7.5653821661034770E-01
     5  0.47500000             179200  7.5653541202175645E-01
     6  0.57000000             179200  7.5653205942824608E-01
     7  0.66500000             179200  7.5652820228217466E-01
     8  0.76000000             179200  7.5652389050940516E-01
     9  0.85500000             179200  7.5651917990559547E-01
    10  0.95000000             179200  7.5651413139623824E-01
    11   1.0450000             179200  7.5650881006513016E-01
    12   1.1400000             179200  7.5650328431682878E-01
    13   1.2350000             179200  7.5649762534425236E-01
    14   1.3300000             179200  7.5649190642161446E-01
    15   1.4250000             179200  7.5648620170989456E-01
    16   1.5200000             179200  7.5648058494417147E-01
    17   1.6150000             179200  7.5647512839047959E-01
    18   1.7100000             179200  7.5646990208142828E-01
    19   1.8050000             179200  7.5646497324591544E-01
    20   1.9000000             179200  7.5646040571106121E-01
    21   1.9950000             179200  7.5645625886842327E-01
    22   2.0900000             179200  7.5645258628976875E-01
    23   2.1850000             179200  7.5644943479514848E-01
    24   2.2800000             179200  7.5644684434844489E-01
    25   2.3750000             179200  7.5644484806369028E-01
    26   2.4700000             179200  7.5644347172148407E-01
    27   2.5650000             179200  7.5644273322533606E-01
    28   2.6600000             179200  7.5644264235840430E-01
    29   2.7550000             179200  7.5644320040499924E-01
    30   2.8500000             179200  7.5644439968676158E-01
    31   2.9450000             179200  7.5644622391614580E-01
    32   3.0400000             179200  7.5644864926000077E-01
    33   3.1350000             179200  7.5645164476613402E-01
    34   3.2300000             179200  7.5645517201649926E-01
    35   3.3250000             179200  7.5645918535173140E-01
    36   3.4200000             179200  7.5646363282103923E-01
    37   3.5150000             179200  7.5646845673828156E-01
    38   3.6100000             179200  7.5647359402598557E-01
    39   3.7050000             179200  7.5647897735069447E-01
    40   3.8000000             179200  7.5648453653846504E-01
    41   3.8950000             179200  7.5649019935510420E-01
    42   3.9900000             179200  7.5649589220293856E-01
    43   4.0850000             179200  7.5650154121364177E-01
    44   4.1800000             179200  7.5650707310142673E-01
    45   4.2750000             179200  7.5651241584119111E-01
    46   4.3700000             179200  7.5651749995677542E-01
    47   4.4650000             179200  7.5652225981140153E-01
    48   4.5600000             179200  7.5652663370392725E-01
    49   4.6550000             179200  7.5653056363785121E-01
    50   4.7500000             179200  7.5653399666020671E-01
    51   4.8450000             179200  7.5653688720106282E-01
    52   4.9400000             179200  7.5653919781357404E-01
    53   5.0350000             179200  7.5654089793123580E-01
    54   5.1300000             179200  7.5654196323992573E-01
    55   5.2250000             179200  7.5654237696706494E-01
    56   5.3200000             179200  7.5654213132546788E-01
    57   5.4150000             179200  7.5654122773062626E-01
    58   5.5100000             179200  7.5653967656510912E-01
    59   5.6050000             179200  7.5653749696328410E-01
    60   5.7000000             179200  7.5653471589537946E-01
    61   5.7950000             179200  7.5653136674802557E-01
    62   5.8900000             179200  7.5652748867040276E-01
    63   5.9850000             179200  7.5652312690087109E-01
    64   6.0800000             179200  7.5651833313892580E-01
    65   6.1750000             179200  7.5651316539311031E-01
    66   6.2700000             179200  7.5650768711612026E-01
    67   6.3650000             179200  7.5650196547071380E-01
    68   6.4600000             179200  7.5649606929714297E-01
    69   6.5550000             179200  7.5649006776114402E-01
    70   6.6500000             179200  7.5648402987172281E-01
    71   6.7450000             179200  7.5647802452391666E-01
    72   6.8400000             179200  7.5647212067498182E-01
    73   6.9350000             179200  7.5646638672350686E-01
    74   7.0300000             179200  7.5646088841773929E-01
    75   7.1250000             179200  7.5645568642545413E-01
    76   7.2200000             179200  7.5645083542890545E-01
    77   7.3150000             179200  7.5644638474763215E-01
    78   7.4100000             179200  7.5644237847501494E-01
    79   7.5050000             179200  7.5643885374174891E-01
    80   7.6000000             179200  7.5643583837968520E-01
    81   7.6950000             179200  7.5643335033224535E-01
    82   7.7900000             179200  7.5643139880049670E-01
    83   7.8850000             179200  7.5642998482189494E-01
    84   7.9800000             179200  7.5642910039630396E-01
    85   8.0750000             179200  7.5642872783192594E-01
    86   8.1700000             179200  7.5642884046489189E-01
    87   8.2650000             179200  7.5642940354945121E-01
    88   8.3600000             179200  7.5643037352432019E-01
    89   8.4550000             179200  7.5643169550360134E-01
    90   8.5500000             179200  7.5643330124975683E-01
    91   8.6450000             179200  7.5643511106542405E-01
    92   8.7400000             179200  7.5643704039375814E-01
    93   8.8350000             179200  7.5643900650194529E-01
    94   8.9300000             179200  7.5644092892079895E-01
    95   9.0250000             179200  7.5644272267370094E-01
    96   9.1200000             179200  7.5644428969793098E-01
    97   9.2150000             179200  7.5644551438914187E-01
    98   9.3100000             179200  7.5644626560235451E-01
    99   9.4050000             179200  7.5644640415939257E-01
   100   9.5000000             179200  7.5644579187905192E-01
   101   9.5950000             179200  7.5644429650717482E-01
   102   9.6900000             179200  7.5644179070458928E-01
   103   9.7850000             179200  7.5643814889361749E-01
   104   9.8800000             179200  7.5643324495795017E-01
   105   9.9750000             179200  7.5642694932745869E-01
   106   10.070000             179200  7.5641912488292795E-01
   107   10.165000             179200  7.5640962509002385E-01
   108   10.260000             179200  7.5639829699842986E-01
   109   10.355000             179200  7.5638498753633754E-01
   110   10.450000             179200  7.5636954873516760E-01
   111   10.545000             179200  7.5635183678620210E-01
   112   10.640000             179200  7.5633170275210215E-01
   113   10.735000             179200  7.5630897984086665E-01
   114   10.830000             179200  7.5628347592926271E-01
   115   10.925000             179200  7.5625497506603767E-01
   116   11.020000             179200  7.5622324489436454E-01
   117   11.115000             179200  7.5618804540831985E-01
   118   11.210000             179200  7.5614913494220826E-01
   119   11.305000             179200  7.5610626871929287E-01
   120   11.400000             179200  7.5605918769004243E-01
   121   11.495000             179200  7.5600760132308786E-01
   122   11.590000             179200  7.5595117193178307E-01
   123   11.685000             179200  7.5588950757694073E-01
   124   11.780000             179200  7.5582216591607521E-01
   125   11.875000             179200  7.5574866364897431E-01
   126   11.970000             179200  7.5566848172073064E-01
   127   12.065000             179200  7.5558106216597554E-01
   128   12.160000             179200  7.5548580243900165E-01
   129   12.255000             179200  7.5538205396825686E-01
   130   12.350000             179200  7.5526912182730732E-01
   131   12.445000             179200  7.5514625493079124E-01
   132   12.540000             179200  7.5501262107813127E-01
   133   12.635000             179200  7.5486727586779967E-01
   134   12.730000             179200  7.5470914697105762E-01
   135   12.825000             179200  7.5453705209233313E-01
   136   12.920000             179200  7.5434974972188362E-01
   137   13.015000             179200  7.5414599943235827E-01
   138   13.110000             179200  7.5392459616533092E-01
   139   13.205000             179200  7.5368434895220404E-01
   140   13.300000             179200  7.5342400769219686E-01
   141   13.395000             179200  7.5314218522852938E-01
   142   13.490000             179200  7.5283732647954493E-01
   143   13.585000             179200  7.5250773438872209E-01
   144   13.680000             179200  7.5215163194008916E-01
   145   13.775000             179200  7.5176724224558689E-01
   146   13.870000             179200  7.5135286719134475E-01
   147   13.965000             179200  7.5090692745667309E-01
   148   14.060000             179200  7.5042794113603872E-01
   149   14.155000             179200  7.4991447157213043E-01
   150   14.250000             179200  7.4936508958524173E-01
   151   14.345000             179200  7.4877836655209662E-01
   152   14.440000             179200  7.4815290674751311E-01
   153   14.535000             179200  7.4748741658002926E-01
   154   14.630000             179200  7.4678076769598867E-01
   155   14.725000             179200  7.4603200201352471E-01
   156   14.820000             179200  7.4524028819729460E-01
   157   14.915000             179200  7.4440487749110118E-01
   158   15.010000             179200  7.4352506946787955E-01
   159   15.105000             179200  7.4260018175486864E-01
   160   15.200000             179200  7.4162954489650446E-01
   161   15.295000             179200  7.4061252655624243E-01
   162   15.390000             179200  7.3954853241649787E-01
   163   15.485000             179200  7.3843695317801861E-01
   164   15.580000             179200  7.3727711043859800E-01
   165   15.675000             179200  7.3606825583722224E-01
   166   15.770000             179200  7.3480959025258685E-01
   167   15.865000             179200  7.3350026203496677E-01
   168   15.960000             179200  7.3213939594583533E-01
   169   16.055000             179200  7.3072624713668755E-01
   170   16.150000             179200  7.2926043762664694E-01
   171   16.245000             179200  7.2774225202111709E-01
   172   16.340000             179200  7.2617307836179501E-01
   173   16.435000             179200  7.2455595100792569E-01
   174   16.530000             179200  7.2289604590859247E-01
   175   16.625000             179200  7.2120105029782133E-01
   176   16.720000             179200  7.1948145680754427E-01
   177   16.815000             179200  7.1775068921075524E-01
   178   16.910000             179200  7.1602490205575409E-01
   179   17.005000             179200  7.1432260371775080E-01
   180   17.100000             179200  7.1266430598181441E-01
   181   17.195000             179200  7.1107222462699160E-01
   182   17.290000             179200  7.0956992333807967E-01
   183   17.385000             179200  7.0818180398292685E-01
   184   17.480000             179200  7.0693258250149271E-01
   185   17.575000             179200  7.0584679247594151E-01
   186   17.670000             179200  7.0494795247674957E-01
   187   17.765000             179200  7.0425727006404260E-01
   188   17.860000             179200  7.0379241632298917E-01
   189   17.955000             179200  7.0356664593139606E-01
   190   18.050000             179200  7.0358788752196166E-01
   191   18.145000             179200  7.0385794386090150E-01
   192   18.240000             179200  7.0437285558464480E-01
   193   18.335000             179200  7.0512423365097487E-01
   194   18.430000             179200  7.0610018713365164E-01
   195   18.525000             179200  7.0728609241082419E-01
   196   18.620000             179200  7.0866601087332259E-01
   197   18.715000             179200  7.1022357805329117E-01
   198   18.810000             179200  7.1194129022380792E-01
   199   18.905000             179200  7.1379967051062976E-01
   200   19.000000             179200  7.1577746256349828E-01
   201   19.095000             179200  7.1785164030658022E-01
   202   19.190000             179200  7.1999672634868517E-01
   203   19.285000             179200  7.2218435093723232E-01
   204   19.380000             179200  7.2438309922759814E-01
   205   19.475000             179200  7.2655843978590218E-01
   206   19.570000             179200  7.2867343184789812E-01
   207   19.665000             179200  7.3068994392052056E-01
   208   19.760000             179200  7.3256928802347820E-01
   209   19.855000             179200  7.3427286349144505E-01
   210   19.950000             179200  7.3576354374654596E-01
   211   20.045000             179200  7.3700702532880580E-01
   212   20.140000             179200  7.3797249853343705E-01
   213   20.235000             179200  7.3863314211536046E-01
   214   20.330000             179200  7.3896692069302505E-01
   215   20.425000             179200  7.3895738409972656E-01
   216   20.520000             179200  7.3859411851884671E-01
   217   20.615000             179200  7.3787266090124470E-01
   218   20.710000             179200  7.3679369045366916E-01
   219   20.805000             179200  7.3536179132354129E-01
   220   20.900000             179200  7.3358495989625272E-01
   221   20.995000             179200  7.3147569055992467E-01
   222   21.090000             179200  7.2905197372941644E-01
   223   21.185000             179200  7.2633609197447457E-01
   224   21.280000             179200  7.2335269036768646E-01
   225   21.375000             179200  7.2012933252926092E-01
   226   21.470000             179200  7.1669899873561915E-01
   227   21.565000             179200  7.1310104479602021E-01
   228   21.660000             179200  7.0937973499491636E-01
   229   21.755000             179200  7.0558234784364604E-01
   230   21.850000             179200  7.0175830746807888E-01
   231   21.945000             179200  6.9795885720046213E-01
   232   22.040000             179200  6.9423639216618160E-01
   233   22.135000             179200  6.9064279214517388E-01
   234   22.230000             179200  6.8722656825748030E-01
   235   22.325000             179200  6.8403010051484103E-01
   236   22.420000             179200  6.8108860248566372E-01
   237   22.515000             179200  6.7843044626774407E-01
   238   22.610000             179200  6.7607663913294469E-01
   239   22.705000             179200  6.7403847170695563E-01
   240   22.800000             179200  6.7231636570140674E-01
   241   22.895000             179200  6.7090345558593689E-01
   242   22.990000             179200  6.6979111293002280E-01
   243   23.085000             179200  6.6897056875411010E-01
   244   23.180000             179200  6.6843068772581504E-01
   245   23.275000             179200  6.6815727236751532E-01
   246   23.370000             179200  6.6813636935264986E-01
   247   23.465000             179200  6.6835799337050084E-01
   248   23.560000             179200  6.6881630989490248E-01
   249   23.655000             179200  6.6950730990388996E-01
   250   23.750000             179200  6.7042738352309694E-01
   251   23.845000             179200  6.7157426128655295E-01
   252   23.940000             179200  6.7294873784594356E-01
   253   24.035000             179200  6.7455432432755058E-01
   254   24.130000             179200  6.7639445103731699E-01
   255   24.225000             179200  6.7847001807530960E-01
   256   24.320000             179200  6.8077901116172490E-01
   257   24.415000             179200  6.8331635693845627E-01
   258   24.510000             179200  6.8607273810501090E-01
   259   24.605000             179200  6.8903323441998254E-01
   260   24.700000             179200  6.9217538179572569E-01
   261   24.795000             179200  6.9546665964691368E-01
   262   24.890000             179200  6.9886433586469243E-01
   263   24.985000             179200  7.0231809080596042E-01
   264   25.080000             179200  7.0577173558189210E-01
   265   25.175000             179200  7.0916407087838240E-01
   266   25.270000             179200  7.1243236267831755E-01
   267   25.365000             179200  7.1551677693693772E-01
   268   25.460000             179200  7.1836195666055280E-01
   269   25.555000             179200  7.2091725669197093E-01
   270   25.650000             179200  7.2313832846126314E-01
   271   25.745000             179200  7.2498885285380033E-01
   272   25.840000             179200  7.2644083295265527E-01
   273   25.935000             179200  7.2747322869273323E-01
   274   26.030000             179200  7.2806846741020914E-01
   275   26.125000             179200  7.2820885646395828E-01
   276   26.220000             179200  7.2787775234878782E-01
   277   26.315000             179200  7.2706355443671500E-01
   278   26.410000             179200  7.2575968236073429E-01
   279   26.505000             179200  7.2396468457080054E-01
   280   26.600000             179200  7.2168734645307109E-01
   281   26.695000             179200  7.1894907025541210E-01
   282   26.790000             179200  7.1578041858046371E-01
   283   26.885000             179200  7.1221965525209363E-01
   284   26.980000             179200  7.0831437117539209E-01
   285   27.075000             179200  7.0411978990960911E-01
   286   27.170000             179200  6.9969242312133084E-01
   287   27.265000             179200  6.9508404769546872E-01
   288   27.360000             179200  6.9034134856071860E-01
   289   27.455000             179200  6.8550825182885156E-01
   290   27.550000             179200  6.8062764248083685E-01
   291   27.645000             179200  6.7574571821923191E-01
   292   27.740000             179200  6.7091621181963867E-01
   293   27.835000             179200  6.6619758099734661E-01
   294   27.930000             179200  6.6164392444068509E-01
   295   28.025000             179200  6.5729439485669050E-01
   296   28.120000             179200  6.5316739777728861E-01
   297   28.215000             179200  6.4926429138373742E-01
   298   28.310000             179200  6.4557685545349730E-01
   299   28.405000             179200  6.4209129491415828E-01
   300   28.500000             179200  6.3879108527342487E-01
   301   28.595000             179200  6.3566699158827444E-01
   302   28.690000             179200  6.3273218633006778E-01
   303   28.785000             179200  6.3003055117157092E-01
   304   28.880000             179200  6.2763309333203576E-01
   305   28.975000             179200  6.2562082593397783E-01
   306   29.070000             179200  6.2406191455378013E-01
   307   29.165000             179200  6.2299658981461969E-01
   308   29.260000             179200  6.2243168981966135E-01
   309   29.355000             179200  6.2234149316910337E-01
   310   29.450000             179200  6.2267502110195483E-01
   311   29.545000             179200  6.2336952734789475E-01
   312   29.640000             179200  6.2436422173021078E-01
   313   29.735000             179200  6.2560975620495229E-01
   314   29.830000             179200  6.2706959375840654E-01
   315   29.925000             179200  6.2871488714511670E-01
   316   30.020000             179200  6.3052042006560161E-01
   317   30.115000             179200  6.3246184233188762E-01
   318   30.210000             179200  6.3451200040596545E-01
   319   30.305000             179200  6.3664301519915933E-01
   320   30.400000             179200  6.3883292570798234E-01
   321   30.495000             179200  6.4106750515479138E-01
   322   30.590000             179200  6.4333260646833301E-01
   323   30.685000             179200  6.4560394717154113E-01
   324   30.780000             179200  6.4784419047146291E-01
   325   30.875000             179200  6.5000392191188872E-01
   326   30.970000             179200  6.5202518347612115E-01
   327   31.065000             179200  6.5384722589864386E-01
   328   31.160000             179200  6.5540904614182516E-01
   329   31.255000             179200  6.5664623291085555E-01
   330   31.350000             179200  6.5749257525357407E-01
   331   31.445000             179200  6.5788691288807088E-01
   332   31.540000             179200  6.5777119933711392E-01
   333   31.635000             179200  6.5708874897550351E-01
   334   31.730000             179200  6.5579369707970947E-01
   335   31.825000             179200  6.5386192824211586E-01
   336   31.920000             179200  6.5129494254550457E-01
   337   32.015000             179200  6.4811992889891523E-01
   338   32.110000             179200  6.4439333015484190E-01
   339   32.205000             179200  6.4020644519309822E-01
   340   32.300000             179200  6.3568756370796753E-01
   341   32.395000             179200  6.3099935779298033E-01
   342   32.490000             179200  6.2632859007826225E-01
   343   32.585000             179200  6.2186219893782080E-01
   344   32.680000             179200  6.1775377774277562E-01
   345   32.775000             179200  6.1409998554095435E-01
   346   32.870000             179200  6.1094629398129463E-01
   347   32.965000             179200  6.0832157658251129E-01
   348   33.060000             179200  6.0627694735757409E-01
   349   33.155000             179200  6.0489874752532236E-01
   350   33.250000             179200  6.0428897259710501E-01
   351   33.345000             179200  6.0453212407595758E-01
   352   33.440000             179200  6.0566997475597284E-01
   353   33.535000             179200  6.0769298614051670E-01
   354   33.630000             179200  6.1054964305079285E-01
   355   33.725000             179200  6.1416762232504418E-01
   356   33.820000             179200  6.1846742005354338E-01
   357   33.915000             179200  6.2335497652033167E-01
   358   34.010000             179200  6.2870260882684903E-01
   359   34.105000             179200  6.3433943582261942E-01
   360   34.200000             179200  6.4006230200359493E-01
   361   34.295000             179200  6.4566092625514560E-01
   362   34.390000             179200  6.5094632720675838E-01
   363   34.485000             179200  6.5577441958652949E-01
   364   34.580000             179200  6.6006127490142785E-01
   365   34.675000             179200  6.6378013058282559E-01
   366   34.770000             179200  6.6693960355565829E-01
   367   34.865000             179200  6.6956357848890313E-01
   368   34.960000             179200  6.7168209267786838E-01
   369   35.055000             179200  6.7333110558000020E-01
   370   35.150000             179200  6.7455323601257522E-01
   371   35.245000             179200  6.7539498557766497E-01
   372   35.340000             179200  6.7590535170705557E-01
   373   35.435000             179200  6.7613389037923932E-01
   374   35.530000             179200  6.7612580770498809E-01
   375   35.625000             179200  6.7591828495853190E-01
   376   35.720000             179200  6.7554544012520745E-01
   377   35.815000             179200  6.7505082100089420E-01
   378   35.910000             179200  6.7449782080512444E-01
   379   36.005000             179200  6.7397798915391516E-01
   380   36.100000             179200  6.7361852811736278E-01
   381   36.195000             179200  6.7357856394265680E-01
   382   36.290000             179200  6.7402916053296269E-01
   383   36.385000             179200  6.7512507026905311E-01
   384   36.480000             179200  6.7697606184567949E-01
   385   36.575000             179200  6.7962462821216163E-01
   386   36.670000             179200  6.8303883025364298E-01
   387   36.765000             179200  6.8712085577055915E-01
   388   36.860000             179200  6.9172297727316479E-01
   389   36.955000             179200  6.9666653446374660E-01
   390   37.050000             179200  7.0175927341329647E-01
   391   37.145000             179200  7.0680720882848869E-01
   392   37.240000             179200  7.1162418691639262E-01
   393   37.335000             179200  7.1604049333369524E-01
   394   37.430000             179200  7.1991158592849458E-01
   395   37.525000             179200  7.2312498619203369E-01
   396   37.620000             179200  7.2559805012499501E-01
   397   37.715000             179200  7.2727245314121536E-01
   398   37.810000             179200  7.2811650055440125E-01
   399   37.905000             179200  7.2813314730068646E-01
   400   38.000000             179200  7.2736537329576012E-01
   401   38.095000             179200  7.2589633737754145E-01
   402   38.190000             179200  7.2384956248965815E-01
   403   38.285000             179200  7.2138791428765714E-01
   404   38.380000             179200  7.1870417991128854E-01
   405   38.475000             179200  7.1600250446476643E-01
   406   38.570000             179200  7.1347431647658599E-01
   407   38.665000             179200  7.1127416505650332E-01
   408   38.760000             179200  7.0950146932406066E-01
   409   38.855000             179200  7.0819583816831233E-01
   410   38.950000             179200  7.0734793788633743E-01
   411   39.045000             179200  7.0691074414607247E-01
   412   39.140000             179200  7.0680459756458047E-01
   413   39.235000             179200  7.0692872600523371E-01
   414   39.330000             179200  7.0717674497399463E-01
   415   39.425000             179200  7.0745055664501311E-01
   416   39.520000             179200  7.0768356551357625E-01
   417   39.615000             179200  7.0786499158254024E-01
   418   39.710000             179200  7.0804322653283469E-01
   419   39.805000             179200  7.0830703451737309E-01
   420   39.900000             179200  7.0875335764593728E-01
   421   39.995000             179200  7.0945449182015863E-01
   422   40.090000             179200  7.1044351042066278E-01
