! Kinetic energy for species "electrons-up"
  Iter        Time          Total Par.             Kin. Energy
     0   0.0000000             179200  7.5649678745715376E-01
     1  0.95000000E-01         179200  7.5649711182073176E-01
     2  0.19000000             179200  7.5649808083804326E-01
     3  0.28500000             179200  7.5649968224868180E-01
     4  0.38000000             179200  7.5650189561549530E-01
     5  0.47500000             179200  7.5650469251177999E-01
     6  0.57000000             179200  7.5650803688956636E-01
     7  0.66500000             179200  7.5651188562311866E-01
     8  0.76000000             179200  7.5651618913829011E-01
     9  0.85500000             179200  7.5652089200539407E-01
    10  0.95000000             179200  7.5652593353006647E-01
    11   1.0450000             179200  7.5653124850977382E-01
    12   1.1400000             179200  7.5653676818782367E-01
    13   1.2350000             179200  7.5654242126679461E-01
    14   1.3300000             179200  7.5654813489756623E-01
    15   1.4250000             179200  7.5655383559938405E-01
    16   1.5200000             179200  7.5655945000384317E-01
    17   1.6150000             179200  7.5656490548692557E-01
    18   1.7100000             179200  7.5657013102109760E-01
    19   1.8050000             179200  7.5657505841723927E-01
    20   1.9000000             179200  7.5657962364992248E-01
    21   1.9950000             179200  7.5658376779158787E-01
    22   2.0900000             179200  7.5658743749300150E-01
    23   2.1850000             179200  7.5659058543625890E-01
    24   2.2800000             179200  7.5659317097407086E-01
    25   2.3750000             179200  7.5659516061188625E-01
    26   2.4700000             179200  7.5659652822244450E-01
    27   2.5650000             179200  7.5659725550698931E-01
    28   2.6600000             179200  7.5659733284748265E-01
    29   2.7550000             179200  7.5659675977316543E-01
    30   2.8500000             179200  7.5659554443219990E-01
    31   2.9450000             179200  7.5659370262419512E-01
    32   3.0400000             179200  7.5659125740518074E-01
    33   3.1350000             179200  7.5658823938679687E-01
    34   3.2300000             179200  7.5658468700016379E-01
    35   3.3250000             179200  7.5658064624463983E-01
    36   3.4200000             179200  7.5657616988201659E-01
    37   3.5150000             179200  7.5657131609294637E-01
    38   3.6100000             179200  7.5656614707145953E-01
    39   3.7050000             179200  7.5656072833722154E-01
    40   3.8000000             179200  7.5655512864271157E-01
    41   3.8950000             179200  7.5654941966506861E-01
    42   3.9900000             179200  7.5654367523103727E-01
    43   4.0850000             179200  7.5653797011758128E-01
    44   4.1800000             179200  7.5653237829474962E-01
    45   4.2750000             179200  7.5652697110183387E-01
    46   4.3700000             179200  7.5652181639699478E-01
    47   4.4650000             179200  7.5651697882412972E-01
    48   4.5600000             179200  7.5651252005228353E-01
    49   4.6550000             179200  7.5650849793928954E-01
    50   4.7500000             179200  7.5650496489220509E-01
    51   4.8450000             179200  7.5650196637036538E-01
    52   4.9400000             179200  7.5649953989676955E-01
    53   5.0350000             179200  7.5649771458420068E-01
    54   5.1300000             179200  7.5649651129946061E-01
    55   5.2250000             179200  7.5649594311827606E-01
    56   5.3200000             179200  7.5649601539960409E-01
    57   5.4150000             179200  7.5649672550117197E-01
    58   5.5100000             179200  7.5649806259197572E-01
    59   5.6050000             179200  7.5650000762316627E-01
    60   5.7000000             179200  7.5650253342189422E-01
    61   5.7950000             179200  7.5650560514337439E-01
    62   5.8900000             179200  7.5650918097026032E-01
    63   5.9850000             179200  7.5651321227325474E-01
    64   6.0800000             179200  7.5651764308696090E-01
    65   6.1750000             179200  7.5652241047907620E-01
    66   6.2700000             179200  7.5652744691489260E-01
    67   6.3650000             179200  7.5653268261943385E-01
    68   6.4600000             179200  7.5653804550092274E-01
    69   6.5550000             179200  7.5654346006080164E-01
    70   6.6500000             179200  7.5654884836677927E-01
    71   6.7450000             179200  7.5655413271706973E-01
    72   6.8400000             179200  7.5655923724045937E-01
    73   6.9350000             179200  7.5656408782168616E-01
    74   7.0300000             179200  7.5656861198784175E-01
    75   7.1250000             179200  7.5657273985826390E-01
    76   7.2200000             179200  7.5657640602832288E-01
    77   7.3150000             179200  7.5657955141554967E-01
    78   7.4100000             179200  7.5658212361595534E-01
    79   7.5050000             179200  7.5658407563359387E-01
    80   7.6000000             179200  7.5658536495614293E-01
    81   7.6950000             179200  7.5658595426571340E-01
    82   7.7900000             179200  7.5658581266781344E-01
    83   7.8850000             179200  7.5658491647421588E-01
    84   7.9800000             179200  7.5658325005554006E-01
    85   8.0750000             179200  7.5658080646996673E-01
    86   8.1700000             179200  7.5657758671276487E-01
    87   8.2650000             179200  7.5657359827638149E-01
    88   8.3600000             179200  7.5656885462712098E-01
    89   8.4550000             179200  7.5656337474524471E-01
    90   8.5500000             179200  7.5655718100107539E-01
    91   8.6450000             179200  7.5655029729937939E-01
    92   8.7400000             179200  7.5654275136871174E-01
    93   8.8350000             179200  7.5653458015480579E-01
    94   8.9300000             179200  7.5652583160811426E-01
    95   9.0250000             179200  7.5651655831948805E-01
    96   9.1200000             179200  7.5650680627773992E-01
    97   9.2150000             179200  7.5649660646334005E-01
    98   9.3100000             179200  7.5648597440514598E-01
    99   9.4050000             179200  7.5647491669952860E-01
   100   9.5000000             179200  7.5646343878496880E-01
   101   9.5950000             179200  7.5645154817064619E-01
   102   9.6900000             179200  7.5643925170064130E-01
   103   9.7850000             179200  7.5642655012300231E-01
   104   9.8800000             179200  7.5641343344310596E-01
   105   9.9750000             179200  7.5639987682415311E-01
   106   10.070000             179200  7.5638583532071801E-01
   107   10.165000             179200  7.5637123938078310E-01
   108   10.260000             179200  7.5635599595581948E-01
   109   10.355000             179200  7.5633999625522286E-01
   110   10.450000             179200  7.5632312380293076E-01
   111   10.545000             179200  7.5630525371803614E-01
   112   10.640000             179200  7.5628624012132373E-01
   113   10.735000             179200  7.5626589891324514E-01
   114   10.830000             179200  7.5624399826290889E-01
   115   10.925000             179200  7.5622026326758141E-01
   116   11.020000             179200  7.5619438961089036E-01
   117   11.115000             179200  7.5616605512685964E-01
   118   11.210000             179200  7.5613492257315951E-01
   119   11.305000             179200  7.5610063415487927E-01
   120   11.400000             179200  7.5606280096048062E-01
   121   11.495000             179200  7.5602099070628348E-01
   122   11.590000             179200  7.5597471767975544E-01
   123   11.685000             179200  7.5592343752461821E-01
   124   11.780000             179200  7.5586654767782613E-01
   125   11.875000             179200  7.5580339413693498E-01
   126   11.970000             179200  7.5573328235835202E-01
   127   12.065000             179200  7.5565548441367969E-01
   128   12.160000             179200  7.5556923620373373E-01
   129   12.255000             179200  7.5547372774820554E-01
   130   12.350000             179200  7.5536809300209851E-01
   131   12.445000             179200  7.5525139954210507E-01
   132   12.540000             179200  7.5512263331645246E-01
   133   12.635000             179200  7.5498067883883779E-01
   134   12.730000             179200  7.5482430719341731E-01
   135   12.825000             179200  7.5465218954053392E-01
   136   12.920000             179200  7.5446294106922551E-01
   137   13.015000             179200  7.5425517635150952E-01
   138   13.110000             179200  7.5402754222516422E-01
   139   13.205000             179200  7.5377870029211069E-01
   140   13.300000             179200  7.5350725985296063E-01
   141   13.395000             179200  7.5321169721483439E-01
   142   13.490000             179200  7.5289031169246878E-01
   143   13.585000             179200  7.5254124812125500E-01
   144   13.680000             179200  7.5216257492169913E-01
   145   13.775000             179200  7.5175237013488005E-01
   146   13.870000             179200  7.5130876989186834E-01
   147   13.965000             179200  7.5082997391708828E-01
   148   14.060000             179200  7.5031423763213290E-01
   149   14.155000             179200  7.4975987095593521E-01
   150   14.250000             179200  7.4916523080579889E-01
   151   14.345000             179200  7.4852869812013423E-01
   152   14.440000             179200  7.4784867272181466E-01
   153   14.535000             179200  7.4712362548202060E-01
   154   14.630000             179200  7.4635219488318372E-01
   155   14.725000             179200  7.4553325783988178E-01
   156   14.820000             179200  7.4466592335311665E-01
   157   14.915000             179200  7.4374947390363888E-01
   158   15.010000             179200  7.4278333397973562E-01
   159   15.105000             179200  7.4176711442051479E-01
   160   15.200000             179200  7.4070069379516790E-01
   161   15.295000             179200  7.3958425280634854E-01
   162   15.390000             179200  7.3841825507534453E-01
   163   15.485000             179200  7.3720346652733948E-01
   164   15.580000             179200  7.3594104384187320E-01
   165   15.675000             179200  7.3463258804443110E-01
   166   15.770000             179200  7.3328012294417411E-01
   167   15.865000             179200  7.3188609039040253E-01
   168   15.960000             179200  7.3045345991672184E-01
   169   16.055000             179200  7.2898591040462757E-01
   170   16.150000             179200  7.2748795724935866E-01
   171   16.245000             179200  7.2596502779507555E-01
   172   16.340000             179200  7.2442361954580647E-01
   173   16.435000             179200  7.2287160441755216E-01
   174   16.530000             179200  7.2131845214651791E-01
   175   16.625000             179200  7.1977516551893550E-01
   176   16.720000             179200  7.1825397692157522E-01
   177   16.815000             179200  7.1676808019813165E-01
   178   16.910000             179200  7.1533143052207859E-01
   179   17.005000             179200  7.1395822377232809E-01
   180   17.100000             179200  7.1266183148920248E-01
   181   17.195000             179200  7.1145362791936262E-01
   182   17.290000             179200  7.1034243144918308E-01
   183   17.385000             179200  7.0933475434704074E-01
   184   17.480000             179200  7.0843510211782856E-01
   185   17.575000             179200  7.0764554343077735E-01
   186   17.670000             179200  7.0696512761677899E-01
   187   17.765000             179200  7.0639004483680068E-01
   188   17.860000             179200  7.0591385141069596E-01
   189   17.955000             179200  7.0552677607655667E-01
   190   18.050000             179200  7.0521514337781299E-01
   191   18.145000             179200  7.0496232113179902E-01
   192   18.240000             179200  7.0475006654620953E-01
   193   18.335000             179200  7.0455895271922575E-01
   194   18.430000             179200  7.0436900408420178E-01
   195   18.525000             179200  7.0416101866085667E-01
   196   18.620000             179200  7.0391711835975124E-01
   197   18.715000             179200  7.0362096806296326E-01
   198   18.810000             179200  7.0325908703771400E-01
   199   18.905000             179200  7.0282188910963939E-01
   200   19.000000             179200  7.0230369860573916E-01
   201   19.095000             179200  7.0170327650818698E-01
   202   19.190000             179200  7.0102496284568783E-01
   203   19.285000             179200  7.0027842860650447E-01
   204   19.380000             179200  6.9947731232982246E-01
   205   19.475000             179200  6.9863908046212608E-01
   206   19.570000             179200  6.9778568812411357E-01
   207   19.665000             179200  6.9694274620709229E-01
   208   19.760000             179200  6.9613759942623987E-01
   209   19.855000             179200  6.9539863347488373E-01
   210   19.950000             179200  6.9475575039138548E-01
   211   20.045000             179200  6.9424019178284391E-01
   212   20.140000             179200  6.9388317162301782E-01
   213   20.235000             179200  6.9371409121051353E-01
   214   20.330000             179200  6.9375857881620573E-01
   215   20.425000             179200  6.9403665637229484E-01
   216   20.520000             179200  6.9456192988144383E-01
   217   20.615000             179200  6.9534157578482281E-01
   218   20.710000             179200  6.9637574668706415E-01
   219   20.805000             179200  6.9765621722468474E-01
   220   20.900000             179200  6.9916581058514216E-01
   221   20.995000             179200  7.0088025847146307E-01
   222   21.090000             179200  7.0277169797046213E-01
   223   21.185000             179200  7.0481065808889909E-01
   224   21.280000             179200  7.0696557605187005E-01
   225   21.375000             179200  7.0920259506885130E-01
   226   21.470000             179200  7.1148724366086125E-01
   227   21.565000             179200  7.1378596055497900E-01
   228   21.660000             179200  7.1606569801357534E-01
   229   21.755000             179200  7.1829277481230103E-01
   230   21.850000             179200  7.2043262394231733E-01
   231   21.945000             179200  7.2245010943290389E-01
   232   22.040000             179200  7.2430978606978003E-01
   233   22.135000             179200  7.2597661554868087E-01
   234   22.230000             179200  7.2741727945139956E-01
   235   22.325000             179200  7.2860182118047401E-01
   236   22.420000             179200  7.2950535634137248E-01
   237   22.515000             179200  7.3010907851660445E-01
   238   22.610000             179200  7.3040087918459684E-01
   239   22.705000             179200  7.3037686803073210E-01
   240   22.800000             179200  7.3004325773636713E-01
   241   22.895000             179200  7.2941678163602530E-01
   242   22.990000             179200  7.2852360671430150E-01
   243   23.085000             179200  7.2739772443254880E-01
   244   23.180000             179200  7.2607752170366335E-01
   245   23.275000             179200  7.2459946664800567E-01
   246   23.370000             179200  7.2299226662102212E-01
   247   23.465000             179200  7.2127462098562178E-01
   248   23.560000             179200  7.1945480416980478E-01
   249   23.655000             179200  7.1752979563089836E-01
   250   23.750000             179200  7.1548558215850400E-01
   251   23.845000             179200  7.1330121966670057E-01
   252   23.940000             179200  7.1095427568083980E-01
   253   24.035000             179200  7.0842345918416050E-01
   254   24.130000             179200  7.0568969001321391E-01
   255   24.225000             179200  7.0273825624005082E-01
   256   24.320000             179200  6.9956019103530609E-01
   257   24.415000             179200  6.9615165009243440E-01
   258   24.510000             179200  6.9251407305232082E-01
   259   24.605000             179200  6.8865549094969047E-01
   260   24.700000             179200  6.8458984617186525E-01
   261   24.795000             179200  6.8033408248458560E-01
   262   24.890000             179200  6.7590655214190343E-01
   263   24.985000             179200  6.7132855828037408E-01
   264   25.080000             179200  6.6662644117545300E-01
   265   25.175000             179200  6.6183196862728877E-01
   266   25.270000             179200  6.5698189144224994E-01
   267   25.365000             179200  6.5211864060385072E-01
   268   25.460000             179200  6.4729215082390934E-01
   269   25.555000             179200  6.4255863600619856E-01
   270   25.650000             179200  6.3797386235909492E-01
   271   25.745000             179200  6.3358633326264369E-01
   272   25.840000             179200  6.2943563888723131E-01
   273   25.935000             179200  6.2555356483988378E-01
   274   26.030000             179200  6.2196451504840167E-01
   275   26.125000             179200  6.1868524139674108E-01
   276   26.220000             179200  6.1572457386192392E-01
   277   26.315000             179200  6.1308333350829414E-01
   278   26.410000             179200  6.1075441024531829E-01
   279   26.505000             179200  6.0872317795037734E-01
   280   26.600000             179200  6.0697043112343119E-01
   281   26.695000             179200  6.0547746013612613E-01
   282   26.790000             179200  6.0423073840105290E-01
   283   26.885000             179200  6.0322597062663230E-01
   284   26.980000             179200  6.0246809927975697E-01
   285   27.075000             179200  6.0196694119518979E-01
   286   27.170000             179200  6.0173280214824088E-01
   287   27.265000             179200  6.0176977523853814E-01
   288   27.360000             179200  6.0206852997828020E-01
   289   27.455000             179200  6.0260604845364385E-01
   290   27.550000             179200  6.0335053976184261E-01
   291   27.645000             179200  6.0426660698493662E-01
   292   27.740000             179200  6.0531748997711399E-01
   293   27.835000             179200  6.0646248105190592E-01
   294   27.930000             179200  6.0765014300649089E-01
   295   28.025000             179200  6.0881218234722012E-01
   296   28.120000             179200  6.0986405984753955E-01
   297   28.215000             179200  6.1070993435321896E-01
   298   28.310000             179200  6.1124688431371865E-01
   299   28.405000             179200  6.1137101101808367E-01
   300   28.500000             179200  6.1098895384649332E-01
   301   28.595000             179200  6.1003334486353733E-01
   302   28.690000             179200  6.0847629894282507E-01
   303   28.785000             179200  6.0633552248714762E-01
   304   28.880000             179200  6.0367119483184761E-01
   305   28.975000             179200  6.0057041611077233E-01
   306   29.070000             179200  5.9712242111265135E-01
   307   29.165000             179200  5.9339562312280059E-01
   308   29.260000             179200  5.8942554367114097E-01
   309   29.355000             179200  5.8521665854542559E-01
   310   29.450000             179200  5.8075233871511134E-01
   311   29.545000             179200  5.7601091473203381E-01
   312   29.640000             179200  5.7099081159421272E-01
   313   29.735000             179200  5.6573399256332801E-01
   314   29.830000             179200  5.6033587804318574E-01
   315   29.925000             179200  5.5494185227671888E-01
   316   30.020000             179200  5.4973004339956699E-01
   317   30.115000             179200  5.4488347275849425E-01
   318   30.210000             179200  5.4056396480427393E-01
   319   30.305000             179200  5.3689590367714368E-01
   320   30.400000             179200  5.3396108329631242E-01
   321   30.495000             179200  5.3180616222684751E-01
   322   30.590000             179200  5.3046119604563435E-01
   323   30.685000             179200  5.2995945448098047E-01
   324   30.780000             179200  5.3034680616478203E-01
   325   30.875000             179200  5.3167519061651425E-01
   326   30.970000             179200  5.3398497466471984E-01
   327   31.065000             179200  5.3729004055934082E-01
   328   31.160000             179200  5.4156954406349866E-01
   329   31.255000             179200  5.4676310927274696E-01
   330   31.350000             179200  5.5277198164957730E-01
   331   31.445000             179200  5.5947076532721096E-01
   332   31.540000             179200  5.6673060441606360E-01
   333   31.635000             179200  5.7444409782534267E-01
   334   31.730000             179200  5.8253678809006826E-01
   335   31.825000             179200  5.9095886518196150E-01
   336   31.920000             179200  5.9966342525822180E-01
   337   32.015000             179200  6.0858210714468708E-01
   338   32.110000             179200  6.1761008538860218E-01
   339   32.205000             179200  6.2660386277296487E-01
   340   32.300000             179200  6.3538923163502037E-01
   341   32.395000             179200  6.4377315862844164E-01
   342   32.490000             179200  6.5155467387904886E-01
   343   32.585000             179200  6.5853365872076541E-01
   344   32.680000             179200  6.6451506182531261E-01
   345   32.775000             179200  6.6931501922683934E-01
   346   32.870000             179200  6.7278216802209845E-01
   347   32.965000             179200  6.7483236910166111E-01
   348   33.060000             179200  6.7547512458534742E-01
   349   33.155000             179200  6.7482425975482840E-01
   350   33.250000             179200  6.7309050419083261E-01
   351   33.345000             179200  6.7054833100596811E-01
   352   33.440000             179200  6.6748943608638878E-01
   353   33.535000             179200  6.6418190107534025E-01
   354   33.630000             179200  6.6084977985646631E-01
   355   33.725000             179200  6.5766893785676950E-01
   356   33.820000             179200  6.5475946635490268E-01
   357   33.915000             179200  6.5218665243339535E-01
   358   34.010000             179200  6.4998163787049112E-01
   359   34.105000             179200  6.4816551418738999E-01
   360   34.200000             179200  6.4676826484632544E-01
   361   34.295000             179200  6.4584088252636540E-01
   362   34.390000             179200  6.4546107950416509E-01
   363   34.485000             179200  6.4572667233487935E-01
   364   34.580000             179200  6.4672569190257878E-01
   365   34.675000             179200  6.4849990841989735E-01
   366   34.770000             179200  6.5103000288912904E-01
   367   34.865000             179200  6.5424033281927940E-01
   368   34.960000             179200  6.5800562462848267E-01
   369   35.055000             179200  6.6215693423405031E-01
   370   35.150000             179200  6.6649358535036629E-01
   371   35.245000             179200  6.7080022916820625E-01
   372   35.340000             179200  6.7486366567456291E-01
   373   35.435000             179200  6.7848709542584418E-01
   374   35.530000             179200  6.8150370473600197E-01
   375   35.625000             179200  6.8378827766964245E-01
   376   35.720000             179200  6.8525968651670377E-01
   377   35.815000             179200  6.8587478693075310E-01
   378   35.910000             179200  6.8562146508140487E-01
   379   36.005000             179200  6.8451059820851512E-01
   380   36.100000             179200  6.8256485542654244E-01
   381   36.195000             179200  6.7980926448028800E-01
   382   36.290000             179200  6.7626732595501848E-01
   383   36.385000             179200  6.7196422692787650E-01
   384   36.480000             179200  6.6693577281722494E-01
   385   36.575000             179200  6.6123802924086661E-01
   386   36.670000             179200  6.5495750234435446E-01
   387   36.765000             179200  6.4821857491046353E-01
   388   36.860000             179200  6.4117858759443780E-01
   389   36.955000             179200  6.3401381718389227E-01
   390   37.050000             179200  6.2690823435130860E-01
   391   37.145000             179200  6.2004520358457071E-01
   392   37.240000             179200  6.1359667013231878E-01
   393   37.335000             179200  6.0771319040498661E-01
   394   37.430000             179200  6.0251889041404649E-01
   395   37.525000             179200  5.9810935913724639E-01
   396   37.620000             179200  5.9455068646067077E-01
   397   37.715000             179200  5.9188052126244994E-01
   398   37.810000             179200  5.9011302500305440E-01
   399   37.905000             179200  5.8924901752505954E-01
   400   38.000000             179200  5.8928871425510621E-01
   401   38.095000             179200  5.9023715323079773E-01
   402   38.190000             179200  5.9209562836019591E-01
   403   38.285000             179200  5.9484555172413811E-01
   404   38.380000             179200  5.9843600657507157E-01
   405   38.475000             179200  6.0278171929394253E-01
   406   38.570000             179200  6.0776931519601596E-01
   407   38.665000             179200  6.1326349443533479E-01
   408   38.760000             179200  6.1910926005128120E-01
   409   38.855000             179200  6.2513182164686953E-01
   410   38.950000             179200  6.3113729468465585E-01
   411   39.045000             179200  6.3691262493183209E-01
   412   39.140000             179200  6.4222617244783053E-01
   413   39.235000             179200  6.4684581038575761E-01
   414   39.330000             179200  6.5057759073738786E-01
   415   39.425000             179200  6.5330201769313490E-01
   416   39.520000             179200  6.5499127744273333E-01
   417   39.615000             179200  6.5570485866294925E-01
   418   39.710000             179200  6.5556684666709542E-01
   419   39.805000             179200  6.5473785577734644E-01
   420   39.900000             179200  6.5340240571827701E-01
   421   39.995000             179200  6.5177207663599901E-01
   422   40.090000             179200  6.5006985943007489E-01
