! Kinetic energy for species "electrons-down"
  Iter        Time          Total Par.             Kin. Energy
     0   0.0000000             179200  7.5662363595734961E-01
     1  0.95000000E-01         179200  7.5662331038732078E-01
     2  0.19000000             179200  7.5662233799196255E-01
     3  0.28500000             179200  7.5662073162445576E-01
     4  0.38000000             179200  7.5661851236392774E-01
     5  0.47500000             179200  7.5661570908086340E-01
     6  0.57000000             179200  7.5661235804468685E-01
     7  0.66500000             179200  7.5660850252426182E-01
     8  0.76000000             179200  7.5660419229114806E-01
     9  0.85500000             179200  7.5659948300154301E-01
    10  0.95000000             179200  7.5659443544956650E-01
    11   1.0450000             179200  7.5658911478133062E-01
    12   1.1400000             179200  7.5658358973501283E-01
    13   1.2350000             179200  7.5657793174111654E-01
    14   1.3300000             179200  7.5657221385073881E-01
    15   1.4250000             179200  7.5656650978251516E-01
    16   1.5200000             179200  7.5656089309310326E-01
    17   1.6150000             179200  7.5655543619178900E-01
    18   1.7100000             179200  7.5655020936911455E-01
    19   1.8050000             179200  7.5654528008680710E-01
    20   1.9000000             179200  7.5654071214091934E-01
    21   1.9950000             179200  7.5653656451397611E-01
    22   2.0900000             179200  7.5653289054783879E-01
    23   2.1850000             179200  7.5652973762632425E-01
    24   2.2800000             179200  7.5652714660994036E-01
    25   2.3750000             179200  7.5652515082062388E-01
    26   2.4700000             179200  7.5652377538420523E-01
    27   2.5650000             179200  7.5652303730753157E-01
    28   2.6600000             179200  7.5652294577609402E-01
    29   2.7550000             179200  7.5652350219706332E-01
    30   2.8500000             179200  7.5652469987592941E-01
    31   2.9450000             179200  7.5652652351997629E-01
    32   3.0400000             179200  7.5652894920116398E-01
    33   3.1350000             179200  7.5653194508740995E-01
    34   3.2300000             179200  7.5653547226750206E-01
    35   3.3250000             179200  7.5653948521857250E-01
    36   3.4200000             179200  7.5654393234312933E-01
    37   3.5150000             179200  7.5654875648492792E-01
    38   3.6100000             179200  7.5655389497904224E-01
    39   3.7050000             179200  7.5655928013654272E-01
    40   3.8000000             179200  7.5656484109467970E-01
    41   3.8950000             179200  7.5657050578373986E-01
    42   3.9900000             179200  7.5657620147430715E-01
    43   4.0850000             179200  7.5658185458304628E-01
    44   4.1800000             179200  7.5658739121319940E-01
    45   4.2750000             179200  7.5659273865329069E-01
    46   4.3700000             179200  7.5659782705557088E-01
    47   4.4650000             179200  7.5660259038464628E-01
    48   4.5600000             179200  7.5660696648287762E-01
    49   4.6550000             179200  7.5661089747483257E-01
    50   4.7500000             179200  7.5661433147417401E-01
    51   4.8450000             179200  7.5661722414506538E-01
    52   4.9400000             179200  7.5661953819031136E-01
    53   5.0350000             179200  7.5662124198299163E-01
    54   5.1300000             179200  7.5662231011362846E-01
    55   5.2250000             179200  7.5662272565589950E-01
    56   5.3200000             179200  7.5662248157048628E-01
    57   5.4150000             179200  7.5662158025873161E-01
    58   5.5100000             179200  7.5662003229075458E-01
    59   5.6050000             179200  7.5661785548039484E-01
    60   5.7000000             179200  7.5661507497649638E-01
    61   5.7950000             179200  7.5661172389329479E-01
    62   5.8900000             179200  7.5660784300276318E-01
    63   5.9850000             179200  7.5660347930251359E-01
    64   6.0800000             179200  7.5659868499631244E-01
    65   6.1750000             179200  7.5659351737281622E-01
    66   6.2700000             179200  7.5658803844022327E-01
    67   6.3650000             179200  7.5658231401905363E-01
    68   6.4600000             179200  7.5657641290490596E-01
    69   6.5550000             179200  7.5657040565361133E-01
    70   6.6500000             179200  7.5656436267504734E-01
    71   6.7450000             179200  7.5655835327015253E-01
    72   6.8400000             179200  7.5655244630019514E-01
    73   6.9350000             179200  7.5654671000539442E-01
    74   7.0300000             179200  7.5654120954427229E-01
    75   7.1250000             179200  7.5653600476496763E-01
    76   7.2200000             179200  7.5653115029596152E-01
    77   7.3150000             179200  7.5652669640987025E-01
    78   7.4100000             179200  7.5652268842832404E-01
    79   7.5050000             179200  7.5651916440510303E-01
    80   7.6000000             179200  7.5651615243973036E-01
    81   7.6950000             179200  7.5651366978058132E-01
    82   7.7900000             179200  7.5651172456961124E-01
    83   7.8850000             179200  7.5651031784807876E-01
    84   7.9800000             179200  7.5650944310518375E-01
    85   8.0750000             179200  7.5650908432247088E-01
    86   8.1700000             179200  7.5650921527863357E-01
    87   8.2650000             179200  7.5650980043684302E-01
    88   8.3600000             179200  7.5651079538326571E-01
    89   8.4550000             179200  7.5651214543706136E-01
    90   8.5500000             179200  7.5651378361162347E-01
    91   8.6450000             179200  7.5651563122186394E-01
    92   8.7400000             179200  7.5651760317673566E-01
    93   8.8350000             179200  7.5651961495854403E-01
    94   8.9300000             179200  7.5652158481325227E-01
    95   9.0250000             179200  7.5652342807350414E-01
    96   9.1200000             179200  7.5652504783635122E-01
    97   9.2150000             179200  7.5652632939037856E-01
    98   9.3100000             179200  7.5652714219203532E-01
    99   9.4050000             179200  7.5652734748131600E-01
   100   9.5000000             179200  7.5652680658360860E-01
   101   9.5950000             179200  7.5652538563331395E-01
   102   9.6900000             179200  7.5652295578469331E-01
   103   9.7850000             179200  7.5651939113170774E-01
   104   9.8800000             179200  7.5651456633183478E-01
   105   9.9750000             179200  7.5650835325270371E-01
   106   10.070000             179200  7.5650061587183881E-01
   107   10.165000             179200  7.5649120660496783E-01
   108   10.260000             179200  7.5647996924255068E-01
   109   10.355000             179200  7.5646674836309880E-01
   110   10.450000             179200  7.5645139705605224E-01
   111   10.545000             179200  7.5643377428050484E-01
   112   10.640000             179200  7.5641373225136266E-01
   113   10.735000             179200  7.5639110300305501E-01
   114   10.830000             179200  7.5636569263332554E-01
   115   10.925000             179200  7.5633728449707283E-01
   116   11.020000             179200  7.5630564756806606E-01
   117   11.115000             179200  7.5627054545884687E-01
   118   11.210000             179200  7.5623174131249504E-01
   119   11.305000             179200  7.5618899389040095E-01
   120   11.400000             179200  7.5614204448135591E-01
   121   11.495000             179200  7.5609060050115340E-01
   122   11.590000             179200  7.5603432326735731E-01
   123   11.685000             179200  7.5597282397317689E-01
   124   11.780000             179200  7.5590566703359641E-01
   125   11.875000             179200  7.5583237599467445E-01
   126   11.970000             179200  7.5575243637777201E-01
   127   12.065000             179200  7.5566529376304858E-01
   128   12.160000             179200  7.5557035016505891E-01
   129   12.255000             179200  7.5546696210412900E-01
   130   12.350000             179200  7.5535443872438990E-01
   131   12.445000             179200  7.5523203238221626E-01
   132   12.540000             179200  7.5509891498984527E-01
   133   12.635000             179200  7.5495414632364177E-01
   134   12.730000             179200  7.5479665649977756E-01
   135   12.825000             179200  7.5462526375861272E-01
   136   12.920000             179200  7.5443872685617819E-01
   137   13.015000             179200  7.5423580640183718E-01
   138   13.110000             179200  7.5401529813673396E-01
   139   13.205000             179200  7.5377600970946779E-01
   140   13.300000             179200  7.5351668658489546E-01
   141   13.395000             179200  7.5323593486164864E-01
   142   13.490000             179200  7.5293219152222823E-01
   143   13.585000             179200  7.5260375059124340E-01
   144   13.680000             179200  7.5224882401275706E-01
   145   13.775000             179200  7.5186561975250110E-01
   146   13.870000             179200  7.5145241921301842E-01
   147   13.965000             179200  7.5100761816005179E-01
   148   14.060000             179200  7.5052970740183134E-01
   149   14.155000             179200  7.5001722150835937E-01
   150   14.250000             179200  7.4946870034713475E-01
   151   14.345000             179200  7.4888268186677531E-01
   152   14.440000             179200  7.4825773555268205E-01
   153   14.535000             179200  7.4759253282711735E-01
   154   14.630000             179200  7.4688591119799641E-01
   155   14.725000             179200  7.4613688194291594E-01
   156   14.820000             179200  7.4534458999848141E-01
   157   14.915000             179200  7.4450827200373215E-01
   158   15.010000             179200  7.4362722402723103E-01
   159   15.105000             179200  7.4270077444567206E-01
   160   15.200000             179200  7.4172828258918599E-01
   161   15.295000             179200  7.4070916651251117E-01
   162   15.390000             179200  7.3964290569032476E-01
   163   15.485000             179200  7.3852898725119864E-01
   164   15.580000             179200  7.3736685066111740E-01
   165   15.675000             179200  7.3615588685850386E-01
   166   15.770000             179200  7.3489545736916151E-01
   167   15.865000             179200  7.3358489269295968E-01
   168   15.960000             179200  7.3222352171953431E-01
   169   16.055000             179200  7.3081082250086049E-01
   170   16.150000             179200  7.2934665209385985E-01
   171   16.245000             179200  7.2783153843402704E-01
   172   16.340000             179200  7.2626712075368660E-01
   173   16.435000             179200  7.2465668683968643E-01
   174   16.530000             179200  7.2300564324903349E-01
   175   16.625000             179200  7.2132183859405119E-01
   176   16.720000             179200  7.1961580483350573E-01
   177   16.815000             179200  7.1790083823575246E-01
   178   16.910000             179200  7.1619277708629925E-01
   179   17.005000             179200  7.1450963726773742E-01
   180   17.100000             179200  7.1287130407420296E-01
   181   17.195000             179200  7.1129928166631839E-01
   182   17.290000             179200  7.0981639130835061E-01
   183   17.385000             179200  7.0844632175504985E-01
   184   17.480000             179200  7.0721311336668058E-01
   185   17.575000             179200  7.0614062326554417E-01
   186   17.670000             179200  7.0525171116791596E-01
   187   17.765000             179200  7.0456702862003184E-01
   188   17.860000             179200  7.0410388454900064E-01
   189   17.955000             179200  7.0387549791745663E-01
   190   18.050000             179200  7.0389027005499949E-01
   191   18.145000             179200  7.0415111251949036E-01
   192   18.240000             179200  7.0465580949363160E-01
   193   18.335000             179200  7.0539813937802531E-01
   194   18.430000             179200  7.0636831420558777E-01
   195   18.525000             179200  7.0755307535811096E-01
   196   18.620000             179200  7.0893649049053487E-01
   197   18.715000             179200  7.1050059019094214E-01
   198   18.810000             179200  7.1222499780344306E-01
   199   18.905000             179200  7.1408676868555032E-01
   200   19.000000             179200  7.1606126355477706E-01
   201   19.095000             179200  7.1812282347221013E-01
   202   19.190000             179200  7.2024457969262468E-01
   203   19.285000             179200  7.2239815675913766E-01
   204   19.380000             179200  7.2455346118266706E-01
   205   19.475000             179200  7.2667843586501824E-01
   206   19.570000             179200  7.2873931593552843E-01
   207   19.665000             179200  7.3070128310319149E-01
   208   19.760000             179200  7.3252873013179221E-01
   209   19.855000             179200  7.3418561172907171E-01
   210   19.950000             179200  7.3563649471096537E-01
   211   20.045000             179200  7.3684779056919170E-01
   212   20.140000             179200  7.3778862937348078E-01
   213   20.235000             179200  7.3843164719216303E-01
   214   20.330000             179200  7.3875405057129906E-01
   215   20.425000             179200  7.3873860905464672E-01
   216   20.520000             179200  7.3837414147087532E-01
   217   20.615000             179200  7.3765539701645455E-01
   218   20.710000             179200  7.3658231804902397E-01
   219   20.805000             179200  7.3515891590032845E-01
   220   20.900000             179200  7.3339278079797521E-01
   221   20.995000             179200  7.3129609332410883E-01
   222   21.090000             179200  7.2888655228380772E-01
   223   21.185000             179200  7.2618615552335486E-01
   224   21.280000             179200  7.2321933759131851E-01
   225   21.375000             179200  7.2001357751457795E-01
   226   21.470000             179200  7.1660181543544921E-01
   227   21.565000             179200  7.1302327741423166E-01
   228   21.660000             179200  7.0932198284505699E-01
   229   21.755000             179200  7.0554492477927711E-01
   230   21.850000             179200  7.0174124065092114E-01
   231   21.945000             179200  6.9796188359832234E-01
   232   22.040000             179200  6.9425904158566532E-01
   233   22.135000             179200  6.9068464404584895E-01
   234   22.230000             179200  6.8728751696071311E-01
   235   22.325000             179200  6.8411048022822152E-01
   236   22.420000             179200  6.8118925215770187E-01
   237   22.515000             179200  6.7855269976720944E-01
   238   22.610000             179200  6.7622219199353106E-01
   239   22.705000             179200  6.7420908879721020E-01
   240   22.800000             179200  6.7251350229373652E-01
   241   22.895000             179200  6.7112799703405990E-01
   242   22.990000             179200  6.7004326334054498E-01
   243   23.085000             179200  6.6924987129346192E-01
   244   23.180000             179200  6.6873623713937180E-01
   245   23.275000             179200  6.6848806127436378E-01
   246   23.370000             179200  6.6849172049919803E-01
   247   23.465000             179200  6.6873798518290672E-01
   248   23.560000             179200  6.6922203623069110E-01
   249   23.655000             179200  6.6994099670551721E-01
   250   23.750000             179200  6.7089234292800093E-01
   251   23.845000             179200  6.7207461406609759E-01
   252   23.940000             179200  6.7348891345480455E-01
   253   24.035000             179200  6.7513846793625321E-01
   254   24.130000             179200  6.7702593254847865E-01
   255   24.225000             179200  6.7915105777580198E-01
   256   24.320000             179200  6.8151033317579224E-01
   257   24.415000             179200  6.8409700889046854E-01
   258   24.510000             179200  6.8690026736575982E-01
   259   24.605000             179200  6.8990410354506626E-01
   260   24.700000             179200  6.9308532542391010E-01
   261   24.795000             179200  6.9641083288108274E-01
   262   24.890000             179200  6.9983742938308258E-01
   263   24.985000             179200  7.0331454289957684E-01
   264   25.080000             179200  7.0678596921176284E-01
   265   25.175000             179200  7.1019094371643732E-01
   266   25.270000             179200  7.1346809860367366E-01
   267   25.365000             179200  7.1656027764693242E-01
   268   25.460000             179200  7.1941609144462282E-01
   269   25.555000             179200  7.2198960097271980E-01
   270   25.650000             179200  7.2424082891874564E-01
   271   25.745000             179200  7.2613626267204068E-01
   272   25.840000             179200  7.2764848960245954E-01
   273   25.935000             179200  7.2875487971880348E-01
   274   26.030000             179200  7.2943466457969353E-01
   275   26.125000             179200  7.2966640120388615E-01
   276   26.220000             179200  7.2942989319777707E-01
   277   26.315000             179200  7.2871037714503784E-01
   278   26.410000             179200  7.2749904178361047E-01
   279   26.505000             179200  7.2579371586102170E-01
   280   26.600000             179200  7.2360394632857683E-01
   281   26.695000             179200  7.2095344486488244E-01
   282   26.790000             179200  7.1787625034638047E-01
   283   26.885000             179200  7.1441325932307809E-01
   284   26.980000             179200  7.1061209789427038E-01
   285   27.075000             179200  7.0652527939874232E-01
   286   27.170000             179200  7.0220443198213889E-01
   287   27.265000             179200  6.9769616704719750E-01
   288   27.360000             179200  6.9304432001112515E-01
   289   27.455000             179200  6.8829354784563068E-01
   290   27.550000             179200  6.8349106261451176E-01
   291   27.645000             179200  6.7868879950191130E-01
   292   27.740000             179200  6.7394269556061270E-01
   293   27.835000             179200  6.6930589039821653E-01
   294   27.930000             179200  6.6481996468826776E-01
   295   28.025000             179200  6.6050977223941576E-01
   296   28.120000             179200  6.5638453737176961E-01
   297   28.215000             179200  6.5244385401101979E-01
   298   28.310000             179200  6.4868379696369161E-01
   299   28.405000             179200  6.4510011748529239E-01
   300   28.500000             179200  6.4169196886742685E-01
   301   28.595000             179200  6.3847085341800192E-01
   302   28.690000             179200  6.3546877158685811E-01
   303   28.785000             179200  6.3273715912074446E-01
   304   28.880000             179200  6.3033735730908136E-01
   305   28.975000             179200  6.2832603755155469E-01
   306   29.070000             179200  6.2674439018428207E-01
   307   29.165000             179200  6.2561737588227295E-01
   308   29.260000             179200  6.2495747491444176E-01
   309   29.355000             179200  6.2476390049848851E-01
   310   29.450000             179200  6.2501937494625504E-01
   311   29.545000             179200  6.2569013952754116E-01
   312   29.640000             179200  6.2672721902492867E-01
   313   29.735000             179200  6.2806977247848006E-01
   314   29.830000             179200  6.2964888742189173E-01
   315   29.925000             179200  6.3139322378453300E-01
   316   30.020000             179200  6.3323792082706243E-01
   317   30.115000             179200  6.3513177621452144E-01
   318   30.210000             179200  6.3704093967684172E-01
   319   30.305000             179200  6.3895200391037343E-01
   320   30.400000             179200  6.4087247177039863E-01
   321   30.495000             179200  6.4281967580644306E-01
   322   30.590000             179200  6.4480141556090542E-01
   323   30.685000             179200  6.4680237636682758E-01
   324   30.780000             179200  6.4878479035123471E-01
   325   30.875000             179200  6.5069424112559582E-01
   326   30.970000             179200  6.5246671193510153E-01
   327   31.065000             179200  6.5403770612260370E-01
   328   31.160000             179200  6.5534712605612255E-01
   329   31.255000             179200  6.5633987310860986E-01
   330   31.350000             179200  6.5696666192099729E-01
   331   31.445000             179200  6.5718474296941376E-01
   332   31.540000             179200  6.5694751941837581E-01
   333   31.635000             179200  6.5619417965179494E-01
   334   31.730000             179200  6.5485717790968012E-01
   335   31.825000             179200  6.5287954936913395E-01
   336   31.920000             179200  6.5023133443203873E-01
   337   32.015000             179200  6.4692370837414503E-01
   338   32.110000             179200  6.4302042527272896E-01
   339   32.205000             179200  6.3864097540691378E-01
   340   32.300000             179200  6.3395255558731722E-01
   341   32.395000             179200  6.2915442423495738E-01
   342   32.490000             179200  6.2445846854887899E-01
   343   32.585000             179200  6.2006247226296396E-01
   344   32.680000             179200  6.1611755829835402E-01
   345   32.775000             179200  6.1270743021368579E-01
   346   32.870000             179200  6.0985726808966889E-01
   347   32.965000             179200  6.0757224845531721E-01
   348   33.060000             179200  6.0588028096054192E-01
   349   33.155000             179200  6.0484743378031069E-01
   350   33.250000             179200  6.0455839290860280E-01
   351   33.345000             179200  6.0508416446867808E-01
   352   33.440000             179200  6.0645999602004164E-01
   353   33.535000             179200  6.0867909467621883E-01
   354   33.630000             179200  6.1170049708628693E-01
   355   33.725000             179200  6.1546230573713268E-01
   356   33.820000             179200  6.1988594372539918E-01
   357   33.915000             179200  6.2486450484684219E-01
   358   34.010000             179200  6.3024863809514331E-01
   359   34.105000             179200  6.3584899121115723E-01
   360   34.200000             179200  6.4145758588654711E-01
   361   34.295000             179200  6.4687666030503999E-01
   362   34.390000             179200  6.5194162045838100E-01
   363   34.485000             179200  6.5653472617508712E-01
   364   34.580000             179200  6.6059158437447452E-01
   365   34.675000             179200  6.6409414074039097E-01
   366   34.770000             179200  6.6705254423908689E-01
   367   34.865000             179200  6.6949307876293263E-01
   368   34.960000             179200  6.7145659767894328E-01
   369   35.055000             179200  6.7300008351474760E-01
   370   35.150000             179200  6.7418982025297691E-01
   371   35.245000             179200  6.7508569969674870E-01
   372   35.340000             179200  6.7573220663392164E-01
   373   35.435000             179200  6.7615929611170877E-01
   374   35.530000             179200  6.7638549014557747E-01
   375   35.625000             179200  6.7642258985941051E-01
   376   35.720000             179200  6.7628656977909007E-01
   377   35.815000             179200  6.7601210567227255E-01
   378   35.910000             179200  6.7566253342712179E-01
   379   36.005000             179200  6.7533491604266316E-01
   380   36.100000             179200  6.7516286876959208E-01
   381   36.195000             179200  6.7530903582925117E-01
   382   36.290000             179200  6.7594266009867254E-01
   383   36.385000             179200  6.7721027459266114E-01
   384   36.480000             179200  6.7920594977435911E-01
   385   36.575000             179200  6.8194904974641257E-01
   386   36.670000             179200  6.8538085857042375E-01
   387   36.765000             179200  6.8938017954429320E-01
   388   36.860000             179200  6.9378581657491045E-01
   389   36.955000             179200  6.9841725178153902E-01
   390   37.050000             179200  7.0308915333054678E-01
   391   37.145000             179200  7.0761988390751274E-01
   392   37.240000             179200  7.1183898258518652E-01
   393   37.335000             179200  7.1559442323188649E-01
   394   37.430000             179200  7.1876199452150580E-01
   395   37.525000             179200  7.2125278512264024E-01
   396   37.620000             179200  7.2300890494678161E-01
   397   37.715000             179200  7.2399444249176659E-01
   398   37.810000             179200  7.2419409896385645E-01
   399   37.905000             179200  7.2361932391611150E-01
   400   38.000000             179200  7.2231543130009279E-01
   401   38.095000             179200  7.2036668493343892E-01
   402   38.190000             179200  7.1790116961025408E-01
   403   38.285000             179200  7.1509031080161189E-01
   404   38.380000             179200  7.1213622221544104E-01
   405   38.475000             179200  7.0924927076112132E-01
   406   38.570000             179200  7.0661993001138090E-01
   407   38.665000             179200  7.0439245954928653E-01
   408   38.760000             179200  7.0265071568221604E-01
   409   38.855000             179200  7.0142204449826828E-01
   410   38.950000             179200  7.0069488668038460E-01
   411   39.045000             179200  7.0043061735674494E-01
   412   39.140000             179200  7.0056174781994007E-01
   413   39.235000             179200  7.0099309358112927E-01
   414   39.330000             179200  7.0161230275588915E-01
   415   39.425000             179200  7.0230847385540662E-01
   416   39.520000             179200  7.0300469426453127E-01
   417   39.615000             179200  7.0368401730925079E-01
   418   39.710000             179200  7.0438172822204659E-01
   419   39.805000             179200  7.0515715184191230E-01
   420   39.900000             179200  7.0606843376854278E-01
   421   39.995000             179200  7.0715947902082854E-01
   422   40.090000             179200  7.0846366978548625E-01
