! EM field energy per field component
  Iter        Time                          B1                      B2                      B3                      E1                      E2                      E3
     0   0.0000000      0.0000000000000000E+00  0.0000000000000000E+00  0.0000000000000000E+00  0.0000000000000000E+00  0.0000000000000000E+00  0.0000000000000000E+00
     1  0.95000000E-01  0.0000000000000000E+00  5.8366968102484778E-11  6.4614201990391954E-11  5.5331385764861612E-10  8.4781955872661085E-10  6.6354806709260711E-10
     2  0.19000000      0.0000000000000000E+00  6.4473641618269234E-10  7.0263501340874923E-10  2.1797155372914335E-09  2.5212957984506021E-09  1.8501769864048732E-09
     3  0.28500000      0.0000000000000000E+00  1.9627486702196261E-09  2.0472951318066623E-09  4.7857003894602278E-09  4.2369057437713365E-09  2.7047441053393958E-09
     4  0.38000000      0.0000000000000000E+00  3.5864413804909749E-09  3.5949902028398172E-09  8.2250141623591268E-09  6.0354368733708287E-09  3.1312999229625372E-09
     5  0.47500000      0.0000000000000000E+00  5.0795403178313378E-09  5.2843229262293669E-09  1.2307241795864869E-08  7.6693586671522733E-09  3.2571316642973673E-09
     6  0.57000000      0.0000000000000000E+00  6.1214674305792186E-09  7.2874725299936677E-09  1.6808948761318476E-08  8.8976197606691179E-09  3.3366837847767050E-09
     7  0.66500000      0.0000000000000000E+00  6.6050792381960473E-09  9.4963226884980931E-09  2.1486678838549776E-08  9.8508320400022503E-09  3.5139673946035618E-09
     8  0.76000000      0.0000000000000000E+00  6.6633956203510760E-09  1.1683181105242002E-08  2.6091084023850448E-08  1.0666420390284005E-08  3.6852101925065779E-09
     9  0.85500000      0.0000000000000000E+00  6.3931126166515825E-09  1.3788138343275291E-08  3.0381303320055700E-08  1.1136848605538491E-08  3.8526340606984908E-09
    10  0.95000000      0.0000000000000000E+00  5.9080479491631615E-09  1.5632269621426758E-08  3.4138661167217744E-08  1.1203782943501843E-08  4.0080481504640085E-09
    11   1.0450000      0.0000000000000000E+00  5.2969774310280564E-09  1.6939917838606073E-08  3.7178931970124536E-08  1.1099100426424120E-08  4.1895530158899224E-09
    12   1.1400000      0.0000000000000000E+00  4.6744132181725976E-09  1.7890325543382539E-08  3.9362425594312606E-08  1.0698043659329372E-08  4.3931523169009615E-09
    13   1.2350000      0.0000000000000000E+00  4.2727575144495037E-09  1.8781064404676640E-08  4.0601293414924183E-08  9.9680535154536091E-09  4.3872201460111131E-09
    14   1.3300000      0.0000000000000000E+00  4.1903804372890285E-09  1.9729910647139177E-08  4.0863601729910403E-08  9.1987691621905133E-09  4.0548407040092802E-09
    15   1.4250000      0.0000000000000000E+00  4.4207738380964105E-09  2.0810062755264302E-08  4.0174073438757131E-08  8.6014486904153204E-09  3.3578631313151786E-09
    16   1.5200000      0.0000000000000000E+00  4.7556133299461746E-09  2.2038696610938870E-08  3.8611456530302408E-08  8.2026964051773697E-09  2.5321637931456870E-09
    17   1.6150000      0.0000000000000000E+00  4.8694937904636736E-09  2.3486295989820303E-08  3.6302685853835627E-08  7.6810146681447262E-09  2.0096563321849519E-09
    18   1.7100000      0.0000000000000000E+00  4.7380360088747661E-09  2.5103909625417561E-08  3.3414223841533949E-08  6.9083938902480852E-09  1.8551400889373339E-09
    19   1.8050000      0.0000000000000000E+00  4.5622540884825867E-09  2.6964924844645283E-08  3.0141153252280516E-08  5.9523305091376579E-09  1.8521046761815953E-09
    20   1.9000000      0.0000000000000000E+00  4.5025596407646775E-09  2.9332078413404862E-08  2.6694779396795652E-08  5.0009011244805917E-09  1.8720782413744020E-09
    21   1.9950000      0.0000000000000000E+00  4.7244007984310214E-09  3.2266716748809884E-08  2.3289523039093981E-08  4.5455899580689407E-09  1.7803571197788425E-09
    22   2.0900000      0.0000000000000000E+00  5.1985310657463178E-09  3.5822932279677045E-08  2.0129883628531648E-08  4.6441172863324388E-09  1.6555543603727368E-09
    23   2.1850000      0.0000000000000000E+00  5.7035464953546922E-09  3.9957776821611908E-08  1.7398295265471014E-08  4.9296900183721080E-09  1.6972813309433642E-09
    24   2.2800000      0.0000000000000000E+00  5.9897614716418616E-09  4.4355501614154712E-08  1.5244635029972325E-08  5.1034997578584573E-09  2.0564294453543303E-09
    25   2.3750000      0.0000000000000000E+00  6.0359889861591831E-09  4.8571155506256490E-08  1.3777897547958572E-08  5.1357235478969305E-09  2.6363967120978063E-09
    26   2.4700000      0.0000000000000000E+00  6.1262852968915848E-09  5.2265755909964303E-08  1.3060672349314812E-08  5.2598969011643467E-09  3.0000068152309520E-09
    27   2.5650000      0.0000000000000000E+00  6.2294958080865838E-09  5.5610542547148139E-08  1.3106691928148831E-08  5.4642848884093062E-09  3.1269955781150380E-09
    28   2.6600000      0.0000000000000000E+00  6.0291116588096396E-09  5.8987798583640648E-08  1.3881495029041596E-08  5.7731420011627260E-09  3.3446387066251420E-09
    29   2.7550000      0.0000000000000000E+00  5.5332945009142995E-09  6.2607094831577213E-08  1.5306042708700997E-08  6.4413649609333120E-09  3.5704810088242616E-09
    30   2.8500000      0.0000000000000000E+00  4.8666941126234866E-09  6.6565072015557213E-08  1.7263064875836529E-08  7.3778287455206308E-09  3.6696392719359174E-09
    31   2.9450000      0.0000000000000000E+00  4.0941865372360076E-09  7.0574204799360245E-08  1.9605725790860391E-08  8.2726241332363321E-09  3.7037579796327200E-09
    32   3.0400000      0.0000000000000000E+00  3.3858884575701565E-09  7.4029835145466281E-08  2.2167918169780820E-08  8.9675836485836204E-09  3.6616612372802290E-09
    33   3.1350000      0.0000000000000000E+00  2.8141234609311542E-09  7.6844282523135119E-08  2.4775526235670795E-08  9.3529403444665168E-09  3.6745875622008812E-09
    34   3.2300000      0.0000000000000000E+00  2.4514941809526910E-09  7.9950013673880757E-08  2.7257930198811940E-08  9.1432638228918687E-09  3.7694108649880470E-09
    35   3.3250000      0.0000000000000000E+00  2.4022872622739089E-09  8.4285716019019589E-08  2.9458987354522422E-08  8.5167151060781029E-09  3.7866846414620343E-09
    36   3.4200000      0.0000000000000000E+00  2.6394305328267466E-09  8.9879020323849852E-08  3.1246796712146282E-08  8.1976302461965214E-09  3.6470519132133694E-09
    37   3.5150000      0.0000000000000000E+00  3.0967986432740715E-09  9.6397946029704946E-08  3.2521618671678799E-08  8.2354089872792198E-09  3.2884728440336405E-09
    38   3.6100000      0.0000000000000000E+00  3.5912401138326479E-09  1.0345489600935802E-07  3.3221481674143068E-08  8.2434618109669158E-09  2.8443259447077627E-09
    39   3.7050000      0.0000000000000000E+00  3.9284825289262649E-09  1.1088219764365752E-07  3.3325154144773705E-08  8.1075596510553120E-09  2.5177973150765976E-09
    40   3.8000000      0.0000000000000000E+00  4.0841921902089208E-09  1.1921953974730472E-07  3.2852340946079578E-08  7.8062622947502848E-09  2.2991635659133896E-09
    41   3.8950000      0.0000000000000000E+00  4.0306930427203007E-09  1.2923835720945405E-07  3.1861109855874848E-08  7.4251902204735620E-09  2.2186298646671445E-09
    42   3.9900000      0.0000000000000000E+00  3.8765574690330587E-09  1.4108433196866569E-07  3.0442862682141142E-08  7.1143081348528786E-09  2.1538000437719919E-09
    43   4.0850000      0.0000000000000000E+00  3.7045419317948825E-09  1.5400644825684127E-07  2.8715197230986195E-08  7.0849861227517723E-09  2.0366759801490773E-09
    44   4.1800000      0.0000000000000000E+00  3.3563069641451303E-09  1.6716674874885319E-07  2.6813112083047043E-08  7.3585341161845516E-09  2.1640460247603953E-09
    45   4.2750000      0.0000000000000000E+00  2.9932416158589180E-09  1.8036659833284526E-07  2.4879256487885041E-08  7.8618828753414798E-09  2.4622123885463980E-09
    46   4.3700000      0.0000000000000000E+00  3.0410173145263895E-09  1.9397199431285312E-07  2.3053924153012338E-08  8.6362923280107303E-09  2.5350188854014197E-09
    47   4.4650000      0.0000000000000000E+00  3.5479139910922914E-09  2.0856252972121555E-07  2.1465334756529890E-08  9.4275640454253332E-09  2.4264523606640637E-09
    48   4.5600000      0.0000000000000000E+00  4.2851780800233662E-09  2.2430968054390858E-07  2.0220933401646693E-08  9.8841207204640164E-09  2.3965663227096550E-09
    49   4.6550000      0.0000000000000000E+00  5.0003618375252500E-09  2.4091816452575788E-07  1.9400275080885323E-08  9.8699818567522274E-09  2.5917866983000814E-09
    50   4.7500000      0.0000000000000000E+00  5.5122401638871370E-09  2.5788987404203794E-07  1.9050004335470949E-08  9.6162706916563716E-09  2.9802237682749247E-09
    51   4.8450000      0.0000000000000000E+00  5.7921955356184577E-09  2.7459546836459089E-07  1.9181187398570435E-08  9.6793622294909656E-09  3.3332952770284667E-09
    52   4.9400000      0.0000000000000000E+00  5.8552806514803210E-09  2.9074145379149374E-07  1.9769168586470476E-08  1.0071225525789356E-08  3.5356968522263450E-09
    53   5.0350000      0.0000000000000000E+00  5.8505789375305239E-09  3.0647857927249141E-07  2.0755924937933366E-08  1.0518971521757250E-08  3.4775146009278970E-09
    54   5.1300000      0.0000000000000000E+00  5.8125527615153726E-09  3.2265902183772596E-07  2.2054677099731533E-08  1.0946948819971694E-08  3.2910877276873309E-09
    55   5.2250000      0.0000000000000000E+00  5.5736274199341217E-09  3.4098150864392656E-07  2.3556467060477282E-08  1.1323490402902343E-08  3.3362348153106392E-09
    56   5.3200000      0.0000000000000000E+00  5.1600877745122015E-09  3.6296961450763415E-07  2.5138239210191355E-08  1.1777920958796571E-08  3.6152581027742575E-09
    57   5.4150000      0.0000000000000000E+00  4.7550683884057350E-09  3.8895811765242555E-07  2.6671802562497350E-08  1.2411412717115711E-08  3.8574941338940289E-09
    58   5.5100000      0.0000000000000000E+00  4.4777547535030901E-09  4.1803470666838419E-07  2.8033060846671389E-08  1.3238516763532044E-08  3.8715787782283164E-09
    59   5.6050000      0.0000000000000000E+00  4.4013966539137768E-09  4.4924509181868673E-07  2.9110916203234850E-08  1.3883521349928870E-08  3.5443951928819040E-09
    60   5.7000000      0.0000000000000000E+00  4.4201981779604570E-09  4.8237882059363369E-07  2.9815198572193251E-08  1.3913812741972833E-08  3.0450143156630038E-09
    61   5.7950000      0.0000000000000000E+00  4.3983673839559134E-09  5.1762584712555959E-07  3.0083122859448112E-08  1.3554180049707152E-08  2.6045111823862755E-09
    62   5.8900000      0.0000000000000000E+00  4.3147484352630810E-09  5.5542093024448295E-07  2.9883762919671232E-08  1.2873482318716039E-08  2.2983446263011977E-09
    63   5.9850000      0.0000000000000000E+00  4.1849594706814023E-09  5.9564097280722297E-07  2.9220307518024616E-08  1.1703294970764933E-08  2.1722329846911308E-09
    64   6.0800000      0.0000000000000000E+00  4.1327859732655500E-09  6.3691874957730179E-07  2.8129993552278136E-08  1.0444337082404144E-08  2.1034980701569827E-09
    65   6.1750000      0.0000000000000000E+00  4.1366077541464256E-09  6.7777705164200806E-07  2.6681656504443123E-08  9.5990809742141580E-09  2.1557147895171336E-09
    66   6.2700000      0.0000000000000000E+00  4.1208724491237974E-09  7.1791987358294218E-07  2.4971059668668622E-08  9.1498743719834511E-09  2.4218398605007298E-09
    67   6.3650000      0.0000000000000000E+00  4.0935397601264549E-09  7.5802899866747873E-07  2.3114350698901079E-08  8.9499449775332714E-09  2.8487575399045928E-09
    68   6.4600000      0.0000000000000000E+00  4.1580423751497137E-09  7.9920169061133544E-07  2.1240113745470491E-08  9.1380287769642356E-09  3.2753129180420276E-09
    69   6.5550000      0.0000000000000000E+00  4.7368445765663502E-09  8.4342994486508876E-07  1.9480581300330301E-08  9.3442434911929955E-09  3.1393589335295956E-09
    70   6.6500000      0.0000000000000000E+00  5.9277130253293313E-09  8.9299502032996211E-07  1.7962592734135286E-08  9.2714888110765665E-09  2.1873044432657695E-09
    71   6.7450000      0.0000000000000000E+00  6.7315575655920451E-09  9.4905086893518580E-07  1.6798873336533710E-08  9.9288543164717971E-09  1.5413303290716208E-09
    72   6.8400000      0.0000000000000000E+00  6.5064001187428074E-09  1.0123543533790091E-06  1.6080266731063421E-08  1.1688889763151229E-08  1.8871919602281538E-09
    73   6.9350000      0.0000000000000000E+00  5.6244327112673855E-09  1.0833979310558835E-06  1.5869396765678862E-08  1.3753121683108383E-08  2.7585646069830983E-09
    74   7.0300000      0.0000000000000000E+00  4.6188827742177421E-09  1.1615983510448664E-06  1.6196222290107828E-08  1.5724492843084212E-08  3.6126892936151939E-09
    75   7.1250000      0.0000000000000000E+00  3.9078295141356758E-09  1.2459953394450272E-06  1.7055792026128151E-08  1.7377569404455681E-08  4.0256351350517010E-09
    76   7.2200000      0.0000000000000000E+00  3.5861550366387997E-09  1.3357336806905561E-06  1.8408348936839063E-08  1.8376331484616396E-08  3.9414827174095615E-09
    77   7.3150000      0.0000000000000000E+00  3.4627954214481281E-09  1.4298119095169884E-06  2.0181685472523054E-08  1.8688652691068014E-08  3.6374889619388840E-09
    78   7.4100000      0.0000000000000000E+00  3.4169969291860074E-09  1.5273580085149873E-06  2.2275686326489465E-08  1.8752248942408335E-08  3.2949323557863888E-09
    79   7.5050000      0.0000000000000000E+00  3.4143312283922955E-09  1.6285630182235966E-06  2.4568756210946470E-08  1.8900149906200076E-08  3.0150147117158679E-09
    80   7.6000000      0.0000000000000000E+00  3.4663984738118256E-09  1.7345958164470500E-06  2.6925715355779524E-08  1.9152554737849808E-08  2.8424486471407421E-09
    81   7.6950000      0.0000000000000000E+00  3.5784008488091927E-09  1.8461811171773198E-06  2.9206550094949270E-08  1.9813120431175473E-08  2.7564339888433587E-09
    82   7.7900000      0.0000000000000000E+00  3.5954495638154679E-09  1.9632048054224599E-06  3.1275526854515321E-08  2.1035980918364087E-08  2.8911904951050905E-09
    83   7.8850000      0.0000000000000000E+00  3.4738224806509897E-09  2.0854235229236483E-06  3.3010015826097486E-08  2.2618551182559838E-08  3.1894204105965510E-09
    84   7.9800000      0.0000000000000000E+00  3.2752645026095326E-09  2.2135566213569557E-06  3.4308394392208367E-08  2.4500342015738747E-08  3.5253673368650781E-09
    85   8.0750000      0.0000000000000000E+00  3.2284800826974194E-09  2.3501825469246546E-06  3.5096557005840538E-08  2.6737362246831637E-08  3.6609985254783714E-09
    86   8.1700000      0.0000000000000000E+00  3.6169622778079351E-09  2.4990596603708053E-06  3.5332675657001266E-08  2.9492141359171582E-08  3.3517374859431117E-09
    87   8.2650000      0.0000000000000000E+00  4.3604007558936728E-09  2.6636319115023130E-06  3.5009881045447135E-08  3.2571502296311794E-08  2.8004292299662801E-09
    88   8.3600000      0.0000000000000000E+00  5.1457348850802906E-09  2.8456146053796417E-06  3.4156624749266590E-08  3.5504830787753411E-08  2.3888442665263998E-09
    89   8.4550000      0.0000000000000000E+00  5.7473514039779691E-09  3.0448061350001215E-06  3.2834742274005523E-08  3.7896097833041126E-08  2.2310577140963157E-09
    90   8.5500000      0.0000000000000000E+00  5.9863530881365606E-09  3.2600643082446393E-06  3.1135329227336387E-08  3.9309376744729888E-08  2.3266525105717723E-09
    91   8.6450000      0.0000000000000000E+00  5.8705720565858344E-09  3.4896812446791429E-06  2.9172779473676837E-08  3.9912079691727143E-08  2.4965079559671236E-09
    92   8.7400000      0.0000000000000000E+00  5.5742208556187948E-09  3.7321120134399858E-06  2.7077341477159498E-08  4.0299097647571290E-08  2.5117721215747424E-09
    93   8.8350000      0.0000000000000000E+00  5.2430194957711688E-09  3.9870660747036589E-06  2.4986626956180009E-08  4.0828639897506015E-08  2.3270328839036113E-09
    94   8.9300000      0.0000000000000000E+00  4.8750187534290905E-09  4.2557079968050578E-06  2.3036710072754763E-08  4.1547467187567149E-08  2.1096685769029747E-09
    95   9.0250000      0.0000000000000000E+00  4.3174433058146692E-09  4.5396871500837564E-06  2.1353371975152807E-08  4.2313682490622502E-08  2.2298320369986140E-09
    96   9.1200000      0.0000000000000000E+00  3.7689833301005791E-09  4.8396903786161386E-06  2.0044040664036393E-08  4.3300952522147653E-08  2.5741964368197775E-09
    97   9.2150000      0.0000000000000000E+00  3.5828370694008267E-09  5.1558459880557629E-06  1.9191042250912477E-08  4.4731178466291117E-08  2.7519699283814758E-09
    98   9.3100000      0.0000000000000000E+00  3.6566013210172651E-09  5.4896095268898216E-06  1.8846487979693952E-08  4.6597245123315033E-08  2.8610652781337970E-09
    99   9.4050000      0.0000000000000000E+00  3.7889757135019316E-09  5.8446931727792198E-06  1.9029117432328831E-08  4.9145316680053394E-08  3.0586906171273740E-09
   100   9.5000000      0.0000000000000000E+00  3.9784451502407846E-09  6.2261735054006946E-06  1.9723310799159731E-08  5.2611809089320303E-08  3.2645775032914753E-09
   101   9.5950000      0.0000000000000000E+00  4.2041133711475032E-09  6.6378354457967318E-06  2.0880393153420436E-08  5.6848505811438988E-08  3.4881540957628408E-09
   102   9.6900000      0.0000000000000000E+00  4.5042547079740801E-09  7.0799794234009113E-06  2.2422033683385084E-08  6.1610526874863561E-08  3.6320739648774541E-09
   103   9.7850000      0.0000000000000000E+00  4.8087063829364114E-09  7.5505324706538969E-06  2.4245501926580816E-08  6.6862916854020355E-08  3.6760015225360604E-09
   104   9.8800000      0.0000000000000000E+00  4.9035814674682556E-09  8.0491161669423921E-06  2.6230435103547985E-08  7.2341171794640502E-08  3.7583408818161589E-09
   105   9.9750000      0.0000000000000000E+00  4.7316178846577439E-09  8.5796679454357869E-06  2.8246677621407723E-08  7.7527605897209129E-08  3.8624989383745650E-09
   106   10.070000      0.0000000000000000E+00  4.3758912141765711E-09  9.1488345350597006E-06  3.0162702633457978E-08  8.2671957030839467E-08  3.9442160744966054E-09
   107   10.165000      0.0000000000000000E+00  4.0926028274919314E-09  9.7630458077637215E-06  3.1853975385366279E-08  8.8277759406917980E-08  3.8542117232668037E-09
   108   10.260000      0.0000000000000000E+00  4.1263125835872473E-09  1.0426397624035158E-05  3.3210817459245028E-08  9.4252547698378852E-08  3.4724717618843200E-09
   109   10.355000      0.0000000000000000E+00  4.4535421692525768E-09  1.1140032417576914E-05  3.4145238946444190E-08  1.0029866072141922E-07  2.9526034276973530E-09
   110   10.450000      0.0000000000000000E+00  4.9644831753697204E-09  1.1903523220500520E-05  3.4596293722090265E-08  1.0609150244621778E-07  2.4093206509005820E-09
   111   10.545000      0.0000000000000000E+00  5.4389522680181597E-09  1.2716500912056671E-05  3.4533672530828968E-08  1.1145060223642455E-07  2.0100132143889085E-09
   112   10.640000      0.0000000000000000E+00  5.7377009898075231E-09  1.3579561259275761E-05  3.3959259871454654E-08  1.1643248217987078E-07  1.8369163799834069E-09
   113   10.735000      0.0000000000000000E+00  6.0257526963087829E-09  1.4494717124083107E-05  3.2906577497261583E-08  1.2142402561356494E-07  1.6189450647152744E-09
   114   10.830000      0.0000000000000000E+00  6.2198660931441922E-09  1.5465974903342139E-05  3.1438160725488495E-08  1.2691215284307486E-07  1.4464311567773498E-09
   115   10.925000      0.0000000000000000E+00  6.0530411773518358E-09  1.6499357231738862E-05  2.9641186944456262E-08  1.3312488096084512E-07  1.6453988480251640E-09
   116   11.020000      0.0000000000000000E+00  5.6346854686557695E-09  1.7601439228707299E-05  2.7621659321044877E-08  1.4036862196389550E-07  2.0477105437745249E-09
   117   11.115000      0.0000000000000000E+00  5.2027240086581053E-09  1.8778236962137231E-05  2.5497455393794305E-08  1.4888788689890055E-07  2.3521634073959374E-09
   118   11.210000      0.0000000000000000E+00  4.8249986908162245E-09  2.0035604401975524E-05  2.3390703949421491E-08  1.5861726739019585E-07  2.5076657853919422E-09
   119   11.305000      0.0000000000000000E+00  4.4556717230734479E-09  2.1380212174435273E-05  2.1420051739755287E-08  1.6927004727648780E-07  2.6260095566504200E-09
   120   11.400000      0.0000000000000000E+00  3.9953863748120926E-09  2.2818846606423306E-05  1.9693338563269953E-08  1.8047775166598691E-07  2.9143478189638320E-09
   121   11.495000      0.0000000000000000E+00  3.4803431767323066E-09  2.4355112956898053E-05  1.8301147043368937E-08  1.9256531478290247E-07  3.3704409641649585E-09
   122   11.590000      0.0000000000000000E+00  2.9841610702486986E-09  2.5988042178164904E-05  1.7311578651874449E-08  2.0625560472436125E-07  3.9226802097454429E-09
   123   11.685000      0.0000000000000000E+00  2.6712438018247964E-09  2.7715842572662070E-05  1.6766592376005909E-08  2.2210683991405754E-07  4.3633407165504193E-09
   124   11.780000      0.0000000000000000E+00  2.7473680707760159E-09  2.9543190791745323E-05  1.6680167801136121E-08  2.4069569681284303E-07  4.3872347987302499E-09
   125   11.875000      0.0000000000000000E+00  3.0634242227216285E-09  3.1487060643556432E-05  1.7038272546193368E-08  2.6230011313733782E-07  4.1267803170798774E-09
   126   11.970000      0.0000000000000000E+00  3.3293776545950723E-09  3.3575212881605311E-05  1.7800623297408465E-08  2.8677640589704803E-07  3.8970762791884969E-09
   127   12.065000      0.0000000000000000E+00  3.4557054557834918E-09  3.5837602017534168E-05  1.8904119069168753E-08  3.1345289624865268E-07  3.7953659566776565E-09
   128   12.160000      0.0000000000000000E+00  3.5007858707072347E-09  3.8296122667214596E-05  2.0267699160675026E-08  3.4133757563362999E-07  3.7761653053260513E-09
   129   12.255000      0.0000000000000000E+00  3.6560682271702577E-09  4.0959074494412970E-05  2.1798234498173649E-08  3.6917799317040196E-07  3.6236939514080384E-09
   130   12.350000      0.0000000000000000E+00  4.0577770887264480E-09  4.3822488249768118E-05  2.3397030048036149E-08  3.9537394565919491E-07  3.1811075167891137E-09
   131   12.445000      0.0000000000000000E+00  4.6351783725811932E-09  4.6875781114551181E-05  2.4966512216872732E-08  4.1928205992711937E-07  2.5791457164463106E-09
   132   12.540000      0.0000000000000000E+00  5.2967451138159511E-09  5.0110691443622803E-05  2.6416534624490321E-08  4.4147189623980989E-07  1.9665432693622909E-09
   133   12.635000      0.0000000000000000E+00  5.9044811876530710E-09  5.3530480086046666E-05  2.7669983191743755E-08  4.6270517921828693E-07  1.5759613990518641E-09
   134   12.730000      0.0000000000000000E+00  6.4650454896888693E-09  5.7153865568292347E-05  2.8667292287311566E-08  4.8401729792885379E-07  1.4041881951154606E-09
   135   12.825000      0.0000000000000000E+00  6.9879423940242985E-09  6.1011428751376602E-05  2.9369608418369215E-08  5.0673120197190567E-07  1.3473328173698970E-09
   136   12.920000      0.0000000000000000E+00  7.2918646701323427E-09  6.5135716775537855E-05  2.9760462814888244E-08  5.3165088890724658E-07  1.4202603203475161E-09
   137   13.015000      0.0000000000000000E+00  7.1079986847523790E-09  6.9549826108060778E-05  2.9845806235140739E-08  5.5881519257762078E-07  1.6435120516857416E-09
   138   13.110000      0.0000000000000000E+00  6.0476509200744147E-09  7.4262090453573615E-05  2.9652454197441103E-08  5.8863364715850786E-07  2.2864711450731495E-09
   139   13.205000      0.0000000000000000E+00  4.2425727659072289E-09  7.9272724175992294E-05  2.9225132636644397E-08  6.2186253911964699E-07  3.2949938886614032E-09
   140   13.300000      0.0000000000000000E+00  2.8121722228521214E-09  8.4587504312054460E-05  2.8622335594566003E-08  6.5881047240546263E-07  3.6460110516461480E-09
   141   13.395000      0.0000000000000000E+00  2.3499108478829736E-09  9.0226825510229252E-05  2.7911354034336202E-08  7.0101751483687336E-07  3.0818972149421619E-09
   142   13.490000      0.0000000000000000E+00  2.3898914585890799E-09  9.6227280866847357E-05  2.7162796295739487E-08  7.5109479842982314E-07  2.5439041975396931E-09
   143   13.585000      0.0000000000000000E+00  2.5536574188389765E-09  1.0263762227874282E-04  2.6445047902641515E-08  8.1033069915600629E-07  2.5656742133365983E-09
   144   13.680000      0.0000000000000000E+00  2.7009806244301318E-09  1.0951158974701887E-04  2.5819117204585422E-08  8.7875857317534538E-07  3.2216793706015376E-09
   145   13.775000      0.0000000000000000E+00  2.9582215140843665E-09  1.1690310493548554E-04  2.5334145643667990E-08  9.5550849943805814E-07  4.1169976710391220E-09
   146   13.870000      0.0000000000000000E+00  3.5466816225189976E-09  1.2486392390100601E-04  2.5023932639600208E-08  1.0386068470531490E-06  4.7067812097423613E-09
   147   13.965000      0.0000000000000000E+00  4.4428126506517301E-09  1.3344025219030935E-04  2.4904719556655121E-08  1.1252804471360205E-06  4.7869438120488034E-09
   148   14.060000      0.0000000000000000E+00  5.4395846450523807E-09  1.4266772889535330E-04  2.4974443043813293E-08  1.2129060604140247E-06  4.4475771499637360E-09
   149   14.155000      0.0000000000000000E+00  6.3160370379578297E-09  1.5256803099563217E-04  2.5213374906593266E-08  1.2996036649996361E-06  3.8644625362707086E-09
   150   14.250000      0.0000000000000000E+00  6.8871354119157287E-09  1.6315039803275797E-04  2.5586094233596339E-08  1.3841462028541011E-06  3.2743366468165150E-09
   151   14.345000      0.0000000000000000E+00  7.1628396979005506E-09  1.7441852082557231E-04  2.6044745925482023E-08  1.4667674818431681E-06  2.6966690076799878E-09
   152   14.440000      0.0000000000000000E+00  7.1111286757263035E-09  1.8638257958230643E-04  2.6533281015151587E-08  1.5494953979183151E-06  2.2395484682753592E-09
   153   14.535000      0.0000000000000000E+00  6.7099382125617554E-09  1.9907237732731651E-04  2.6992269244171403E-08  1.6352627323628926E-06  1.9899407129085841E-09
   154   14.630000      0.0000000000000000E+00  5.9811921214334011E-09  2.1254391685160382E-04  2.7364050182214398E-08  1.7273488370295663E-06  1.9922332440683528E-09
   155   14.725000      0.0000000000000000E+00  5.0047184535989615E-09  2.2687551656655762E-04  2.7597765600419346E-08  1.8287764566782414E-06  2.2656008646596104E-09
   156   14.820000      0.0000000000000000E+00  4.1370894809550933E-09  2.4215568781537174E-04  2.7653831297092855E-08  1.9421967213833388E-06  2.4787915638655016E-09
   157   14.915000      0.0000000000000000E+00  3.6767274750459226E-09  2.5847152330226336E-04  2.7507576034054302E-08  2.0697401867325591E-06  2.3457501327520287E-09
   158   15.010000      0.0000000000000000E+00  3.5552789243524042E-09  2.7590553608257217E-04  2.7151857176519378E-08  2.2127730371152602E-06  1.9953176233677619E-09
   159   15.105000      0.0000000000000000E+00  3.5713859155596858E-09  2.9454152400795351E-04  2.6598332858934066E-08  2.3722912207673958E-06  1.6663747993120130E-09
   160   15.200000      0.0000000000000000E+00  3.5081910080071695E-09  3.1447383456631071E-04  2.5877270892271330E-08  2.5484588002392791E-06  1.6014396849254749E-09
   161   15.295000      0.0000000000000000E+00  3.2388255997974767E-09  3.3581047334118241E-04  2.5035907190362641E-08  2.7406603709658949E-06  1.9492904497206484E-09
   162   15.390000      0.0000000000000000E+00  2.8834149134889571E-09  3.5866667860946625E-04  2.4135533056056556E-08  2.9479906605266779E-06  2.5665250136692629E-09
   163   15.485000      0.0000000000000000E+00  2.6986132579835050E-09  3.8315401520901691E-04  2.3247451800172230E-08  3.1691527444393261E-06  3.1714639781379834E-09
   164   15.580000      0.0000000000000000E+00  2.9248652139474234E-09  4.0937265514715291E-04  2.2448020123381876E-08  3.4026186505780156E-06  3.4379373817814796E-09
   165   15.675000      0.0000000000000000E+00  3.3663857983850931E-09  4.3741289288729994E-04  2.1813220240726812E-08  3.6468274673136633E-06  3.5408797922949576E-09
   166   15.770000      0.0000000000000000E+00  3.6933471874021735E-09  4.6736540630312420E-04  2.1413101314441914E-08  3.9009653242793510E-06  3.8408905498384749E-09
   167   15.865000      0.0000000000000000E+00  4.0432347265728287E-09  4.9933498989196206E-04  2.1306524455572307E-08  4.1653852031943159E-06  4.1382976269949426E-09
   168   15.960000      0.0000000000000000E+00  4.5776909155647594E-09  5.3344971864779987E-04  2.1536486873626067E-08  4.4408305229886724E-06  4.2156636447449818E-09
   169   16.055000      0.0000000000000000E+00  5.1807338048958708E-09  5.6985806162280345E-04  2.2126496568630233E-08  4.7283620950581867E-06  4.1587553572998317E-09
   170   16.150000      0.0000000000000000E+00  5.7507746566284082E-09  6.0871588153111071E-04  2.3078153119615007E-08  5.0296528296942716E-06  3.9694115159603518E-09
   171   16.245000      0.0000000000000000E+00  6.1472783319982120E-09  6.5017439297226096E-04  2.4370099908237038E-08  5.3469396650765868E-06  3.7281538809573550E-09
   172   16.340000      0.0000000000000000E+00  6.3112624950822255E-09  6.9438075213736062E-04  2.5958565331922584E-08  5.6832236249455846E-06  3.4697151472517433E-09
   173   16.435000      0.0000000000000000E+00  6.3425103241753083E-09  7.4149390446964054E-04  2.7779549025936367E-08  6.0427836099277130E-06  3.0828289665477902E-09
   174   16.530000      0.0000000000000000E+00  6.2533597980598391E-09  7.9170561136167762E-04  2.9752389590261757E-08  6.4307430668636656E-06  2.6461965942333691E-09
   175   16.625000      0.0000000000000000E+00  6.0596533783104778E-09  8.4525041474325588E-04  3.1784474502717913E-08  6.8514000705341540E-06  2.2507466016948948E-09
   176   16.720000      0.0000000000000000E+00  5.7526471471884010E-09  9.0239550197452093E-04  3.3776760003173298E-08  7.3081109575044532E-06  2.0120584239222694E-09
   177   16.815000      0.0000000000000000E+00  5.3457825795984113E-09  9.6342033511300428E-04  3.5629874778668225E-08  7.8038109693122672E-06  1.9888603001191336E-09
   178   16.910000      0.0000000000000000E+00  5.0011223470558662E-09  1.0286041727792931E-03  3.7250581255390521E-08  8.3405184885843589E-06  2.0025078467123753E-09
   179   17.005000      0.0000000000000000E+00  4.7952013280895884E-09  1.0982292263841385E-03  3.8557944336469527E-08  8.9193733707404350E-06  1.9840448569574496E-09
   180   17.100000      0.0000000000000000E+00  4.7545818142357793E-09  1.1725929492239734E-03  3.9488851521013459E-08  9.5407761840146683E-06  1.9148439365654251E-09
   181   17.195000      0.0000000000000000E+00  4.8146224178689806E-09  1.2520151253209879E-03  4.0002232539323021E-08  1.0204431855345634E-05  1.8410426938395564E-09
   182   17.290000      0.0000000000000000E+00  4.7005516555766767E-09  1.3368323797508727E-03  4.0081817781668347E-08  1.0909571295070001E-05  2.0703720783109298E-09
   183   17.385000      0.0000000000000000E+00  4.4539959748474494E-09  1.4273871692548797E-03  3.9737829439017722E-08  1.1655520889099855E-05  2.4899570274619160E-09
   184   17.480000      0.0000000000000000E+00  4.2887205812358642E-09  1.5240249388379604E-03  3.9007029186331147E-08  1.2442518872667812E-05  2.7596845011613756E-09
   185   17.575000      0.0000000000000000E+00  4.0462854711341440E-09  1.6271058817422844E-03  3.7951046165550871E-08  1.3271688163119078E-05  3.0261014614841928E-09
   186   17.670000      0.0000000000000000E+00  3.5729132570550611E-09  1.7370231761112333E-03  3.6653055357700596E-08  1.4145073445273976E-05  3.4688458554315057E-09
   187   17.765000      0.0000000000000000E+00  3.0479539390998643E-09  1.8542144716150611E-03  3.5213359825376020E-08  1.5065415076227974E-05  3.9451798007782870E-09
   188   17.860000      0.0000000000000000E+00  2.7727200228239839E-09  1.9791586054932870E-03  3.3743674494351936E-08  1.6035425556533492E-05  4.2396124303474484E-09
   189   17.955000      0.0000000000000000E+00  2.9675090946531934E-09  2.1123590853873836E-03  3.2360573177139061E-08  1.7057567279761695E-05  4.1853864543311804E-09
   190   18.050000      0.0000000000000000E+00  3.5554139397626372E-09  2.2543246379233364E-03  3.1178871363295316E-08  1.8134179134770788E-05  3.8801948082448747E-09
   191   18.145000      0.0000000000000000E+00  4.3002094739211983E-09  2.4055588472082527E-03  3.0305250815917648E-08  1.9269052527757109E-05  3.4959749705862294E-09
   192   18.240000      0.0000000000000000E+00  4.9205003686933043E-09  2.5665693399709623E-03  2.9832220876948612E-08  2.0469083693713808E-05  3.2045752369694104E-09
   193   18.335000      0.0000000000000000E+00  5.1840160258418705E-09  2.7378979701805205E-03  2.9832761580759981E-08  2.1744010867106701E-05  3.1895385355743135E-09
   194   18.430000      0.0000000000000000E+00  5.2537037361432806E-09  2.9201582524379481E-03  3.0356205290789382E-08  2.3105446757571540E-05  3.2089245569219978E-09
   195   18.525000      0.0000000000000000E+00  5.3665356249597202E-09  3.1140594359941711E-03  3.1425762109984578E-08  2.4564916565155998E-05  2.9818043610196388E-09
   196   18.620000      0.0000000000000000E+00  5.4860615416931099E-09  3.3204022449512191E-03  3.3037788165873529E-08  2.6131830226333900E-05  2.5702782021846475E-09
   197   18.715000      0.0000000000000000E+00  5.4619188327735023E-09  3.5400498578598569E-03  3.5162860225210533E-08  2.7812193897834235E-05  2.1705980444384136E-09
   198   18.810000      0.0000000000000000E+00  5.1476784194513482E-09  3.7738939966401905E-03  3.7748215852382067E-08  2.9608486399874881E-05  2.0117146283491171E-09
   199   18.905000      0.0000000000000000E+00  4.5501600922084350E-09  4.0228355717271186E-03  4.0721559033747143E-08  3.1520446555733116E-05  2.1679353806878949E-09
   200   19.000000      0.0000000000000000E+00  3.8974645994935274E-09  4.2877846573207796E-03  4.3996637337347547E-08  3.3544852602504151E-05  2.4107324335099282E-09
   201   19.095000      0.0000000000000000E+00  3.3646027154733917E-09  4.5696675526836613E-03  4.7479076730400596E-08  3.5676291110420507E-05  2.5799536635762340E-09
   202   19.190000      0.0000000000000000E+00  3.0758936831228501E-09  4.8694288360949028E-03  5.1072502120184139E-08  3.7909107512564870E-05  2.5648402951375239E-09
   203   19.285000      0.0000000000000000E+00  2.9947934137971820E-09  5.1880273418842566E-03  5.4684531396161520E-08  4.0238145880261487E-05  2.4779294710484893E-09
   204   19.380000      0.0000000000000000E+00  3.0181692510628124E-09  5.5264301738611301E-03  5.8232605162764117E-08  4.2659606695154082E-05  2.5171718455843776E-09
   205   19.475000      0.0000000000000000E+00  3.1753148787748306E-09  5.8856111073803674E-03  6.1649605956913948E-08  4.5172835970448810E-05  2.6599919235726794E-09
   206   19.570000      0.0000000000000000E+00  3.5059126345741503E-09  6.2665596122462672E-03  6.4887506069735521E-08  4.7781442958035705E-05  2.8629662725867627E-09
   207   19.665000      0.0000000000000000E+00  4.1791511786371698E-09  6.6703025641626987E-03  6.7920441104889295E-08  5.0493101711407267E-05  2.8654073384182144E-09
   208   19.760000      0.0000000000000000E+00  5.0629220979188131E-09  7.0979340323845596E-03  7.0746480350835420E-08  5.3319593113589189E-05  2.6980981521280791E-09
   209   19.855000      0.0000000000000000E+00  5.4775379328547762E-09  7.5506439926649451E-03  7.3387596818876102E-08  5.6275977162703867E-05  3.0838513044935816E-09
   210   19.950000      0.0000000000000000E+00  5.4481246347390879E-09  8.0297350108508355E-03  7.5888502215674274E-08  5.9376180157910666E-05  3.9245870044334882E-09
   211   20.045000      0.0000000000000000E+00  5.7969600299382002E-09  8.5366154454398907E-03  7.8314568379430703E-08  6.2629940909260932E-05  4.1688149924987827E-09
   212   20.140000      0.0000000000000000E+00  6.6847016794448951E-09  9.0727703228336183E-03  8.0749837276570997E-08  6.6042491074664984E-05  3.6490803002666244E-09
   213   20.235000      0.0000000000000000E+00  7.7100052339131040E-09  9.6397217509344244E-03  8.3295348750694501E-08  6.9612660271258848E-05  2.7874097671016481E-09
   214   20.330000      0.0000000000000000E+00  8.3002557432777161E-09  1.0238986206072085E-02  8.6065511279854336E-08  7.3332198547537727E-05  2.1987570290675542E-09
   215   20.425000      0.0000000000000000E+00  8.0749720343609922E-09  1.0872037235867363E-02  8.9181052676085168E-08  7.7187386932042550E-05  2.2974882191245410E-09
   216   20.520000      0.0000000000000000E+00  7.1895800841865958E-09  1.1540284460168720E-02  9.2764555003137884E-08  8.1161121753898661E-05  2.8996502447999130E-09
   217   20.615000      0.0000000000000000E+00  6.0757691046648240E-09  1.2245074255498275E-02  9.6936293761307925E-08  8.5235115238538296E-05  3.5551786462952360E-09
   218   20.710000      0.0000000000000000E+00  5.0992620705005431E-09  1.2987707574815783E-02  1.0180706573438444E-07  8.9392108797172349E-05  3.9279681201461404E-09
   219   20.805000      0.0000000000000000E+00  4.4406178881420215E-09  1.3769461847965989E-02  1.0747378079574642E-07  9.3617885946205526E-05  3.8552889295547835E-09
   220   20.900000      0.0000000000000000E+00  3.9861937439616756E-09  1.4591601720621409E-02  1.1401441348593012E-07  9.7901249587487163E-05  3.5059257769271216E-09
   221   20.995000      0.0000000000000000E+00  3.6111409527612392E-09  1.5455368968584633E-02  1.2148628955017249E-07  1.0223352721770512E-04  3.0395503474527308E-09
   222   21.090000      0.0000000000000000E+00  3.2643442241833875E-09  1.6361960623626656E-02  1.2992462944995147E-07  1.0660891526694758E-04  2.5669668655859105E-09
   223   21.185000      0.0000000000000000E+00  2.9316468829210139E-09  1.7312518940678385E-02  1.3934707636995580E-07  1.1102404851148956E-04  2.2107621338245987E-09
   224   21.280000      0.0000000000000000E+00  2.6645510364413167E-09  1.8308148907714879E-02  1.4976907555472556E-07  1.1547726190400017E-04  1.9743499057310016E-09
   225   21.375000      0.0000000000000000E+00  2.3390226064750574E-09  1.9349955763652636E-02  1.6121620900075928E-07  1.1996688209349174E-04  2.0535149666206788E-09
   226   21.470000      0.0000000000000000E+00  1.9541741887746253E-09  2.0439073592708454E-02  1.7373224088456700E-07  1.2448844665798560E-04  2.4712673562758684E-09
   227   21.565000      0.0000000000000000E+00  1.8184954162002248E-09  2.1576654595955300E-02  1.8737882513992894E-07  1.2903122929230622E-04  2.8841205504675600E-09
   228   21.660000      0.0000000000000000E+00  2.1780884263959638E-09  2.2763808128848803E-02  2.0224788849359314E-07  1.3357480160277493E-04  3.0270202830302866E-09
   229   21.755000      0.0000000000000000E+00  3.0412455325777534E-09  2.4001506875241781E-02  2.1847667608154886E-07  1.3808802412941577E-04  2.8480024271238516E-09
   230   21.850000      0.0000000000000000E+00  4.1977656665498313E-09  2.5290498211094983E-02  2.3626478935872262E-07  1.4253043503995139E-04  2.4455629327674022E-09
   231   21.945000      0.0000000000000000E+00  5.2273822819037827E-09  2.6631246938377928E-02  2.5589471813286496E-07  1.4685466900975837E-04  2.1375926992526042E-09
   232   22.040000      0.0000000000000000E+00  5.7615204982546885E-09  2.8023911993339319E-02  2.7770974958398772E-07  1.5101176064466568E-04  2.1895410349377956E-09
   233   22.135000      0.0000000000000000E+00  5.6514130427810440E-09  2.9468355464286125E-02  3.0211023206699987E-07  1.5495746220409171E-04  2.7091438733260239E-09
   234   22.230000      0.0000000000000000E+00  5.2074005389372693E-09  3.0964185618039160E-02  3.2959306410954277E-07  1.5865775595067151E-04  3.3273881429394769E-09
   235   22.325000      0.0000000000000000E+00  4.8261286405657819E-09  3.2510826864317312E-02  3.6080131927387124E-07  1.6208896222571470E-04  3.6014791094067992E-09
   236   22.420000      0.0000000000000000E+00  4.4247680183445859E-09  3.4107573317012689E-02  3.9649081360727594E-07  1.6523103923442452E-04  3.7296849617172928E-09
   237   22.515000      0.0000000000000000E+00  3.9436031339826728E-09  3.5753568833827125E-02  4.3748182431775040E-07  1.6805937324694385E-04  3.8914415929304604E-09
   238   22.610000      0.0000000000000000E+00  3.5893348747996241E-09  3.7447710999529364E-02  4.8463695656694668E-07  1.7054216410662760E-04  3.9408676907057337E-09
   239   22.705000      0.0000000000000000E+00  3.4529134483829443E-09  3.9188553059513957E-02  5.3882347791608177E-07  1.7264746589025558E-04  3.8607607291751247E-09
   240   22.800000      0.0000000000000000E+00  3.5468223800365211E-09  4.0974293000997156E-02  6.0084095066197322E-07  1.7435381454706329E-04  3.6344819286280421E-09
   241   22.895000      0.0000000000000000E+00  3.7769408789097786E-09  4.2802849880471026E-02  6.7139567478074163E-07  1.7565314757945485E-04  3.2943220513006655E-09
   242   22.990000      0.0000000000000000E+00  3.9269726521359728E-09  4.4671921429133600E-02  7.5104771953829503E-07  1.7654252616544448E-04  3.0252385639715150E-09
   243   23.085000      0.0000000000000000E+00  3.9774231252214886E-09  4.6578927895877170E-02  8.4014970931631547E-07  1.7701461616166094E-04  2.8007446866536102E-09
   244   23.180000      0.0000000000000000E+00  4.0027141319651889E-09  4.8520879975487423E-02  9.3876632504649326E-07  1.7705523640132144E-04  2.5790838960718150E-09
   245   23.275000      0.0000000000000000E+00  4.1040878985864325E-09  5.0494298827900568E-02  1.0466568891098321E-06  1.7664725714445852E-04  2.3340648900655811E-09
   246   23.370000      0.0000000000000000E+00  4.3426487503644344E-09  5.2495250725855813E-02  1.1632433401559142E-06  1.7577528056292904E-04  2.0632379985264863E-09
   247   23.465000      0.0000000000000000E+00  4.6189388186241620E-09  5.4519431553916559E-02  1.2875625069155792E-06  1.7443087116097056E-04  1.9370327227969384E-09
   248   23.560000      0.0000000000000000E+00  4.9174254111134150E-09  5.6562198355696862E-02  1.4182466798566813E-06  1.7261662676689614E-04  1.9638437803838763E-09
   249   23.655000      0.0000000000000000E+00  5.2519700580813875E-09  5.8618522261708023E-02  1.5537367533953965E-06  1.7034999248660742E-04  2.0782343599519782E-09
   250   23.750000      0.0000000000000000E+00  5.6106292363695324E-09  6.0682936975671564E-02  1.6923700902586396E-06  1.6766467513647284E-04  2.2302124371987446E-09
   251   23.845000      0.0000000000000000E+00  6.0588092304212944E-09  6.2749561246322236E-02  1.8324951090086615E-06  1.6460395441667648E-04  2.2166518675101996E-09
   252   23.940000      0.0000000000000000E+00  6.3457625566448368E-09  6.4812183448739666E-02  1.9725095934172985E-06  1.6121060303606692E-04  2.2333576939469246E-09
   253   24.035000      0.0000000000000000E+00  6.1618437294921005E-09  6.6864340872866732E-02  2.1109541010504739E-06  1.5751905726075035E-04  2.5966983095659015E-09
   254   24.130000      0.0000000000000000E+00  5.7055531816271057E-09  6.8899339612552943E-02  2.2465806677942209E-06  1.5355630683537601E-04  3.0442863139496927E-09
   255   24.225000      0.0000000000000000E+00  5.2414701641139551E-09  7.0910253989151975E-02  2.3782878636687133E-06  1.4934865261729483E-04  3.3187822241575991E-09
   256   24.320000      0.0000000000000000E+00  4.7733683477624689E-09  7.2889985154340267E-02  2.5050910585211513E-06  1.4492706447210378E-04  3.5186360205713657E-09
   257   24.415000      0.0000000000000000E+00  4.2633145140764783E-09  7.4831393731664572E-02  2.6263707184094035E-06  1.4032663386744643E-04  3.7653628675630578E-09
   258   24.510000      0.0000000000000000E+00  3.7262526396384909E-09  7.6727457419769496E-02  2.7421238062692054E-06  1.3558126936173481E-04  4.0982916768011565E-09
   259   24.605000      0.0000000000000000E+00  3.2931170006081707E-09  7.8571366854483168E-02  2.8527899504307643E-06  1.3072138581371080E-04  4.3729624435942092E-09
   260   24.700000      0.0000000000000000E+00  3.0591433185624860E-09  8.0356522491472321E-02  2.9587358193335495E-06  1.2577851815314718E-04  4.4469981810656806E-09
   261   24.795000      0.0000000000000000E+00  3.0076302581525225E-09  8.2076465916864544E-02  3.0598392056514269E-06  1.2079325388232370E-04  4.2881683154351207E-09
   262   24.890000      0.0000000000000000E+00  3.0916417405466992E-09  8.3724844890217434E-02  3.1553067161447167E-06  1.1582052351285446E-04  3.8748327159767350E-09
   263   24.985000      0.0000000000000000E+00  3.0699442786868850E-09  8.5295528266900858E-02  3.2438602785645251E-06  1.1092499816350637E-04  3.5164597543368968E-09
   264   25.080000      0.0000000000000000E+00  2.8499489131486605E-09  8.6782865282259480E-02  3.3240808201536255E-06  1.0617444098536390E-04  3.4218198540917379E-09
   265   25.175000      0.0000000000000000E+00  2.6692335236984853E-09  8.8181916265814161E-02  3.3948184048030236E-06  1.0163784799240080E-04  3.3887970278126238E-09
   266   25.270000      0.0000000000000000E+00  2.7144723629720953E-09  8.9488473569653448E-02  3.4549407445729781E-06  9.7394852662663399E-05  3.2041822187680898E-09
   267   25.365000      0.0000000000000000E+00  3.0036044381214246E-09  9.0698865491964625E-02  3.5032014728107584E-06  9.3551521610483267E-05  2.7818904131351293E-09
   268   25.460000      0.0000000000000000E+00  3.4098603352614676E-09  9.1809718527696482E-02  3.5385935812009401E-06  9.0246151303597272E-05  2.2260011096969476E-09
   269   25.555000      0.0000000000000000E+00  3.7210233006382789E-09  9.2817880392692120E-02  3.5609450572842803E-06  8.7639637764943564E-05  1.8365983822906218E-09
   270   25.650000      0.0000000000000000E+00  3.8926352856470408E-09  9.3720538232101330E-02  3.5710890535071788E-06  8.5893930592185558E-05  1.7253570679133442E-09
   271   25.745000      0.0000000000000000E+00  3.9708329081818917E-09  9.4515390148825859E-02  3.5705633481646532E-06  8.5156579613402612E-05  1.8593102508602899E-09
   272   25.840000      0.0000000000000000E+00  4.0593841073679345E-09  9.5200717900980864E-02  3.5615227241648004E-06  8.5555325339848408E-05  2.0657964422801278E-09
   273   25.935000      0.0000000000000000E+00  4.2569972138628006E-09  9.5775342855621975E-02  3.5468005488130520E-06  8.7191489935641305E-05  2.1297498662628903E-09
   274   26.030000      0.0000000000000000E+00  4.4744067801883641E-09  9.6238588609582287E-02  3.5297040329920878E-06  9.0125545569200800E-05  2.1263967352443868E-09
   275   26.125000      0.0000000000000000E+00  4.6263869930174926E-09  9.6590373177976974E-02  3.5132572211153058E-06  9.4355079151032354E-05  2.1558873096785956E-09
   276   26.220000      0.0000000000000000E+00  4.5524196586095288E-09  9.6831376886986398E-02  3.4993635763421318E-06  9.9802045674961552E-05  2.4791643539006096E-09
   277   26.315000      0.0000000000000000E+00  4.3551446186689012E-09  9.6963161739957782E-02  3.4886888158913378E-06  1.0630907138004379E-04  3.0551562839151831E-09
   278   26.410000      0.0000000000000000E+00  4.5381737827266555E-09  9.6988171973396695E-02  3.4811401369660452E-06  1.1364891753880904E-04  3.2519876834623874E-09
   279   26.505000      0.0000000000000000E+00  4.9351063978310473E-09  9.6909629014943377E-02  3.4770327639250373E-06  1.2153412796216644E-04  3.1908823735604447E-09
   280   26.600000      0.0000000000000000E+00  4.8399626579705225E-09  9.6731424021337012E-02  3.4771582984304241E-06  1.2962628341118662E-04  3.7018123262498376E-09
   281   26.695000      0.0000000000000000E+00  4.4206909058615361E-09  9.6458035308178036E-02  3.4821361248638371E-06  1.3754898716995998E-04  4.5642092385483247E-09
   282   26.790000      0.0000000000000000E+00  4.2814507207390212E-09  9.6094468426832960E-02  3.4934050652752280E-06  1.4490967092626100E-04  5.1221287733176995E-09
   283   26.885000      0.0000000000000000E+00  4.7756249656657267E-09  9.5646215624071274E-02  3.5139359555605753E-06  1.5133402487618706E-04  4.9834035077195136E-09
   284   26.980000      0.0000000000000000E+00  5.8299994382624045E-09  9.5119214759004755E-02  3.5490890621432942E-06  1.5649464443631017E-04  4.1526701926651703E-09
   285   27.075000      0.0000000000000000E+00  6.8592914155064144E-09  9.4519790899635067E-02  3.6058770151444952E-06  1.6013719911834557E-04  3.2286477754963929E-09
   286   27.170000      0.0000000000000000E+00  7.3462819661333991E-09  9.3854523141666119E-02  3.6905995595366026E-06  1.6210385903179687E-04  2.7235844955905458E-09
   287   27.265000      0.0000000000000000E+00  7.1801512474516582E-09  9.3130041798352783E-02  3.8084915687653637E-06  1.6235112831823330E-04  2.7196325938357480E-09
   288   27.360000      0.0000000000000000E+00  6.5827441237080233E-09  9.2352815974421965E-02  3.9644768391661348E-06  1.6096121173655463E-04  2.9616976184614122E-09
   289   27.455000      0.0000000000000000E+00  5.9331323500596299E-09  9.1528997591773895E-02  4.1619836127912901E-06  1.5814448916851983E-04  3.0423835190663141E-09
   290   27.550000      0.0000000000000000E+00  5.4659226332515680E-09  9.0664358174425849E-02  4.4015254141513269E-06  1.5422683891149876E-04  2.7868059158928359E-09
   291   27.645000      0.0000000000000000E+00  5.2344625005152013E-09  8.9764311864908769E-02  4.6782897099828390E-06  1.4962188165647432E-04  2.3241254690141056E-09
   292   27.740000      0.0000000000000000E+00  5.2676271829069122E-09  8.8833966655080573E-02  4.9831694272645345E-06  1.4479895768695843E-04  1.7982169382079927E-09
   293   27.835000      0.0000000000000000E+00  5.4551220909535102E-09  8.7878182090773291E-02  5.3046947560864950E-06  1.4024511916330528E-04  1.4497208076845804E-09
   294   27.930000      0.0000000000000000E+00  5.7476160276658228E-09  8.6901654993525645E-02  5.6314735824900775E-06  1.3642682963991123E-04  1.2380732391666222E-09
   295   28.025000      0.0000000000000000E+00  5.9714661902236937E-09  8.5909058015800288E-02  5.9515264177418273E-06  1.3374539441566127E-04  1.1732212718499070E-09
   296   28.120000      0.0000000000000000E+00  5.8315823119774683E-09  8.4905218290212775E-02  6.2502027157586786E-06  1.3249494836231127E-04  1.4742875604155939E-09
   297   28.215000      0.0000000000000000E+00  5.3332586953480482E-09  8.3895240412296179E-02  6.5137431940265983E-06  1.3283878189988935E-04  2.1366481814751739E-09
   298   28.310000      0.0000000000000000E+00  4.7533709099021621E-09  8.2884522851101594E-02  6.7320463334160307E-06  1.3480527628797996E-04  2.9394337576235559E-09
   299   28.405000      0.0000000000000000E+00  4.3714214530891228E-09  8.1878712262574663E-02  6.8994087360675948E-06  1.3829975644430865E-04  3.6649179421010352E-09
   300   28.500000      0.0000000000000000E+00  4.3976216184375896E-09  8.0883672955963312E-02  7.0127354979555050E-06  1.4311804158006426E-04  4.0795468559810604E-09
   301   28.595000      0.0000000000000000E+00  4.8416240528110829E-09  7.9905496737595144E-02  7.0703151672153034E-06  1.4895658469619069E-04  4.1113804189143525E-09
   302   28.690000      0.0000000000000000E+00  5.5099838037283694E-09  7.8950490173678570E-02  7.0742980825249654E-06  1.5542954423927171E-04  3.8550328769724434E-09
   303   28.785000      0.0000000000000000E+00  5.9831619646944575E-09  7.8025037513613379E-02  7.0320256567807345E-06  1.6210249161889903E-04  3.6716084715694109E-09
   304   28.880000      0.0000000000000000E+00  5.9855255805933973E-09  7.7135337342041879E-02  6.9560510924647647E-06  1.6854202716306188E-04  3.8408928862051487E-09
   305   28.975000      0.0000000000000000E+00  5.8230492842722784E-09  7.6287116797204013E-02  6.8632383094631413E-06  1.7437221411156881E-04  3.9930648614042561E-09
   306   29.070000      0.0000000000000000E+00  5.7329411112493538E-09  7.5485447381741400E-02  6.7728789631252313E-06  1.7930936709010544E-04  3.8949865434168204E-09
   307   29.165000      0.0000000000000000E+00  5.6071502404564170E-09  7.4734728328948855E-02  6.7064223664192685E-06  1.8317219554806003E-04  3.7130047202143385E-09
   308   29.260000      0.0000000000000000E+00  5.4046735036467725E-09  7.4038764226672701E-02  6.6869550649959483E-06  1.8587388029162456E-04  3.4714477350786276E-09
   309   29.355000      0.0000000000000000E+00  5.1044155733569532E-09  7.3400813634819179E-02  6.7365565228963240E-06  1.8740911928539065E-04  3.1778311310971664E-09
   310   29.450000      0.0000000000000000E+00  4.7029907444520222E-09  7.2823566182166510E-02  6.8728590914348038E-06  1.8785030904924359E-04  2.8498935295306918E-09
   311   29.545000      0.0000000000000000E+00  4.3113730426746195E-09  7.2309090799143744E-02  7.1080400949064620E-06  1.8734390682301398E-04  2.3871033670663416E-09
   312   29.640000      0.0000000000000000E+00  3.9171703324864864E-09  7.1858840364921253E-02  7.4476090996905679E-06  1.8609848320195853E-04  1.9265292849823757E-09
   313   29.735000      0.0000000000000000E+00  3.5201274457036288E-09  7.1473716181700550E-02  7.8907760006714160E-06  1.8435967664514623E-04  1.6404504207173563E-09
   314   29.830000      0.0000000000000000E+00  3.2144927850278152E-09  7.1154129748050604E-02  8.4282000278473635E-06  1.8237855056882726E-04  1.5929339121108914E-09
   315   29.925000      0.0000000000000000E+00  3.1147961948207005E-09  7.0900014332390321E-02  9.0409506722654865E-06  1.8038200272513247E-04  1.7650977005847870E-09
   316   30.020000      0.0000000000000000E+00  3.3529011733759266E-09  7.0710782709684658E-02  9.7026836869407247E-06  1.7855383413587557E-04  1.9575321009739028E-09
   317   30.115000      0.0000000000000000E+00  3.8205681364079936E-09  7.0585282307601860E-02  1.0382781583321831E-05  1.7702997637881302E-04  2.1446578780402052E-09
   318   30.210000      0.0000000000000000E+00  4.2802753093894497E-09  7.0521805487669453E-02  1.1051095209509079E-05  1.7589855894170609E-04  2.3966241522229991E-09
   319   30.305000      0.0000000000000000E+00  4.5498559559623681E-09  7.0518152854900998E-02  1.1681265505453845E-05  1.7519822807254552E-04  2.7217023680762354E-09
   320   30.400000      0.0000000000000000E+00  4.4726809986869879E-09  7.0571698800989083E-02  1.2252798654877577E-05  1.7491470412535695E-04  3.2145143629247612E-09
   321   30.495000      0.0000000000000000E+00  4.2507101339502763E-09  7.0679407316692491E-02  1.2753581314538679E-05  1.7498020495540696E-04  3.6261510431268780E-09
   322   30.590000      0.0000000000000000E+00  4.1683484254261927E-09  7.0837777853018244E-02  1.3181258828926236E-05  1.7528063838191294E-04  3.6645692201602159E-09
   323   30.685000      0.0000000000000000E+00  4.0626637146184776E-09  7.1042804357389230E-02  1.3541836813873835E-05  1.7567499004171930E-04  3.6384666919899464E-09
   324   30.780000      0.0000000000000000E+00  3.8253760742910283E-09  7.1290036921855371E-02  1.3845426125597970E-05  1.7601079167373852E-04  3.7635262420433077E-09
   325   30.875000      0.0000000000000000E+00  3.6487922897728399E-09  7.1574732275151542E-02  1.4103174217092494E-05  1.7613753594305544E-04  3.8734054772937553E-09
   326   30.970000      0.0000000000000000E+00  3.6760836567155935E-09  7.1892023282317016E-02  1.4327665191963505E-05  1.7591596976680376E-04  3.8564119882749842E-09
   327   31.065000      0.0000000000000000E+00  3.9073795243167501E-09  7.2237042101533616E-02  1.4531186771331469E-05  1.7522609215080495E-04  3.7226552831905176E-09
   328   31.160000      0.0000000000000000E+00  4.2195305458715664E-09  7.2604978382055665E-02  1.4724733941969828E-05  1.7397651720889849E-04  3.5915844812959127E-09
   329   31.255000      0.0000000000000000E+00  4.5064239777410365E-09  7.2991098159465168E-02  1.4914273161452767E-05  1.7212151468261902E-04  3.5366740170589284E-09
   330   31.350000      0.0000000000000000E+00  4.7499439965374830E-09  7.3390789845689128E-02  1.5101457651220118E-05  1.6968172740176122E-04  3.4956787525043518E-09
   331   31.445000      0.0000000000000000E+00  4.9224750525536259E-09  7.3799721238584595E-02  1.5285918336983359E-05  1.6675984593061310E-04  3.4506736649938997E-09
   332   31.540000      0.0000000000000000E+00  5.1561053171115045E-09  7.4214109887795074E-02  1.5466367277244944E-05  1.6353676658256830E-04  3.1888116761309838E-09
   333   31.635000      0.0000000000000000E+00  5.4566869476421274E-09  7.4630992355089604E-02  1.5640692663696080E-05  1.6025852136064236E-04  2.6712423147494049E-09
   334   31.730000      0.0000000000000000E+00  5.5351999934867530E-09  7.5048340598174931E-02  1.5808873401159073E-05  1.5722116787679214E-04  2.2618278384329573E-09
   335   31.825000      0.0000000000000000E+00  5.2536035278436427E-09  7.5464958369524729E-02  1.5974108528882546E-05  1.5476360666942093E-04  2.1649672118449995E-09
   336   31.920000      0.0000000000000000E+00  4.7173493800256659E-09  7.5880236675517451E-02  1.6141476720495914E-05  1.5326724520530190E-04  2.3433867019650452E-09
   337   32.015000      0.0000000000000000E+00  4.1701036891953497E-09  7.6293936765847392E-02  1.6317190722227775E-05  1.5315273572831842E-04  2.5942656324886318E-09
   338   32.110000      0.0000000000000000E+00  3.8577512958304620E-09  7.6706157171270301E-02  1.6510056087125673E-05  1.5486529860881315E-04  2.6449931873854106E-09
   339   32.205000      0.0000000000000000E+00  3.7750892834660710E-09  7.7117492268233237E-02  1.6730591086474628E-05  1.5884630607650301E-04  2.4959202540598048E-09
   340   32.300000      0.0000000000000000E+00  3.7826296953780507E-09  7.7529159873277312E-02  1.6982999055596943E-05  1.6549795468851438E-04  2.3189395603152356E-09
   341   32.395000      0.0000000000000000E+00  3.7559209067817721E-09  7.7942873384645187E-02  1.7260014027061119E-05  1.7515170793113043E-04  2.2862154305734584E-09
   342   32.490000      0.0000000000000000E+00  3.6138574367571029E-09  7.8360468069080549E-02  1.7543635816074962E-05  1.8803999564268579E-04  2.5342106960825052E-09
   343   32.585000      0.0000000000000000E+00  3.4919866408758292E-09  7.8783554570108105E-02  1.7809933407771128E-05  2.0427145090634504E-04  2.8646916416288822E-09
   344   32.680000      0.0000000000000000E+00  3.5224810952410893E-09  7.9213473704909568E-02  1.8032593111453786E-05  2.2380542750337665E-04  3.0849261211312933E-09
   345   32.775000      0.0000000000000000E+00  3.8183537813740145E-09  7.9651524484309455E-02  1.8184859549838164E-05  2.4643864461740977E-04  3.0160893164517818E-09
   346   32.870000      0.0000000000000000E+00  4.2059250266543747E-09  8.0099198480169165E-02  1.8246148105627464E-05  2.7181211785724704E-04  2.8190894614437190E-09
   347   32.965000      0.0000000000000000E+00  4.1976532982831793E-09  8.0558197984553770E-02  1.8208972262795253E-05  2.9943986531538860E-04  3.0899456145314564E-09
   348   33.060000      0.0000000000000000E+00  3.9901529988712968E-09  8.1030295337179759E-02  1.8082227985307388E-05  3.2873561057071939E-04  3.5820889504711638E-09
   349   33.155000      0.0000000000000000E+00  4.1808764105758630E-09  8.1517236347028815E-02  1.7887789948711163E-05  3.5903381516688324E-04  3.5013550831337163E-09
   350   33.250000      0.0000000000000000E+00  4.4756877211457949E-09  8.2020789992955020E-02  1.7658632795635067E-05  3.8960399005441262E-04  3.1659232407004178E-09
   351   33.345000      0.0000000000000000E+00  4.3397164221321488E-09  8.2542852339470951E-02  1.7438065521639439E-05  4.1967130222916925E-04  3.1731837868727958E-09
   352   33.440000      0.0000000000000000E+00  3.7474605934591363E-09  8.3085454891898336E-02  1.7279315417110865E-05  4.4845725046529865E-04  3.5500415250204206E-09
   353   33.535000      0.0000000000000000E+00  2.9827270725091305E-09  8.3650645112014352E-02  1.7241708514002421E-05  4.7523322004854686E-04  4.0576320998060874E-09
   354   33.630000      0.0000000000000000E+00  2.5651926362464431E-09  8.4240335293508717E-02  1.7380693370207718E-05  4.9937507303097161E-04  4.1326171571272670E-09
   355   33.725000      0.0000000000000000E+00  2.6829407718223134E-09  8.4856201248680152E-02  1.7742445513128996E-05  5.2040890488462587E-04  3.6130591008574815E-09
   356   33.820000      0.0000000000000000E+00  3.1074306572354229E-09  8.5499648375919376E-02  1.8362520664779555E-05  5.3803029272210155E-04  2.8080954907513284E-09
   357   33.915000      0.0000000000000000E+00  3.4783167323083142E-09  8.6171780617825669E-02  1.9268525497605136E-05  5.5210060876982516E-04  2.1750557052875639E-09
   358   34.010000      0.0000000000000000E+00  3.5469784691856172E-09  8.6873274584579122E-02  2.0487558800492063E-05  5.6263508043467197E-04  2.0241798243942969E-09
   359   34.105000      0.0000000000000000E+00  3.3746041245875429E-09  8.7604179686058631E-02  2.2050372085321485E-05  5.6979806414089349E-04  2.2817618804640213E-09
   360   34.200000      0.0000000000000000E+00  3.2519817157915457E-09  8.8363789179237623E-02  2.3987423947775932E-05  5.7389684826944618E-04  2.5651873833213388E-09
   361   34.295000      0.0000000000000000E+00  3.3434113403627141E-09  8.9150714873928089E-02  2.6320235358528143E-05  5.7535674944939519E-04  2.6638050165197454E-09
   362   34.390000      0.0000000000000000E+00  3.6799754040682088E-09  8.9963126487341505E-02  2.9054177196116270E-05  5.7467711004900344E-04  2.4689161493754524E-09
   363   34.485000      0.0000000000000000E+00  4.0214762151635132E-09  9.0799002282557773E-02  3.2173459821736180E-05  5.7237941111692189E-04  2.2029069186284102E-09
   364   34.580000      0.0000000000000000E+00  4.1896897339228392E-09  9.1656248333108037E-02  3.5634968448371801E-05  5.6896353685692385E-04  2.0386401453130023E-09
   365   34.675000      0.0000000000000000E+00  4.2793799564218003E-09  9.2532603807763306E-02  3.9362452730365397E-05  5.6487874008357970E-04  1.8895416116583834E-09
   366   34.770000      0.0000000000000000E+00  4.3088828796119689E-09  9.3425398589202013E-02  4.3240881272764886E-05  5.6050439904399649E-04  1.8611847854425721E-09
   367   34.865000      0.0000000000000000E+00  4.2463023861684971E-09  9.4331323597689823E-02  4.7111482758814596E-05  5.5613727688878073E-04  2.1146668431865368E-09
   368   34.960000      0.0000000000000000E+00  4.1308852899362880E-09  9.5246417163242170E-02  5.0773477635261092E-05  5.5197806978158574E-04  2.6218574581915860E-09
   369   35.055000      0.0000000000000000E+00  3.9690988850176456E-09  9.6166352880376366E-02  5.4006148031361580E-05  5.4810723054451950E-04  3.2857448013935187E-09
   370   35.150000      0.0000000000000000E+00  3.7876551872146273E-09  9.7086832330555067E-02  5.6595764381082819E-05  5.4447691411005339E-04  3.9433888531612585E-09
   371   35.245000      0.0000000000000000E+00  3.7130962215693300E-09  9.8003788651646870E-02  5.8360675611155403E-05  5.4091731407379835E-04  4.3978658552425468E-09
   372   35.340000      0.0000000000000000E+00  3.9747426000541512E-09  9.8913285726133338E-02  5.9177175539321054E-05  5.3717701177424890E-04  4.4277477415247627E-09
   373   35.435000      0.0000000000000000E+00  4.6030180421951612E-09  9.9811266035727250E-02  5.9008151714748500E-05  5.3296756692065828E-04  4.0122579955432221E-09
   374   35.530000      0.0000000000000000E+00  5.1289442957067436E-09  1.0069343217214716E-01  5.7922574482012361E-05  5.2801794730461180E-04  3.6894799001147861E-09
   375   35.625000      0.0000000000000000E+00  5.3093956946629109E-09  1.0155542982122674E-01  5.6097781761133742E-05  5.2211931826892134E-04  3.6742624967586887E-09
   376   35.720000      0.0000000000000000E+00  5.3439579799262601E-09  1.0239328395199460E-01  5.3805417922996297E-05  5.1516803161915888E-04  3.6910703396510419E-09
   377   35.815000      0.0000000000000000E+00  5.3518361096081755E-09  1.0320386171495061E-01  5.1380801882899884E-05  5.0719517807224759E-04  3.6556749079784076E-09
   378   35.910000      0.0000000000000000E+00  5.4019500395083240E-09  1.0398512141439374E-01  4.9192603722803791E-05  4.9839176770233849E-04  3.5346619517026691E-09
   379   36.005000      0.0000000000000000E+00  5.5241434937206153E-09  1.0473613151861333E-01  4.7604612256631164E-05  4.8913264321177863E-04  3.2892719642721337E-09
   380   36.100000      0.0000000000000000E+00  5.6028731661656121E-09  1.0545696589980165E-01  4.6916658988098413E-05  4.7999641944302329E-04  3.0365268618674414E-09
   381   36.195000      0.0000000000000000E+00  5.6183339507854287E-09  1.0614861136321141E-01  4.7290849637849012E-05  4.7175597961552620E-04  2.7443385075575208E-09
   382   36.290000      0.0000000000000000E+00  5.5592842565022343E-09  1.0681286143249538E-01  4.8724815089965029E-05  4.6533759127374217E-04  2.4010686194834703E-09
   383   36.385000      0.0000000000000000E+00  5.3614647881764392E-09  1.0745208261023290E-01  5.1071292643894001E-05  4.6175155479386064E-04  2.1170785408877034E-09
   384   36.480000      0.0000000000000000E+00  5.0334117665708240E-09  1.0806888534225939E-01  5.4062589021991621E-05  4.6201214752791689E-04  1.9353585490411485E-09
   385   36.575000      0.0000000000000000E+00  4.5834722611920717E-09  1.0866582006955472E-01  5.7327506343884270E-05  4.6704222743605564E-04  1.9449585381829129E-09
   386   36.670000      0.0000000000000000E+00  4.1703520147953991E-09  1.0924521701717255E-01  6.0433999453184617E-05  4.7758037168804619E-04  2.0471067541885066E-09
   387   36.765000      0.0000000000000000E+00  3.9627699442820734E-09  1.0980916911523840E-01  6.2961039562482165E-05  4.9410838932140014E-04  2.1074851232047391E-09
   388   36.860000      0.0000000000000000E+00  3.9516259696854348E-09  1.1035958018943592E-01  6.4560710829930906E-05  5.1679084531595140E-04  2.1650857478315190E-09
   389   36.955000      0.0000000000000000E+00  4.0844348899365364E-09  1.1089816764417776E-01  6.4992155265219400E-05  5.4542860999098788E-04  2.2246952624060748E-09
   390   37.050000      0.0000000000000000E+00  4.1424045596368840E-09  1.1142635989519185E-01  6.4151828666155636E-05  5.7944507662036938E-04  2.5041956181427194E-09
   391   37.145000      0.0000000000000000E+00  4.0351653008624259E-09  1.1194516845743972E-01  6.2090251037231472E-05  6.1789902212941103E-04  3.1223546251275665E-09
   392   37.240000      0.0000000000000000E+00  4.1217458888322334E-09  1.1245512646879728E-01  5.9016722392855298E-05  6.5954237180078270E-04  3.6150167066628302E-09
   393   37.335000      0.0000000000000000E+00  4.5314661954986832E-09  1.1295633994109831E-01  5.5293144672144836E-05  7.0289376931163047E-04  3.7566653206877062E-09
   394   37.430000      0.0000000000000000E+00  4.9843554124518816E-09  1.1344862370529310E-01  5.1400645674029538E-05  7.4632310084667109E-04  3.7762438916701690E-09
   395   37.525000      0.0000000000000000E+00  5.2877083626488096E-09  1.1393164367254278E-01  4.7872647085670344E-05  7.8814014665862383E-04  3.7948840386067133E-09
   396   37.620000      0.0000000000000000E+00  5.4134142995675789E-09  1.1440499859909972E-01  4.5222149151188668E-05  8.2670163682169943E-04  3.8092185155901796E-09
   397   37.715000      0.0000000000000000E+00  5.4124906044533071E-09  1.1486823662293154E-01  4.3877312928037534E-05  8.6053420964403091E-04  3.7710015994921905E-09
   398   37.810000      0.0000000000000000E+00  5.2964530527778110E-09  1.1532086671069670E-01  4.4120308145942584E-05  8.8845477347623998E-04  3.6875631059770017E-09
   399   37.905000      0.0000000000000000E+00  5.0066528281148978E-09  1.1576238206982432E-01  4.6048440357425427E-05  9.0966781687014820E-04  3.6535114105038510E-09
   400   38.000000      0.0000000000000000E+00  4.5733316918686629E-09  1.1619229476003629E-01  4.9559158170902134E-05  9.2383030950190625E-04  3.6324361620270410E-09
   401   38.095000      0.0000000000000000E+00  4.0123336870236292E-09  1.1661022242316435E-01  5.4381070709902512E-05  9.3107265741635260E-04  3.6594988652163278E-09
   402   38.190000      0.0000000000000000E+00  3.5039527753039299E-09  1.1701605057766967E-01  6.0124697712086357E-05  9.3198204209471577E-04  3.6305442494716829E-09
   403   38.285000      0.0000000000000000E+00  3.4189236469534470E-09  1.1741015134448052E-01  6.6335002546809844E-05  9.2755736740443540E-04  3.2092986727653183E-09
   404   38.380000      0.0000000000000000E+00  3.7934114816173958E-09  1.1779361300079270E-01  7.2550248041623687E-05  9.1913958692708725E-04  2.4541971473830830E-09
   405   38.475000      0.0000000000000000E+00  4.3549119219742192E-09  1.1816847572286814E-01  7.8378381061392592E-05  9.0831457056612963E-04  1.6994332629566535E-09
   406   38.570000      0.0000000000000000E+00  4.7603794470115043E-09  1.1853798823606981E-01  8.3564528850154398E-05  8.9679228150397734E-04  1.2635516670472204E-09
   407   38.665000      0.0000000000000000E+00  4.7512159293620348E-09  1.1890686193529119E-01  8.7994355773116030E-05  8.8626440616673273E-04  1.3258440288131919E-09
   408   38.760000      0.0000000000000000E+00  4.3694429462095283E-09  1.1928147927062289E-01  9.1667806953519212E-05  8.7826924123807475E-04  1.7220501921638928E-09
   409   38.855000      0.0000000000000000E+00  3.8499866668632444E-09  1.1966999052315370E-01  9.4672239072488712E-05  8.7406508822741489E-04  2.1397404412371150E-09
   410   38.950000      0.0000000000000000E+00  3.4222305725557750E-09  1.2008221358180238E-01  9.7137574008060391E-05  8.7454533759479610E-04  2.3884299158600287E-09
   411   39.045000      0.0000000000000000E+00  3.2524483689702204E-09  1.2052937693441629E-01  9.9192174783040764E-05  8.8019708144168119E-04  2.4014518300178773E-09
   412   39.140000      0.0000000000000000E+00  3.2709492813240137E-09  1.2102377465069447E-01  1.0094625994974915E-04  8.9109673340194342E-04  2.4183185239503631E-09
   413   39.235000      0.0000000000000000E+00  3.3708536413116800E-09  1.2157839645319553E-01  1.0249577082588743E-04  9.0690501502425523E-04  2.6155166694238810E-09
   414   39.330000      0.0000000000000000E+00  3.4428071060918228E-09  1.2220652943125468E-01  1.0394068283991350E-04  9.2688108345428575E-04  3.0625998750516356E-09
   415   39.425000      0.0000000000000000E+00  3.5261169773922709E-09  1.2292122924181237E-01  1.0538554781633031E-04  9.4993232906807131E-04  3.6057110743847190E-09
   416   39.520000      0.0000000000000000E+00  3.8611315012491010E-09  1.2373463643797296E-01  1.0694171970665433E-04  9.7470867710990115E-04  3.7910831834574257E-09
   417   39.615000      0.0000000000000000E+00  4.1070212703836627E-09  1.2465718029903235E-01  1.0872405374149964E-04  9.9973793986735159E-04  3.9219159367187724E-09
   418   39.710000      0.0000000000000000E+00  3.7887209950664306E-09  1.2569680165002281E-01  1.1086253757809136E-04  1.0235414548727586E-03  4.5533383520008686E-09
   419   39.805000      0.0000000000000000E+00  3.3912613026919924E-09  1.2685833661086035E-01  1.1347988564797807E-04  1.0447081735953220E-03  5.0979592924906367E-09
   420   39.900000      0.0000000000000000E+00  3.4877959433028325E-09  1.2814306393592553E-01  1.1667503690006452E-04  1.0619393087350506E-03  4.9241870783660283E-09
   421   39.995000      0.0000000000000000E+00  3.9571533916640017E-09  1.2954830650246160E-01  1.2054527215646116E-04  1.0740943002058925E-03  4.2731649634727697E-09
   422   40.090000      0.0000000000000000E+00  4.4915453393769119E-09  1.3106703785116472E-01  1.2523800335935450E-04  1.0802778884706418E-03  3.5313237883320878E-09
