! Kinetic energy for species "positrons-down"
  Iter        Time          Total Par.             Kin. Energy
     0   0.0000000             230400  2.8285693545649582E-01
     1  0.95000000E-01         230400  2.8285677994350145E-01
     2  0.19000000             230400  2.8285631605327866E-01
     3  0.28500000             230400  2.8285555149621860E-01
     4  0.38000000             230400  2.8285449863463696E-01
     5  0.47500000             230400  2.8285317425408774E-01
     6  0.57000000             230400  2.8285159943595284E-01
     7  0.66500000             230400  2.8284979929136589E-01
     8  0.76000000             230400  2.8284780250755115E-01
     9  0.85500000             230400  2.8284564084122044E-01
    10  0.95000000             230400  2.8284334863594207E-01
    11   1.0450000             230400  2.8284096230579003E-01
    12   1.1400000             230400  2.8283851971440355E-01
    13   1.2350000             230400  2.8283605949037416E-01
    14   1.3300000             230400  2.8283362040758520E-01
    15   1.4250000             230400  2.8283124087754530E-01
    16   1.5200000             230400  2.8282895845735900E-01
    17   1.6150000             230400  2.8282680929220028E-01
    18   1.7100000             230400  2.8282482752656279E-01
    19   1.8050000             230400  2.8282304470652048E-01
    20   1.9000000             230400  2.8282148911404514E-01
    21   1.9950000             230400  2.8282018513848806E-01
    22   2.0900000             230400  2.8281915301322075E-01
    23   2.1850000             230400  2.8281840893443744E-01
    24   2.2800000             230400  2.8281796504041512E-01
    25   2.3750000             230400  2.8281782892520502E-01
    26   2.4700000             230400  2.8281800304311921E-01
    27   2.5650000             230400  2.8281848445711633E-01
    28   2.6600000             230400  2.8281926500893645E-01
    29   2.7550000             230400  2.8282033183125144E-01
    30   2.8500000             230400  2.8282166797577346E-01
    31   2.9450000             230400  2.8282325272373166E-01
    32   3.0400000             230400  2.8282506147280201E-01
    33   3.1350000             230400  2.8282706569586569E-01
    34   3.2300000             230400  2.8282923338170696E-01
    35   3.3250000             230400  2.8283152978490689E-01
    36   3.4200000             230400  2.8283391820841214E-01
    37   3.5150000             230400  2.8283636080100466E-01
    38   3.6100000             230400  2.8283881922647680E-01
    39   3.7050000             230400  2.8284125489616269E-01
    40   3.8000000             230400  2.8284362897068660E-01
    41   3.8950000             230400  2.8284590288023786E-01
    42   3.9900000             230400  2.8284803961985650E-01
    43   4.0850000             230400  2.8285000511900127E-01
    44   4.1800000             230400  2.8285176888185681E-01
    45   4.2750000             230400  2.8285330384294644E-01
    46   4.3700000             230400  2.8285458605444380E-01
    47   4.4650000             230400  2.8285559483709466E-01
    48   4.5600000             230400  2.8285631346484785E-01
    49   4.6550000             230400  2.8285672996762901E-01
    50   4.7500000             230400  2.8285683768869191E-01
    51   4.8450000             230400  2.8285663545742856E-01
    52   4.9400000             230400  2.8285612728303045E-01
    53   5.0350000             230400  2.8285532164698923E-01
    54   5.1300000             230400  2.8285423088175626E-01
    55   5.2250000             230400  2.8285287117803504E-01
    56   5.3200000             230400  2.8285126310259129E-01
    57   5.4150000             230400  2.8284943184170186E-01
    58   5.5100000             230400  2.8284740669538422E-01
    59   5.6050000             230400  2.8284522016957092E-01
    60   5.7000000             230400  2.8284290706351300E-01
    61   5.7950000             230400  2.8284050363646884E-01
    62   5.8900000             230400  2.8283804723007316E-01
    63   5.9850000             230400  2.8283557653419145E-01
    64   6.0800000             230400  2.8283313148621514E-01
    65   6.1750000             230400  2.8283075183068135E-01
    66   6.2700000             230400  2.8282847524329480E-01
    67   6.3650000             230400  2.8282633667324503E-01
    68   6.4600000             230400  2.8282436889126533E-01
    69   6.5550000             230400  2.8282260271277304E-01
    70   6.6500000             230400  2.8282106609271723E-01
    71   6.7450000             230400  2.8281978295552923E-01
    72   6.8400000             230400  2.8281877275641909E-01
    73   6.9350000             230400  2.8281805058709741E-01
    74   7.0300000             230400  2.8281762735084992E-01
    75   7.1250000             230400  2.8281751000678629E-01
    76   7.2200000             230400  2.8281770153268709E-01
    77   7.3150000             230400  2.8281820001208030E-01
    78   7.4100000             230400  2.8281899742191041E-01
    79   7.5050000             230400  2.8282007954495431E-01
    80   7.6000000             230400  2.8282142730497728E-01
    81   7.6950000             230400  2.8282301830684553E-01
    82   7.7900000             230400  2.8282482741119136E-01
    83   7.8850000             230400  2.8282682632496625E-01
    84   7.9800000             230400  2.8282898299832665E-01
    85   8.0750000             230400  2.8283126162157751E-01
    86   8.1700000             230400  2.8283362364629328E-01
    87   8.2650000             230400  2.8283602967541416E-01
    88   8.3600000             230400  2.8283844117528256E-01
    89   8.4550000             230400  2.8284082073525119E-01
    90   8.5500000             230400  2.8284313106063330E-01
    91   8.6450000             230400  2.8284533444988996E-01
    92   8.7400000             230400  2.8284739385071100E-01
    93   8.8350000             230400  2.8284927467551352E-01
    94   8.9300000             230400  2.8285094601968119E-01
    95   9.0250000             230400  2.8285238093586207E-01
    96   9.1200000             230400  2.8285355626886444E-01
    97   9.2150000             230400  2.8285445242627805E-01
    98   9.3100000             230400  2.8285505304602415E-01
    99   9.4050000             230400  2.8285534489826208E-01
   100   9.5000000             230400  2.8285531894854810E-01
   101   9.5950000             230400  2.8285497246031899E-01
   102   9.6900000             230400  2.8285431007955864E-01
   103   9.7850000             230400  2.8285334236132864E-01
   104   9.8800000             230400  2.8285208321078537E-01
   105   9.9750000             230400  2.8285054892923672E-01
   106   10.070000             230400  2.8284875925373021E-01
   107   10.165000             230400  2.8284673853635550E-01
   108   10.260000             230400  2.8284451582360570E-01
   109   10.355000             230400  2.8284212413322540E-01
   110   10.450000             230400  2.8283959929040126E-01
   111   10.545000             230400  2.8283697832849142E-01
   112   10.640000             230400  2.8283429810776645E-01
   113   10.735000             230400  2.8283159510924100E-01
   114   10.830000             230400  2.8282890613213107E-01
   115   10.925000             230400  2.8282626857100129E-01
   116   11.020000             230400  2.8282371962152664E-01
   117   11.115000             230400  2.8282129478178042E-01
   118   11.210000             230400  2.8281902615592269E-01
   119   11.305000             230400  2.8281694139834490E-01
   120   11.400000             230400  2.8281506441114146E-01
   121   11.495000             230400  2.8281341729730980E-01
   122   11.590000             230400  2.8281202106840930E-01
   123   11.685000             230400  2.8281089342449317E-01
   124   11.780000             230400  2.8281004479700966E-01
   125   11.875000             230400  2.8280947570395221E-01
   126   11.970000             230400  2.8280917787556614E-01
   127   12.065000             230400  2.8280913860093881E-01
   128   12.160000             230400  2.8280934463267704E-01
   129   12.255000             230400  2.8280978260161305E-01
   130   12.350000             230400  2.8281043675073292E-01
   131   12.445000             230400  2.8281128686474560E-01
   132   12.540000             230400  2.8281230758581560E-01
   133   12.635000             230400  2.8281346819848835E-01
   134   12.730000             230400  2.8281473224120479E-01
   135   12.825000             230400  2.8281605773821267E-01
   136   12.920000             230400  2.8281739911704029E-01
   137   13.015000             230400  2.8281871069565528E-01
   138   13.110000             230400  2.8281994994385340E-01
   139   13.205000             230400  2.8282107787990340E-01
   140   13.300000             230400  2.8282205583827474E-01
   141   13.395000             230400  2.8282284163077548E-01
   142   13.490000             230400  2.8282338894214265E-01
   143   13.585000             230400  2.8282365007281823E-01
   144   13.680000             230400  2.8282357926191060E-01
   145   13.775000             230400  2.8282313502383827E-01
   146   13.870000             230400  2.8282228167195161E-01
   147   13.965000             230400  2.8282099006093303E-01
   148   14.060000             230400  2.8281923753707011E-01
   149   14.155000             230400  2.8281700789091180E-01
   150   14.250000             230400  2.8281429187408558E-01
   151   14.345000             230400  2.8281108722998460E-01
   152   14.440000             230400  2.8280739645329545E-01
   153   14.535000             230400  2.8280322226807997E-01
   154   14.630000             230400  2.8279856360819311E-01
   155   14.725000             230400  2.8279341548039028E-01
   156   14.820000             230400  2.8278777329978100E-01
   157   14.915000             230400  2.8278163838133208E-01
   158   15.010000             230400  2.8277501987769837E-01
   159   15.105000             230400  2.8276793144642653E-01
   160   15.200000             230400  2.8276038582216789E-01
   161   15.295000             230400  2.8275239205114322E-01
   162   15.390000             230400  2.8274395708637201E-01
   163   15.485000             230400  2.8273508975748946E-01
   164   15.580000             230400  2.8272580372560108E-01
   165   15.675000             230400  2.8271611666528645E-01
   166   15.770000             230400  2.8270604532213905E-01
   167   15.865000             230400  2.8269559920868570E-01
   168   15.960000             230400  2.8268477690918581E-01
   169   16.055000             230400  2.8267356732649607E-01
   170   16.150000             230400  2.8266195485426360E-01
   171   16.245000             230400  2.8264992403983757E-01
   172   16.340000             230400  2.8263745873149421E-01
   173   16.435000             230400  2.8262453504830271E-01
   174   16.530000             230400  2.8261111352676044E-01
   175   16.625000             230400  2.8259713696618627E-01
   176   16.720000             230400  2.8258253511774367E-01
   177   16.815000             230400  2.8256723135404377E-01
   178   16.910000             230400  2.8255114598461462E-01
   179   17.005000             230400  2.8253419484680464E-01
   180   17.100000             230400  2.8251628530574807E-01
   181   17.195000             230400  2.8249731332762790E-01
   182   17.290000             230400  2.8247716486435898E-01
   183   17.385000             230400  2.8245572101165595E-01
   184   17.480000             230400  2.8243286160897563E-01
   185   17.575000             230400  2.8240846247660434E-01
   186   17.670000             230400  2.8238238784798597E-01
   187   17.765000             230400  2.8235448463152935E-01
   188   17.860000             230400  2.8232458403347632E-01
   189   17.955000             230400  2.8229251071101275E-01
   190   18.050000             230400  2.8225809400394114E-01
   191   18.145000             230400  2.8222117317258794E-01
   192   18.240000             230400  2.8218159152260952E-01
   193   18.335000             230400  2.8213918213229761E-01
   194   18.430000             230400  2.8209375475011134E-01
   195   18.525000             230400  2.8204509264939881E-01
   196   18.620000             230400  2.8199296023287723E-01
   197   18.715000             230400  2.8193711477426098E-01
   198   18.810000             230400  2.8187731488127626E-01
   199   18.905000             230400  2.8181332247966384E-01
   200   19.000000             230400  2.8174489974649114E-01
   201   19.095000             230400  2.8167180576080275E-01
   202   19.190000             230400  2.8159379865130912E-01
   203   19.285000             230400  2.8151064427971084E-01
   204   19.380000             230400  2.8142212382401144E-01
   205   19.475000             230400  2.8132802972994064E-01
   206   19.570000             230400  2.8122814790193490E-01
   207   19.665000             230400  2.8112223647378670E-01
   208   19.760000             230400  2.8101001703004541E-01
   209   19.855000             230400  2.8089118702972471E-01
   210   19.950000             230400  2.8076544384176239E-01
   211   20.045000             230400  2.8063249602211898E-01
   212   20.140000             230400  2.8049204788592219E-01
   213   20.235000             230400  2.8034377451794212E-01
   214   20.330000             230400  2.8018731893904880E-01
   215   20.425000             230400  2.8002231927359172E-01
   216   20.520000             230400  2.7984844105488982E-01
   217   20.615000             230400  2.7966538869858337E-01
   218   20.710000             230400  2.7947289357517130E-01
   219   20.805000             230400  2.7927069201013466E-01
   220   20.900000             230400  2.7905850890286688E-01
   221   20.995000             230400  2.7883605757620039E-01
   222   21.090000             230400  2.7860305303367938E-01
   223   21.185000             230400  2.7835922526087670E-01
   224   21.280000             230400  2.7810432113859940E-01
   225   21.375000             230400  2.7783809164586559E-01
   226   21.470000             230400  2.7756026800030126E-01
   227   21.565000             230400  2.7727054222316777E-01
   228   21.660000             230400  2.7696857948722198E-01
   229   21.755000             230400  2.7665407421095656E-01
   230   21.850000             230400  2.7632682037740797E-01
   231   21.945000             230400  2.7598674194494577E-01
   232   22.040000             230400  2.7563385855996081E-01
   233   22.135000             230400  2.7526822118087579E-01
   234   22.230000             230400  2.7488987808882875E-01
   235   22.325000             230400  2.7449888938937211E-01
   236   22.420000             230400  2.7409535539415353E-01
   237   22.515000             230400  2.7367942904603970E-01
   238   22.610000             230400  2.7325132169617650E-01
   239   22.705000             230400  2.7281131608141124E-01
   240   22.800000             230400  2.7235977271139783E-01
   241   22.895000             230400  2.7189711151670282E-01
   242   22.990000             230400  2.7142378915729820E-01
   243   23.085000             230400  2.7094031073590641E-01
   244   23.180000             230400  2.7044727399674773E-01
   245   23.275000             230400  2.6994540707481451E-01
   246   23.370000             230400  2.6943556171436145E-01
   247   23.465000             230400  2.6891867151445564E-01
   248   23.560000             230400  2.6839573186156052E-01
   249   23.655000             230400  2.6786783411804704E-01
   250   23.750000             230400  2.6733621266250818E-01
   251   23.845000             230400  2.6680224566516386E-01
   252   23.940000             230400  2.6626742718764473E-01
   253   24.035000             230400  2.6573338278139580E-01
   254   24.130000             230400  2.6520193769871947E-01
   255   24.225000             230400  2.6467515242706841E-01
   256   24.320000             230400  2.6415526537427148E-01
   257   24.415000             230400  2.6364460237939330E-01
   258   24.510000             230400  2.6314555878864709E-01
   259   24.605000             230400  2.6266066377697561E-01
   260   24.700000             230400  2.6219265274318426E-01
   261   24.795000             230400  2.6174448907993558E-01
   262   24.890000             230400  2.6131930931394443E-01
   263   24.985000             230400  2.6092029008541739E-01
   264   25.080000             230400  2.6055048373097767E-01
   265   25.175000             230400  2.6021271717346178E-01
   266   25.270000             230400  2.5990959927183327E-01
   267   25.365000             230400  2.5964354656122179E-01
   268   25.460000             230400  2.5941672762336931E-01
   269   25.555000             230400  2.5923094684634246E-01
   270   25.650000             230400  2.5908753150483466E-01
   271   25.745000             230400  2.5898725001684286E-01
   272   25.840000             230400  2.5893028312423894E-01
   273   25.935000             230400  2.5891627025777564E-01
   274   26.030000             230400  2.5894436324579084E-01
   275   26.125000             230400  2.5901318049202876E-01
   276   26.220000             230400  2.5912068187508808E-01
   277   26.315000             230400  2.5926408206660312E-01
   278   26.410000             230400  2.5943989681598384E-01
   279   26.505000             230400  2.5964410811720567E-01
   280   26.600000             230400  2.5987233819743810E-01
   281   26.695000             230400  2.6011998468717568E-01
   282   26.790000             230400  2.6038233502787078E-01
   283   26.885000             230400  2.6065465105204055E-01
   284   26.980000             230400  2.6093218932179918E-01
   285   27.075000             230400  2.6121018428674381E-01
   286   27.170000             230400  2.6148391150978517E-01
   287   27.265000             230400  2.6174886053963425E-01
   288   27.360000             230400  2.6200091404214665E-01
   289   27.455000             230400  2.6223644078672936E-01
   290   27.550000             230400  2.6245230951174681E-01
   291   27.645000             230400  2.6264588342126605E-01
   292   27.740000             230400  2.6281503887785590E-01
   293   27.835000             230400  2.6295820214844540E-01
   294   27.930000             230400  2.6307436288177516E-01
   295   28.025000             230400  2.6316303207914188E-01
   296   28.120000             230400  2.6322416221736677E-01
   297   28.215000             230400  2.6325809322522264E-01
   298   28.310000             230400  2.6326554733527474E-01
   299   28.405000             230400  2.6324762926917100E-01
   300   28.500000             230400  2.6320579236461039E-01
   301   28.595000             230400  2.6314178852170589E-01
   302   28.690000             230400  2.6305762825936541E-01
   303   28.785000             230400  2.6295555854110242E-01
   304   28.880000             230400  2.6283805824331885E-01
   305   28.975000             230400  2.6270784354825477E-01
   306   29.070000             230400  2.6256784438449721E-01
   307   29.165000             230400  2.6242111564055515E-01
   308   29.260000             230400  2.6227072315183442E-01
   309   29.355000             230400  2.6211967222514321E-01
   310   29.450000             230400  2.6197089707652649E-01
   311   29.545000             230400  2.6182726192753814E-01
   312   29.640000             230400  2.6169149199388997E-01
   313   29.735000             230400  2.6156604315770537E-01
   314   29.830000             230400  2.6145301310621338E-01
   315   29.925000             230400  2.6135414964488962E-01
   316   30.020000             230400  2.6127089717302299E-01
   317   30.115000             230400  2.6120439252694666E-01
   318   30.210000             230400  2.6115541227580313E-01
   319   30.305000             230400  2.6112434623004044E-01
   320   30.400000             230400  2.6111123071226300E-01
   321   30.495000             230400  2.6111579971421262E-01
   322   30.590000             230400  2.6113751979187227E-01
   323   30.685000             230400  2.6117560706606840E-01
   324   30.780000             230400  2.6122903665741160E-01
   325   30.875000             230400  2.6129653886771131E-01
   326   30.970000             230400  2.6137655924780329E-01
   327   31.065000             230400  2.6146720914897115E-01
   328   31.160000             230400  2.6156626342585576E-01
   329   31.255000             230400  2.6167122711595886E-01
   330   31.350000             230400  2.6177940611998884E-01
   331   31.445000             230400  2.6188789813306312E-01
   332   31.540000             230400  2.6199352367691264E-01
   333   31.635000             230400  2.6209278726203672E-01
   334   31.730000             230400  2.6218192296786202E-01
   335   31.825000             230400  2.6225701545555480E-01
   336   31.920000             230400  2.6231417911101179E-01
   337   32.015000             230400  2.6234974238098530E-01
   338   32.110000             230400  2.6236034713754258E-01
   339   32.205000             230400  2.6234294111310774E-01
   340   32.300000             230400  2.6229475694756432E-01
   341   32.395000             230400  2.6221340273136606E-01
   342   32.490000             230400  2.6209708755210076E-01
   343   32.585000             230400  2.6194485286465979E-01
   344   32.680000             230400  2.6175664337633209E-01
   345   32.775000             230400  2.6153320469785019E-01
   346   32.870000             230400  2.6127595723713026E-01
   347   32.965000             230400  2.6098696420820888E-01
   348   33.060000             230400  2.6066896296231251E-01
   349   33.155000             230400  2.6032537469532768E-01
   350   33.250000             230400  2.5996026286022894E-01
   351   33.345000             230400  2.5957824142208547E-01
   352   33.440000             230400  2.5918433184282558E-01
   353   33.535000             230400  2.5878379576406707E-01
   354   33.630000             230400  2.5838198053142064E-01
   355   33.725000             230400  2.5798416520553979E-01
   356   33.820000             230400  2.5759540734810271E-01
   357   33.915000             230400  2.5722045810288652E-01
   358   34.010000             230400  2.5686376889798052E-01
   359   34.105000             230400  2.5652949663940405E-01
   360   34.200000             230400  2.5622143081437487E-01
   361   34.295000             230400  2.5594285470446426E-01
   362   34.390000             230400  2.5569640580531527E-01
   363   34.485000             230400  2.5548400466297078E-01
   364   34.580000             230400  2.5530685065321113E-01
   365   34.675000             230400  2.5516545475250957E-01
   366   34.770000             230400  2.5505971035878461E-01
   367   34.865000             230400  2.5498904088960667E-01
   368   34.960000             230400  2.5495256342866263E-01
   369   35.055000             230400  2.5494911904688178E-01
   370   35.150000             230400  2.5497715754709532E-01
   371   35.245000             230400  2.5503464267979975E-01
   372   35.340000             230400  2.5511911270674703E-01
   373   35.435000             230400  2.5522787116713885E-01
   374   35.530000             230400  2.5535815524133987E-01
   375   35.625000             230400  2.5550711659576075E-01
   376   35.720000             230400  2.5567160058535709E-01
   377   35.815000             230400  2.5584790131872309E-01
   378   35.910000             230400  2.5603170322530899E-01
   379   36.005000             230400  2.5621825031414608E-01
   380   36.100000             230400  2.5640262530714808E-01
   381   36.195000             230400  2.5657998015054728E-01
   382   36.290000             230400  2.5674568398178566E-01
   383   36.385000             230400  2.5689548095007952E-01
   384   36.480000             230400  2.5702572300585708E-01
   385   36.575000             230400  2.5713363771241443E-01
   386   36.670000             230400  2.5721751426376649E-01
   387   36.765000             230400  2.5727675716591714E-01
   388   36.860000             230400  2.5731187794001925E-01
   389   36.955000             230400  2.5732453674688605E-01
   390   37.050000             230400  2.5731765529686274E-01
   391   37.145000             230400  2.5729550485532410E-01
   392   37.240000             230400  2.5726367024418406E-01
   393   37.335000             230400  2.5722884924663392E-01
   394   37.430000             230400  2.5719849655656235E-01
   395   37.525000             230400  2.5718035737438838E-01
   396   37.620000             230400  2.5718198139888654E-01
   397   37.715000             230400  2.5721029501487352E-01
   398   37.810000             230400  2.5727125447044075E-01
   399   37.905000             230400  2.5736964380293170E-01
   400   38.000000             230400  2.5750908366635827E-01
   401   38.095000             230400  2.5769217524409516E-01
   402   38.190000             230400  2.5792061279149658E-01
   403   38.285000             230400  2.5819521711429505E-01
   404   38.380000             230400  2.5851594966281072E-01
   405   38.475000             230400  2.5888191929840687E-01
   406   38.570000             230400  2.5929137867647439E-01
   407   38.665000             230400  2.5974169837694139E-01
   408   38.760000             230400  2.6022929731177419E-01
   409   38.855000             230400  2.6074956152980999E-01
   410   38.950000             230400  2.6129682510382990E-01
   411   39.045000             230400  2.6186442726161696E-01
   412   39.140000             230400  2.6244479113363101E-01
   413   39.235000             230400  2.6302947546036914E-01
   414   39.330000             230400  2.6360923793991720E-01
   415   39.425000             230400  2.6417426953246470E-01
   416   39.520000             230400  2.6471472799024431E-01
   417   39.615000             230400  2.6522155552184057E-01
   418   39.710000             230400  2.6568737319900260E-01
   419   39.805000             230400  2.6610714618437664E-01
   420   39.900000             230400  2.6647838251077294E-01
   421   39.995000             230400  2.6680077225884491E-01
   422   40.090000             230400  2.6707540707279082E-01
