! Kinetic energy for species "positrons-up"
  Iter        Time          Total Par.             Kin. Energy
     0   0.0000000             230400  2.8278431920037034E-01
     1  0.95000000E-01         230400  2.8278447341943824E-01
     2  0.19000000             230400  2.8278493386147940E-01
     3  0.28500000             230400  2.8278569370709189E-01
     4  0.38000000             230400  2.8278674125284431E-01
     5  0.47500000             230400  2.8278805994121492E-01
     6  0.57000000             230400  2.8278962877555835E-01
     7  0.66500000             230400  2.8279142285178493E-01
     8  0.76000000             230400  2.8279341379388390E-01
     9  0.85500000             230400  2.8279557011096801E-01
    10  0.95000000             230400  2.8279785760736226E-01
    11   1.0450000             230400  2.8280023994240705E-01
    12   1.1400000             230400  2.8280267931002012E-01
    13   1.2350000             230400  2.8280513707747834E-01
    14   1.3300000             230400  2.8280757428394521E-01
    15   1.4250000             230400  2.8280995214476706E-01
    16   1.5200000             230400  2.8281223277183609E-01
    17   1.6150000             230400  2.8281438000126274E-01
    18   1.7100000             230400  2.8281635995304510E-01
    19   1.8050000             230400  2.8281814125817928E-01
    20   1.9000000             230400  2.8281969539715590E-01
    21   1.9950000             230400  2.8282099743787659E-01
    22   2.0900000             230400  2.8282202678163182E-01
    23   2.1850000             230400  2.8282276741030854E-01
    24   2.2800000             230400  2.8282320776038117E-01
    25   2.3750000             230400  2.8282334070267473E-01
    26   2.4700000             230400  2.8282316379717248E-01
    27   2.5650000             230400  2.8282267963791696E-01
    28   2.6600000             230400  2.8282189598528451E-01
    29   2.7550000             230400  2.8282082547383991E-01
    30   2.8500000             230400  2.8281948511313226E-01
    31   2.9450000             230400  2.8281789606653607E-01
    32   3.0400000             230400  2.8281608362059873E-01
    33   3.1350000             230400  2.8281407672156833E-01
    34   3.2300000             230400  2.8281190712546633E-01
    35   3.3250000             230400  2.8280960892240808E-01
    36   3.4200000             230400  2.8280721845513368E-01
    37   3.5150000             230400  2.8280477382484431E-01
    38   3.6100000             230400  2.8280231390794280E-01
    39   3.7050000             230400  2.8279987760361275E-01
    40   3.8000000             230400  2.8279750337635506E-01
    41   3.8950000             230400  2.8279522862687023E-01
    42   3.9900000             230400  2.8279308909934031E-01
    43   4.0850000             230400  2.8279111865370177E-01
    44   4.1800000             230400  2.8278934880760132E-01
    45   4.2750000             230400  2.8278780767767520E-01
    46   4.3700000             230400  2.8278651929327675E-01
    47   4.4650000             230400  2.8278550385759238E-01
    48   4.5600000             230400  2.8278477781373312E-01
    49   4.6550000             230400  2.8278435300218585E-01
    50   4.7500000             230400  2.8278423605089986E-01
    51   4.8450000             230400  2.8278442872666887E-01
    52   4.9400000             230400  2.8278492822062617E-01
    53   5.0350000             230400  2.8278572671186375E-01
    54   5.1300000             230400  2.8278681107385184E-01
    55   5.2250000             230400  2.8278816336156387E-01
    56   5.3200000             230400  2.8278976158245717E-01
    57   5.4150000             230400  2.8279158024370354E-01
    58   5.5100000             230400  2.8279359066314202E-01
    59   5.6050000             230400  2.8279576107703253E-01
    60   5.7000000             230400  2.8279805679397663E-01
    61   5.7950000             230400  2.8280044095672435E-01
    62   5.8900000             230400  2.8280287581522862E-01
    63   5.9850000             230400  2.8280532351839738E-01
    64   6.0800000             230400  2.8280774603391490E-01
    65   6.1750000             230400  2.8281010506508258E-01
    66   6.2700000             230400  2.8281236267459509E-01
    67   6.3650000             230400  2.8281448229759276E-01
    68   6.4600000             230400  2.8281642961035214E-01
    69   6.5550000             230400  2.8281817307002888E-01
    70   6.6500000             230400  2.8281968422986303E-01
    71   6.7450000             230400  2.8282093825312665E-01
    72   6.8400000             230400  2.8282191475303908E-01
    73   6.9350000             230400  2.8282259825081074E-01
    74   7.0300000             230400  2.8282297788359623E-01
    75   7.1250000             230400  2.8282304721860352E-01
    76   7.2200000             230400  2.8282280481159716E-01
    77   7.3150000             230400  2.8282225474418460E-01
    78   7.4100000             230400  2.8282140622656349E-01
    79   7.5050000             230400  2.8282027264338727E-01
    80   7.6000000             230400  2.8281887109689019E-01
    81   7.6950000             230400  2.8281722271706566E-01
    82   7.7900000             230400  2.8281535293656201E-01
    83   7.8850000             230400  2.8281329094869523E-01
    84   7.9800000             230400  2.8281106861712252E-01
    85   8.0750000             230400  2.8280871970718741E-01
    86   8.1700000             230400  2.8280627970048855E-01
    87   8.2650000             230400  2.8280378575087683E-01
    88   8.3600000             230400  2.8280127641267316E-01
    89   8.4550000             230400  2.8279879102209632E-01
    90   8.5500000             230400  2.8279636875152642E-01
    91   8.6450000             230400  2.8279404769233651E-01
    92   8.7400000             230400  2.8279186424937858E-01
    93   8.8350000             230400  2.8278985241916926E-01
    94   8.9300000             230400  2.8278804268066882E-01
    95   9.0250000             230400  2.8278646140374619E-01
    96   9.1200000             230400  2.8278513145241213E-01
    97   9.2150000             230400  2.8278407274668310E-01
    98   9.3100000             230400  2.8278330124353057E-01
    99   9.4050000             230400  2.8278282715294423E-01
   100   9.5000000             230400  2.8278265460184637E-01
   101   9.5950000             230400  2.8278278308536725E-01
   102   9.6900000             230400  2.8278320877748420E-01
   103   9.7850000             230400  2.8278392423552989E-01
   104   9.8800000             230400  2.8278491699539754E-01
   105   9.9750000             230400  2.8278616855641281E-01
   106   10.070000             230400  2.8278765491846497E-01
   107   10.165000             230400  2.8278934843176134E-01
   108   10.260000             230400  2.8279121924722811E-01
   109   10.355000             230400  2.8279323525130362E-01
   110   10.450000             230400  2.8279536151547968E-01
   111   10.545000             230400  2.8279756069640966E-01
   112   10.640000             230400  2.8279979411222123E-01
   113   10.735000             230400  2.8280202232547880E-01
   114   10.830000             230400  2.8280420509471610E-01
   115   10.925000             230400  2.8280630172955079E-01
   116   11.020000             230400  2.8280827251649682E-01
   117   11.115000             230400  2.8281008036402766E-01
   118   11.210000             230400  2.8281169123591243E-01
   119   11.305000             230400  2.8281307345866524E-01
   120   11.400000             230400  2.8281419769319716E-01
   121   11.495000             230400  2.8281503857772178E-01
   122   11.590000             230400  2.8281557647109018E-01
   123   11.685000             230400  2.8281579698615206E-01
   124   11.780000             230400  2.8281568849973149E-01
   125   11.875000             230400  2.8281524031557725E-01
   126   11.970000             230400  2.8281444348114065E-01
   127   12.065000             230400  2.8281329368529889E-01
   128   12.160000             230400  2.8281179411473101E-01
   129   12.255000             230400  2.8280995652925051E-01
   130   12.350000             230400  2.8280780035995784E-01
   131   12.445000             230400  2.8280535080591018E-01
   132   12.540000             230400  2.8280263657298438E-01
   133   12.635000             230400  2.8279968717862941E-01
   134   12.730000             230400  2.8279653044800146E-01
   135   12.825000             230400  2.8279319211592935E-01
   136   12.920000             230400  2.8278969878750504E-01
   137   13.015000             230400  2.8278608235587716E-01
   138   13.110000             230400  2.8278238137734779E-01
   139   13.205000             230400  2.8277863682610610E-01
   140   13.300000             230400  2.8277488530463835E-01
   141   13.395000             230400  2.8277115567953187E-01
   142   13.490000             230400  2.8276747113266376E-01
   143   13.585000             230400  2.8276385258630632E-01
   144   13.680000             230400  2.8276031908380861E-01
   145   13.775000             230400  2.8275688569756097E-01
   146   13.870000             230400  2.8275356257763984E-01
   147   13.965000             230400  2.8275035653517816E-01
   148   14.060000             230400  2.8274727330082217E-01
   149   14.155000             230400  2.8274431840273817E-01
   150   14.250000             230400  2.8274149624296746E-01
   151   14.345000             230400  2.8273880766714610E-01
   152   14.440000             230400  2.8273624630425342E-01
   153   14.535000             230400  2.8273379473777105E-01
   154   14.630000             230400  2.8273142270894042E-01
   155   14.725000             230400  2.8272908907937860E-01
   156   14.820000             230400  2.8272674670862619E-01
   157   14.915000             230400  2.8272434690064552E-01
   158   15.010000             230400  2.8272184029090530E-01
   159   15.105000             230400  2.8271917411565589E-01
   160   15.200000             230400  2.8271628901390072E-01
   161   15.295000             230400  2.8271311897299656E-01
   162   15.390000             230400  2.8270959518431343E-01
   163   15.485000             230400  2.8270565090323252E-01
   164   15.580000             230400  2.8270122359627264E-01
   165   15.675000             230400  2.8269625344474525E-01
   166   15.770000             230400  2.8269068015357968E-01
   167   15.865000             230400  2.8268444021781958E-01
   168   15.960000             230400  2.8267746579933378E-01
   169   16.055000             230400  2.8266968607689763E-01
   170   16.150000             230400  2.8266103127972458E-01
   171   16.245000             230400  2.8265143732061560E-01
   172   16.340000             230400  2.8264084695263647E-01
   173   16.435000             230400  2.8262920509874090E-01
   174   16.530000             230400  2.8261645132060648E-01
   175   16.625000             230400  2.8260251615997967E-01
   176   16.720000             230400  2.8258732549533860E-01
   177   16.815000             230400  2.8257080954011593E-01
   178   16.910000             230400  2.8255290795362309E-01
   179   17.005000             230400  2.8253356600122681E-01
   180   17.100000             230400  2.8251272621183365E-01
   181   17.195000             230400  2.8249032491535214E-01
   182   17.290000             230400  2.8246629697384362E-01
   183   17.385000             230400  2.8244058213291717E-01
   184   17.480000             230400  2.8241312486889614E-01
   185   17.575000             230400  2.8238386758653888E-01
   186   17.670000             230400  2.8235274403199823E-01
   187   17.765000             230400  2.8231967809677450E-01
   188   17.860000             230400  2.8228458653265437E-01
   189   17.955000             230400  2.8224738104912755E-01
   190   18.050000             230400  2.8220796823246314E-01
   191   18.145000             230400  2.8216624934119683E-01
   192   18.240000             230400  2.8212212079944793E-01
   193   18.335000             230400  2.8207547167953817E-01
   194   18.430000             230400  2.8202617456951695E-01
   195   18.525000             230400  2.8197407423039067E-01
   196   18.620000             230400  2.8191898458719333E-01
   197   18.715000             230400  2.8186069783855339E-01
   198   18.810000             230400  2.8179899687739762E-01
   199   18.905000             230400  2.8173366090715701E-01
   200   19.000000             230400  2.8166446420884256E-01
   201   19.095000             230400  2.8159117364053010E-01
   202   19.190000             230400  2.8151354624540004E-01
   203   19.285000             230400  2.8143132492237477E-01
   204   19.380000             230400  2.8134423444609991E-01
   205   19.475000             230400  2.8125198473967772E-01
   206   19.570000             230400  2.8115428320190072E-01
   207   19.665000             230400  2.8105084526932400E-01
   208   19.760000             230400  2.8094138667697549E-01
   209   19.855000             230400  2.8082559427388298E-01
   210   19.950000             230400  2.8070309579279396E-01
   211   20.045000             230400  2.8057345692393221E-01
   212   20.140000             230400  2.8043621293783305E-01
   213   20.235000             230400  2.8029091184324784E-01
   214   20.330000             230400  2.8013713829950471E-01
   215   20.425000             230400  2.7997450767239984E-01
   216   20.520000             230400  2.7980264531585419E-01
   217   20.615000             230400  2.7962117286236154E-01
   218   20.710000             230400  2.7942970903670827E-01
   219   20.805000             230400  2.7922787679165428E-01
   220   20.900000             230400  2.7901530863013924E-01
   221   20.995000             230400  2.7879165181941712E-01
   222   21.090000             230400  2.7855657454958710E-01
   223   21.185000             230400  2.7830976459073475E-01
   224   21.280000             230400  2.7805091666508275E-01
   225   21.375000             230400  2.7777972108049803E-01
   226   21.470000             230400  2.7749586875416654E-01
   227   21.565000             230400  2.7719907303522773E-01
   228   21.660000             230400  2.7688909300449049E-01
   229   21.755000             230400  2.7656573695274256E-01
   230   21.850000             230400  2.7622884181605412E-01
   231   21.945000             230400  2.7587826367954793E-01
   232   22.040000             230400  2.7551391750361592E-01
   233   22.135000             230400  2.7513584115541823E-01
   234   22.230000             230400  2.7474420894799834E-01
   235   22.325000             230400  2.7433926994027324E-01
   236   22.420000             230400  2.7392127903216823E-01
   237   22.515000             230400  2.7349049878146958E-01
   238   22.610000             230400  2.7304726908539989E-01
   239   22.705000             230400  2.7259206991343760E-01
   240   22.800000             230400  2.7212551047463202E-01
   241   22.895000             230400  2.7164826177354134E-01
   242   22.990000             230400  2.7116102088743593E-01
   243   23.085000             230400  2.7066456096310570E-01
   244   23.180000             230400  2.7015981092090641E-01
   245   23.275000             230400  2.6964786934348117E-01
   246   23.370000             230400  2.6912995222335945E-01
   247   23.465000             230400  2.6860735194982305E-01
   248   23.560000             230400  2.6808144264152622E-01
   249   23.655000             230400  2.6755370136257700E-01
   250   23.750000             230400  2.6702571583034684E-01
   251   23.845000             230400  2.6649917267618484E-01
   252   23.940000             230400  2.6597582288330335E-01
   253   24.035000             230400  2.6545741948222212E-01
   254   24.130000             230400  2.6494566028788391E-01
   255   24.225000             230400  2.6444217167808004E-01
   256   24.320000             230400  2.6394852478493858E-01
   257   24.415000             230400  2.6346623854391360E-01
   258   24.510000             230400  2.6299670780599005E-01
   259   24.605000             230400  2.6254107319097369E-01
   260   24.700000             230400  2.6210011910173020E-01
   261   24.795000             230400  2.6167427948684513E-01
   262   24.890000             230400  2.6126374098338506E-01
   263   24.985000             230400  2.6086853629990392E-01
   264   25.080000             230400  2.6048854113040465E-01
   265   25.175000             230400  2.6012340384380200E-01
   266   25.270000             230400  2.5977252057718292E-01
   267   25.365000             230400  2.5943515584503041E-01
   268   25.460000             230400  2.5911067648054109E-01
   269   25.555000             230400  2.5879873776381584E-01
   270   25.650000             230400  2.5849932507151557E-01
   271   25.745000             230400  2.5821270307362076E-01
   272   25.840000             230400  2.5793937412434792E-01
   273   25.935000             230400  2.5768008386715435E-01
   274   26.030000             230400  2.5743584133344632E-01
   275   26.125000             230400  2.5720791005341359E-01
   276   26.220000             230400  2.5699778644175064E-01
   277   26.315000             230400  2.5680720182124273E-01
   278   26.410000             230400  2.5663811690939542E-01
   279   26.505000             230400  2.5649265564836643E-01
   280   26.600000             230400  2.5637300057219842E-01
   281   26.695000             230400  2.5628130819974804E-01
   282   26.790000             230400  2.5621964553160215E-01
   283   26.885000             230400  2.5618994190236521E-01
   284   26.980000             230400  2.5619397748263639E-01
   285   27.075000             230400  2.5623339621599389E-01
   286   27.170000             230400  2.5630968726945780E-01
   287   27.265000             230400  2.5642411003850252E-01
   288   27.360000             230400  2.5657761396687079E-01
   289   27.455000             230400  2.5677081171431304E-01
   290   27.550000             230400  2.5700398542886754E-01
   291   27.645000             230400  2.5727705942919199E-01
   292   27.740000             230400  2.5758953990144962E-01
   293   27.835000             230400  2.5794046668761317E-01
   294   27.930000             230400  2.5832839107701366E-01
   295   28.025000             230400  2.5875135964933865E-01
   296   28.120000             230400  2.5920690084020370E-01
   297   28.215000             230400  2.5969202280179426E-01
   298   28.310000             230400  2.6020322482031055E-01
   299   28.405000             230400  2.6073653009259168E-01
   300   28.500000             230400  2.6128753165708635E-01
   301   28.595000             230400  2.6185142844699216E-01
   302   28.690000             230400  2.6242306662532422E-01
   303   28.785000             230400  2.6299703383091816E-01
   304   28.880000             230400  2.6356780106800487E-01
   305   28.975000             230400  2.6412986207182254E-01
   306   29.070000             230400  2.6467784393971022E-01
   307   29.165000             230400  2.6520658265709707E-01
   308   29.260000             230400  2.6571117304106934E-01
   309   29.355000             230400  2.6618701483497809E-01
   310   29.450000             230400  2.6662985275262929E-01
   311   29.545000             230400  2.6703581376020435E-01
   312   29.640000             230400  2.6740146701140294E-01
   313   29.735000             230400  2.6772389859013335E-01
   314   29.830000             230400  2.6800074418271247E-01
   315   29.925000             230400  2.6823017828923906E-01
   316   30.020000             230400  2.6841092733359712E-01
   317   30.115000             230400  2.6854232887385204E-01
   318   30.210000             230400  2.6862438710093017E-01
   319   30.305000             230400  2.6865776811627778E-01
   320   30.400000             230400  2.6864373920262463E-01
   321   30.495000             230400  2.6858412883174909E-01
   322   30.590000             230400  2.6848135510968274E-01
   323   30.685000             230400  2.6833844736938506E-01
   324   30.780000             230400  2.6815896466043909E-01
   325   30.875000             230400  2.6794685662459444E-01
   326   30.970000             230400  2.6770639073198682E-01
   327   31.065000             230400  2.6744214132725230E-01
   328   31.160000             230400  2.6715892857578594E-01
   329   31.255000             230400  2.6686168121000509E-01
   330   31.350000             230400  2.6655532026933493E-01
   331   31.445000             230400  2.6624470494769881E-01
   332   31.540000             230400  2.6593457270336807E-01
   333   31.635000             230400  2.6562944881155831E-01
   334   31.730000             230400  2.6533358763755704E-01
   335   31.825000             230400  2.6505097862498894E-01
   336   31.920000             230400  2.6478536014896115E-01
   337   32.015000             230400  2.6454020366166409E-01
   338   32.110000             230400  2.6431867420997390E-01
   339   32.205000             230400  2.6412353928957999E-01
   340   32.300000             230400  2.6395703982727103E-01
   341   32.395000             230400  2.6382080372921179E-01
   342   32.490000             230400  2.6371585395984770E-01
   343   32.585000             230400  2.6364262493156865E-01
   344   32.680000             230400  2.6360087499299384E-01
   345   32.775000             230400  2.6358954139128776E-01
   346   32.870000             230400  2.6360666098871721E-01
   347   32.965000             230400  2.6364941405362086E-01
   348   33.060000             230400  2.6371423281203088E-01
   349   33.155000             230400  2.6379687895437076E-01
   350   33.250000             230400  2.6389246239676162E-01
   351   33.345000             230400  2.6399547885788849E-01
   352   33.440000             230400  2.6409995458343438E-01
   353   33.535000             230400  2.6419968909391622E-01
   354   33.630000             230400  2.6428850824140482E-01
   355   33.725000             230400  2.6436047542449126E-01
   356   33.820000             230400  2.6441004524883127E-01
   357   33.915000             230400  2.6443216004228981E-01
   358   34.010000             230400  2.6442234055459357E-01
   359   34.105000             230400  2.6437682280861596E-01
   360   34.200000             230400  2.6429269668854694E-01
   361   34.295000             230400  2.6416795613419602E-01
   362   34.390000             230400  2.6400144889514054E-01
   363   34.485000             230400  2.6379276489133441E-01
   364   34.580000             230400  2.6354213670919852E-01
   365   34.675000             230400  2.6325042197144294E-01
   366   34.770000             230400  2.6291915272910155E-01
   367   34.865000             230400  2.6255055133619565E-01
   368   34.960000             230400  2.6214741750610271E-01
   369   35.055000             230400  2.6171292667977397E-01
   370   35.150000             230400  2.6125048180977495E-01
   371   35.245000             230400  2.6076368995301391E-01
   372   35.340000             230400  2.6025640466238503E-01
   373   35.435000             230400  2.5973272444746037E-01
   374   35.530000             230400  2.5919688934028851E-01
   375   35.625000             230400  2.5865313936459822E-01
   376   35.720000             230400  2.5810564098167260E-01
   377   35.815000             230400  2.5755849643957440E-01
   378   35.910000             230400  2.5701574861010373E-01
   379   36.005000             230400  2.5648130708952593E-01
   380   36.100000             230400  2.5595882696190803E-01
   381   36.195000             230400  2.5545160731502981E-01
   382   36.290000             230400  2.5496254313095434E-01
   383   36.385000             230400  2.5449410885129420E-01
   384   36.480000             230400  2.5404831559965002E-01
   385   36.575000             230400  2.5362662064566704E-01
   386   36.670000             230400  2.5322982117486159E-01
   387   36.765000             230400  2.5285798134352039E-01
   388   36.860000             230400  2.5251040255878471E-01
   389   36.955000             230400  2.5218560885280594E-01
   390   37.050000             230400  2.5188132119755235E-01
   391   37.145000             230400  2.5159443335704745E-01
   392   37.240000             230400  2.5132102796504929E-01
   393   37.335000             230400  2.5105643696988345E-01
   394   37.430000             230400  2.5079533114785102E-01
   395   37.525000             230400  2.5053185700540226E-01
   396   37.620000             230400  2.5025984491160042E-01
   397   37.715000             230400  2.4997306965944027E-01
   398   37.810000             230400  2.4966551264079381E-01
   399   37.905000             230400  2.4933158141620912E-01
   400   38.000000             230400  2.4896626136326927E-01
   401   38.095000             230400  2.4856520926360565E-01
   402   38.190000             230400  2.4812483344044567E-01
   403   38.285000             230400  2.4764237257483263E-01
   404   38.380000             230400  2.4711597298608659E-01
   405   38.475000             230400  2.4654471899924735E-01
   406   38.570000             230400  2.4592852369179313E-01
   407   38.665000             230400  2.4526793137537362E-01
   408   38.760000             230400  2.4456396889038046E-01
   409   38.855000             230400  2.4381808599285595E-01
   410   38.950000             230400  2.4303213759373629E-01
   411   39.045000             230400  2.4220832967123157E-01
   412   39.140000             230400  2.4134912183947674E-01
   413   39.235000             230400  2.4045713317923700E-01
   414   39.330000             230400  2.3953512954644074E-01
   415   39.425000             230400  2.3858617663963677E-01
   416   39.520000             230400  2.3761392394540659E-01
   417   39.615000             230400  2.3662288523033101E-01
   418   39.710000             230400  2.3561861391964764E-01
   419   39.805000             230400  2.3460777030073610E-01
   420   39.900000             230400  2.3359809852433311E-01
   421   39.995000             230400  2.3259829484025191E-01
   422   40.090000             230400  2.3161775700665965E-01
