! Kinetic energy for species "electrons-up"
  Iter        Time          Total Par.             Kin. Energy
     0   0.0000000             230400  2.8283178647990109E-01
     1  0.95000000E-01         230400  2.8283163119914756E-01
     2  0.19000000             230400  2.8283116798536612E-01
     3  0.28500000             230400  2.8283040455491310E-01
     4  0.38000000             230400  2.8282935335223280E-01
     5  0.47500000             230400  2.8282803122136635E-01
     6  0.57000000             230400  2.8282645915435289E-01
     7  0.66500000             230400  2.8282466203409490E-01
     8  0.76000000             230400  2.8282266831365288E-01
     9  0.85500000             230400  2.8282050962276439E-01
    10  0.95000000             230400  2.8281822027190506E-01
    11   1.0450000             230400  2.8281583665351234E-01
    12   1.1400000             230400  2.8281339661996968E-01
    13   1.2350000             230400  2.8281093887330722E-01
    14   1.3300000             230400  2.8280850233510324E-01
    15   1.4250000             230400  2.8280612555420548E-01
    16   1.5200000             230400  2.8280384622271010E-01
    17   1.6150000             230400  2.8280170064860027E-01
    18   1.7100000             230400  2.8279972299159761E-01
    19   1.8050000             230400  2.8279794444204764E-01
    20   1.9000000             230400  2.8279639273408608E-01
    21   1.9950000             230400  2.8279509202766906E-01
    22   2.0900000             230400  2.8279406280464997E-01
    23   2.1850000             230400  2.8279332154197612E-01
    24   2.2800000             230400  2.8279288026690058E-01
    25   2.3750000             230400  2.8279274620818262E-01
    26   2.4700000             230400  2.8279292163276537E-01
    27   2.5650000             230400  2.8279340378785789E-01
    28   2.6600000             230400  2.8279418487312691E-01
    29   2.7550000             230400  2.8279525221231372E-01
    30   2.8500000             230400  2.8279658878377434E-01
    31   2.9450000             230400  2.8279817374005028E-01
    32   3.0400000             230400  2.8279998241639753E-01
    33   3.1350000             230400  2.8280198614104596E-01
    34   3.2300000             230400  2.8280415260704489E-01
    35   3.3250000             230400  2.8280644682009759E-01
    36   3.4200000             230400  2.8280883207158058E-01
    37   3.5150000             230400  2.8281127071477347E-01
    38   3.6100000             230400  2.8281372465067323E-01
    39   3.7050000             230400  2.8281615537496357E-01
    40   3.8000000             230400  2.8281852407660685E-01
    41   3.8950000             230400  2.8282079256408538E-01
    42   3.9900000             230400  2.8282292466367437E-01
    43   4.0850000             230400  2.8282488694429808E-01
    44   4.1800000             230400  2.8282664864671203E-01
    45   4.2750000             230400  2.8282818175117047E-01
    46   4.3700000             230400  2.8282946158837163E-01
    47   4.4650000             230400  2.8283046754299107E-01
    48   4.5600000             230400  2.8283118350016639E-01
    49   4.6550000             230400  2.8283159805102998E-01
    50   4.7500000             230400  2.8283170452649753E-01
    51   4.8450000             230400  2.8283150107608751E-01
    52   4.9400000             230400  2.8283099095025660E-01
    53   5.0350000             230400  2.8283018252420389E-01
    54   5.1300000             230400  2.8282908864868667E-01
    55   5.2250000             230400  2.8282772603639439E-01
    56   5.3200000             230400  2.8282611550511011E-01
    57   5.4150000             230400  2.8282428245579372E-01
    58   5.5100000             230400  2.8282225652137083E-01
    59   5.6050000             230400  2.8282007053053759E-01
    60   5.7000000             230400  2.8281775945775550E-01
    61   5.7950000             230400  2.8281535953798353E-01
    62   5.8900000             230400  2.8281290777769302E-01
    63   5.9850000             230400  2.8281044209750794E-01
    64   6.0800000             230400  2.8280800139227624E-01
    65   6.1750000             230400  2.8280562463938103E-01
    66   6.2700000             230400  2.8280334958138614E-01
    67   6.3650000             230400  2.8280121204339220E-01
    68   6.4600000             230400  2.8279924571963933E-01
    69   6.5550000             230400  2.8279748159508861E-01
    70   6.6500000             230400  2.8279594708118738E-01
    71   6.7450000             230400  2.8279466562689115E-01
    72   6.8400000             230400  2.8279365687142172E-01
    73   6.9350000             230400  2.8279293662161126E-01
    74   7.0300000             230400  2.8279251634621860E-01
    75   7.1250000             230400  2.8279240264345801E-01
    76   7.2200000             230400  2.8279259706417359E-01
    77   7.3150000             230400  2.8279309614871556E-01
    78   7.4100000             230400  2.8279389141861572E-01
    79   7.5050000             230400  2.8279496937962101E-01
    80   7.6000000             230400  2.8279631184102882E-01
    81   7.6950000             230400  2.8279789665013311E-01
    82   7.7900000             230400  2.8279969844259484E-01
    83   7.8850000             230400  2.8280168888617763E-01
    84   7.9800000             230400  2.8280383639709106E-01
    85   8.0750000             230400  2.8280610592531535E-01
    86   8.1700000             230400  2.8280845956046285E-01
    87   8.2650000             230400  2.8281085804664940E-01
    88   8.3600000             230400  2.8281326220147807E-01
    89   8.4550000             230400  2.8281563331246329E-01
    90   8.5500000             230400  2.8281793309541448E-01
    91   8.6450000             230400  2.8282012422175362E-01
    92   8.7400000             230400  2.8282217102681373E-01
    93   8.8350000             230400  2.8282403972873105E-01
    94   8.9300000             230400  2.8282569885623832E-01
    95   9.0250000             230400  2.8282712046984138E-01
    96   9.1200000             230400  2.8282828114303815E-01
    97   9.2150000             230400  2.8282916172516093E-01
    98   9.3100000             230400  2.8282974654305187E-01
    99   9.4050000             230400  2.8283002328976881E-01
   100   9.5000000             230400  2.8282998403761861E-01
   101   9.5950000             230400  2.8282962676692219E-01
   102   9.6900000             230400  2.8282895611427689E-01
   103   9.7850000             230400  2.8282798238240336E-01
   104   9.8800000             230400  2.8282671945950960E-01
   105   9.9750000             230400  2.8282518357260839E-01
   106   10.070000             230400  2.8282339392287126E-01
   107   10.165000             230400  2.8282137411043684E-01
   108   10.260000             230400  2.8281915265443858E-01
   109   10.355000             230400  2.8281676229012076E-01
   110   10.450000             230400  2.8281423867983224E-01
   111   10.545000             230400  2.8281161902729801E-01
   112   10.640000             230400  2.8280894112699573E-01
   113   10.735000             230400  2.8280624311575009E-01
   114   10.830000             230400  2.8280356313296251E-01
   115   10.925000             230400  2.8280093829103670E-01
   116   11.020000             230400  2.8279840392115058E-01
   117   11.115000             230400  2.8279599373290365E-01
   118   11.210000             230400  2.8279373952411979E-01
   119   11.305000             230400  2.8279166966735758E-01
   120   11.400000             230400  2.8278980831927536E-01
   121   11.495000             230400  2.8278817681384977E-01
   122   11.590000             230400  2.8278679505603721E-01
   123   11.685000             230400  2.8278567997141452E-01
   124   11.780000             230400  2.8278484169943086E-01
   125   11.875000             230400  2.8278428102586872E-01
   126   11.970000             230400  2.8278399025160644E-01
   127   12.065000             230400  2.8278395663032707E-01
   128   12.160000             230400  2.8278416580631316E-01
   129   12.255000             230400  2.8278460308921433E-01
   130   12.350000             230400  2.8278525230979035E-01
   131   12.445000             230400  2.8278609380335312E-01
   132   12.540000             230400  2.8278710282282843E-01
   133   12.635000             230400  2.8278824827156801E-01
   134   12.730000             230400  2.8278949194608954E-01
   135   12.825000             230400  2.8279078971703409E-01
   136   12.920000             230400  2.8279209505461744E-01
   137   13.015000             230400  2.8279336298999791E-01
   138   13.110000             230400  2.8279455224727584E-01
   139   13.205000             230400  2.8279562463815711E-01
   140   13.300000             230400  2.8279654214613553E-01
   141   13.395000             230400  2.8279726351555684E-01
   142   13.490000             230400  2.8279774310447398E-01
   143   13.585000             230400  2.8279793334511316E-01
   144   13.680000             230400  2.8279778895344332E-01
   145   13.775000             230400  2.8279726970589325E-01
   146   13.870000             230400  2.8279634085755945E-01
   147   13.965000             230400  2.8279497301410128E-01
   148   14.060000             230400  2.8279314300335112E-01
   149   14.155000             230400  2.8279083516568687E-01
   150   14.250000             230400  2.8278804169041794E-01
   151   14.345000             230400  2.8278476133649771E-01
   152   14.440000             230400  2.8278099648925725E-01
   153   14.535000             230400  2.8277674928156155E-01
   154   14.630000             230400  2.8277201894505832E-01
   155   14.725000             230400  2.8276680262338993E-01
   156   14.820000             230400  2.8276109914502534E-01
   157   14.915000             230400  2.8275491247663487E-01
   158   15.010000             230400  2.8274825211228927E-01
   159   15.105000             230400  2.8274113052936978E-01
   160   15.200000             230400  2.8273355978459036E-01
   161   15.295000             230400  2.8272554938670469E-01
   162   15.390000             230400  2.8271710674754180E-01
   163   15.485000             230400  2.8270823997779887E-01
   164   15.580000             230400  2.8269896078775758E-01
   165   15.675000             230400  2.8268928464160481E-01
   166   15.770000             230400  2.8267922714232224E-01
   167   15.865000             230400  2.8266879824591185E-01
   168   15.960000             230400  2.8265799757769483E-01
   169   16.055000             230400  2.8264681418598020E-01
   170   16.150000             230400  2.8263523130226931E-01
   171   16.245000             230400  2.8262323172019976E-01
   172   16.340000             230400  2.8261079760459762E-01
   173   16.435000             230400  2.8259790359521342E-01
   174   16.530000             230400  2.8258450892316123E-01
   175   16.625000             230400  2.8257055501608841E-01
   176   16.720000             230400  2.8255596958766716E-01
   177   16.815000             230400  2.8254067298967556E-01
   178   16.910000             230400  2.8252458199618763E-01
   179   17.005000             230400  2.8250760916877615E-01
   180   17.100000             230400  2.8248965949340210E-01
   181   17.195000             230400  2.8247062792082012E-01
   182   17.290000             230400  2.8245040055666382E-01
   183   17.385000             230400  2.8242885872184631E-01
   184   17.480000             230400  2.8240588174944936E-01
   185   17.575000             230400  2.8238134478164961E-01
   186   17.670000             230400  2.8235511219910864E-01
   187   17.765000             230400  2.8232703189825870E-01
   188   17.860000             230400  2.8229693610251083E-01
   189   17.955000             230400  2.8226464986017402E-01
   190   18.050000             230400  2.8223000225187522E-01
   191   18.145000             230400  2.8219283230078601E-01
   192   18.240000             230400  2.8215298413359868E-01
   193   18.335000             230400  2.8211029313160929E-01
   194   18.430000             230400  2.8206457206854890E-01
   195   18.525000             230400  2.8201560693249972E-01
   196   18.620000             230400  2.8196316449381498E-01
   197   18.715000             230400  2.8190700493716492E-01
   198   18.810000             230400  2.8184689114213879E-01
   199   18.905000             230400  2.8178259081968898E-01
   200   19.000000             230400  2.8171387289331451E-01
   201   19.095000             230400  2.8164050307140664E-01
   202   19.190000             230400  2.8156224488986592E-01
   203   19.285000             230400  2.8147886784978232E-01
   204   19.380000             230400  2.8139015513539933E-01
   205   19.475000             230400  2.8129590018021133E-01
   206   19.570000             230400  2.8119588975939436E-01
   207   19.665000             230400  2.8108988350432679E-01
   208   19.760000             230400  2.8097760508264574E-01
   209   19.855000             230400  2.8085875372856939E-01
   210   19.950000             230400  2.8073302722808940E-01
   211   20.045000             230400  2.8060013283128782E-01
   212   20.140000             230400  2.8045977245870257E-01
   213   20.235000             230400  2.8031161869703636E-01
   214   20.330000             230400  2.8015531209350325E-01
   215   20.425000             230400  2.7999048738458421E-01
   216   20.520000             230400  2.7981680496200623E-01
   217   20.615000             230400  2.7963396212152436E-01
   218   20.710000             230400  2.7944168087673193E-01
   219   20.805000             230400  2.7923968598524451E-01
   220   20.900000             230400  2.7902768984814741E-01
   221   20.995000             230400  2.7880539400779192E-01
   222   21.090000             230400  2.7857250264494648E-01
   223   21.185000             230400  2.7832873486814558E-01
   224   21.280000             230400  2.7807382568121247E-01
   225   21.375000             230400  2.7780751265978298E-01
   226   21.470000             230400  2.7752951230400447E-01
   227   21.565000             230400  2.7723950224572608E-01
   228   21.660000             230400  2.7693713560765071E-01
   229   21.755000             230400  2.7662209701055840E-01
   230   21.850000             230400  2.7629417037537451E-01
   231   21.945000             230400  2.7595326712830953E-01
   232   22.040000             230400  2.7559939242267290E-01
   233   22.135000             230400  2.7523258341979268E-01
   234   22.230000             230400  2.7485287733753305E-01
   235   22.325000             230400  2.7446032587750424E-01
   236   22.420000             230400  2.7405502304785245E-01
   237   22.515000             230400  2.7363711837861276E-01
   238   22.610000             230400  2.7320682431494187E-01
   239   22.705000             230400  2.7276443025287889E-01
   240   22.800000             230400  2.7231030920536553E-01
   241   22.895000             230400  2.7184489958142377E-01
   242   22.990000             230400  2.7136868251267243E-01
   243   23.085000             230400  2.7088219286284443E-01
   244   23.180000             230400  2.7038606226755413E-01
   245   23.275000             230400  2.6988105616324654E-01
   246   23.370000             230400  2.6936806681382941E-01
   247   23.465000             230400  2.6884807106962200E-01
   248   23.560000             230400  2.6832210885204821E-01
   249   23.655000             230400  2.6779131450625637E-01
   250   23.750000             230400  2.6725695979011660E-01
   251   23.845000             230400  2.6672045025398439E-01
   252   23.940000             230400  2.6618329354796316E-01
   253   24.035000             230400  2.6564711219259407E-01
   254   24.130000             230400  2.6511371002605455E-01
   255   24.225000             230400  2.6458510767913052E-01
   256   24.320000             230400  2.6406348806836982E-01
   257   24.415000             230400  2.6355111106144324E-01
   258   24.510000             230400  2.6305029946490116E-01
   259   24.605000             230400  2.6256350466988698E-01
   260   24.700000             230400  2.6209338143766192E-01
   261   24.795000             230400  2.6164281595163752E-01
   262   24.890000             230400  2.6121488033523604E-01
   263   24.985000             230400  2.6081270740991847E-01
   264   25.080000             230400  2.6043932942910342E-01
   265   25.175000             230400  2.6009757725022592E-01
   266   25.270000             230400  2.5979008692454958E-01
   267   25.365000             230400  2.5951932503498953E-01
   268   25.460000             230400  2.5928753299908452E-01
   269   25.555000             230400  2.5909661019008795E-01
   270   25.650000             230400  2.5894799980335026E-01
   271   25.745000             230400  2.5884260943680748E-01
   272   25.840000             230400  2.5878078784128750E-01
   273   25.935000             230400  2.5876237428181226E-01
   274   26.030000             230400  2.5878675172025745E-01
   275   26.125000             230400  2.5885279542089790E-01
   276   26.220000             230400  2.5895873328407071E-01
   277   26.315000             230400  2.5910203574032387E-01
   278   26.410000             230400  2.5927943530418968E-01
   279   26.505000             230400  2.5948707063460219E-01
   280   26.600000             230400  2.5972064614956480E-01
   281   26.695000             230400  2.5997555461026245E-01
   282   26.790000             230400  2.6024697953900289E-01
   283   26.885000             230400  2.6052996964189168E-01
   284   26.980000             230400  2.6081945869608480E-01
   285   27.075000             230400  2.6111026482957639E-01
   286   27.170000             230400  2.6139718060093953E-01
   287   27.265000             230400  2.6167517592153888E-01
   288   27.360000             230400  2.6193961110191732E-01
   289   27.455000             230400  2.6218636500303877E-01
   290   27.550000             230400  2.6241187704594904E-01
   291   27.645000             230400  2.6261315212020198E-01
   292   27.740000             230400  2.6278778151800530E-01
   293   27.835000             230400  2.6293398796398704E-01
   294   27.930000             230400  2.6305065113488385E-01
   295   28.025000             230400  2.6313727487276123E-01
   296   28.120000             230400  2.6319390628420353E-01
   297   28.215000             230400  2.6322107374553294E-01
   298   28.310000             230400  2.6321976841356309E-01
   299   28.405000             230400  2.6319142662369321E-01
   300   28.500000             230400  2.6313788040224684E-01
   301   28.595000             230400  2.6306129004207396E-01
   302   28.690000             230400  2.6296408498505941E-01
   303   28.785000             230400  2.6284892382195346E-01
   304   28.880000             230400  2.6271867639732138E-01
   305   28.975000             230400  2.6257641961012013E-01
   306   29.070000             230400  2.6242540100094497E-01
   307   29.165000             230400  2.6226893921907168E-01
   308   29.260000             230400  2.6211030792894097E-01
   309   29.355000             230400  2.6195266306780696E-01
   310   29.450000             230400  2.6179902343909089E-01
   311   29.545000             230400  2.6165226082888027E-01
   312   29.640000             230400  2.6151503225607714E-01
   313   29.735000             230400  2.6138966515954493E-01
   314   29.830000             230400  2.6127808249720458E-01
   315   29.925000             230400  2.6118181371622073E-01
   316   30.020000             230400  2.6110203518213615E-01
   317   30.115000             230400  2.6103956006198714E-01
   318   30.210000             230400  2.6099478710533103E-01
   319   30.305000             230400  2.6096768297277556E-01
   320   30.400000             230400  2.6095782570930420E-01
   321   30.495000             230400  2.6096446721870148E-01
   322   30.590000             230400  2.6098659150140596E-01
   323   30.685000             230400  2.6102297005916741E-01
   324   30.780000             230400  2.6107221194918856E-01
   325   30.875000             230400  2.6113279144782864E-01
   326   30.970000             230400  2.6120303129226430E-01
   327   31.065000             230400  2.6128107863466166E-01
   328   31.160000             230400  2.6136493337450462E-01
   329   31.255000             230400  2.6145253407455016E-01
   330   31.350000             230400  2.6154181869160475E-01
   331   31.445000             230400  2.6163067861844308E-01
   332   31.540000             230400  2.6171684355298319E-01
   333   31.635000             230400  2.6179779589296526E-01
   334   31.730000             230400  2.6187076309452328E-01
   335   31.825000             230400  2.6193277702088891E-01
   336   31.920000             230400  2.6198079509899158E-01
   337   32.015000             230400  2.6201184244211828E-01
   338   32.110000             230400  2.6202308344314429E-01
   339   32.205000             230400  2.6201179612073844E-01
   340   32.300000             230400  2.6197534776393161E-01
   341   32.395000             230400  2.6191130483761077E-01
   342   32.490000             230400  2.6181769330177196E-01
   343   32.585000             230400  2.6169326108016533E-01
   344   32.680000             230400  2.6153756459015642E-01
   345   32.775000             230400  2.6135086715240635E-01
   346   32.870000             230400  2.6113400645451845E-01
   347   32.965000             230400  2.6088835626448625E-01
   348   33.060000             230400  2.6061585221579753E-01
   349   33.155000             230400  2.6031900177774336E-01
   350   33.250000             230400  2.6000085968826803E-01
   351   33.345000             230400  2.5966496718629284E-01
   352   33.440000             230400  2.5931524547132279E-01
   353   33.535000             230400  2.5895586737301207E-01
   354   33.630000             230400  2.5859113643443565E-01
   355   33.725000             230400  2.5822536595547330E-01
   356   33.820000             230400  2.5786276968392624E-01
   357   33.915000             230400  2.5750742593244547E-01
   358   34.010000             230400  2.5716330932668874E-01
   359   34.105000             230400  2.5683427897179401E-01
   360   34.200000             230400  2.5652398040664826E-01
   361   34.295000             230400  2.5623570930393347E-01
   362   34.390000             230400  2.5597229784937425E-01
   363   34.485000             230400  2.5573606230858847E-01
   364   34.580000             230400  2.5552878288094433E-01
   365   34.675000             230400  2.5535169000383195E-01
   366   34.770000             230400  2.5520548035761714E-01
   367   34.865000             230400  2.5509042653840613E-01
   368   34.960000             230400  2.5500652560196868E-01
   369   35.055000             230400  2.5495350984596560E-01
   370   35.150000             230400  2.5493069162888060E-01
   371   35.245000             230400  2.5493682392058764E-01
   372   35.340000             230400  2.5497015355150243E-01
   373   35.435000             230400  2.5502866890574016E-01
   374   35.530000             230400  2.5511035748380123E-01
   375   35.625000             230400  2.5521325110861420E-01
   376   35.720000             230400  2.5533521586671398E-01
   377   35.815000             230400  2.5547369021650645E-01
   378   35.910000             230400  2.5562560302668214E-01
   379   36.005000             230400  2.5578749638862036E-01
   380   36.100000             230400  2.5595572609715478E-01
   381   36.195000             230400  2.5612659965555457E-01
   382   36.290000             230400  2.5629644573475840E-01
   383   36.385000             230400  2.5646172271982587E-01
   384   36.480000             230400  2.5661923595170533E-01
   385   36.575000             230400  2.5676641314688869E-01
   386   36.670000             230400  2.5690148267480523E-01
   387   36.765000             230400  2.5702344804610250E-01
   388   36.860000             230400  2.5713191901647481E-01
   389   36.955000             230400  2.5722697663258481E-01
   390   37.050000             230400  2.5730916514038665E-01
   391   37.145000             230400  2.5737953749027320E-01
   392   37.240000             230400  2.5743967003379659E-01
   393   37.335000             230400  2.5749165590747686E-01
   394   37.430000             230400  2.5753814073604642E-01
   395   37.525000             230400  2.5758242435249173E-01
   396   37.620000             230400  2.5762860599059245E-01
   397   37.715000             230400  2.5768169181696554E-01
   398   37.810000             230400  2.5774754618069406E-01
   399   37.905000             230400  2.5783270519605583E-01
   400   38.000000             230400  2.5794415986610475E-01
   401   38.095000             230400  2.5808907605291004E-01
   402   38.190000             230400  2.5827436142879023E-01
   403   38.285000             230400  2.5850615210989319E-01
   404   38.380000             230400  2.5878936402474839E-01
   405   38.475000             230400  2.5912735822209138E-01
   406   38.570000             230400  2.5952170799881191E-01
   407   38.665000             230400  2.5997204273044183E-01
   408   38.760000             230400  2.6047592242326623E-01
   409   38.855000             230400  2.6102876781366197E-01
   410   38.950000             230400  2.6162398944763082E-01
   411   39.045000             230400  2.6225335530885729E-01
   412   39.140000             230400  2.6290746220083827E-01
   413   39.235000             230400  2.6357620639677171E-01
   414   39.330000             230400  2.6424921225439191E-01
   415   39.425000             230400  2.6491606136164336E-01
   416   39.520000             230400  2.6556613683671337E-01
   417   39.615000             230400  2.6618825860612227E-01
   418   39.710000             230400  2.6677051424951698E-01
   419   39.805000             230400  2.6730036849669836E-01
   420   39.900000             230400  2.6776497711162378E-01
   421   39.995000             230400  2.6815190683285511E-01
   422   40.090000             230400  2.6845039797054226E-01
