! Kinetic energy for species "electrons-down"
  Iter        Time          Total Par.             Kin. Energy
     0   0.0000000             230400  2.8282860694827627E-01
     1  0.95000000E-01         230400  2.8282876105963245E-01
     2  0.19000000             230400  2.8282922120888176E-01
     3  0.28500000             230400  2.8282998062107467E-01
     4  0.38000000             230400  2.8283102761028117E-01
     5  0.47500000             230400  2.8283234564106929E-01
     6  0.57000000             230400  2.8283391376564437E-01
     7  0.66500000             230400  2.8283570712883815E-01
     8  0.76000000             230400  2.8283769739265946E-01
     9  0.85500000             230400  2.8283985314155663E-01
    10  0.95000000             230400  2.8284214031054106E-01
    11   1.0450000             230400  2.8284452262868270E-01
    12   1.1400000             230400  2.8284696214430249E-01
    13   1.2350000             230400  2.8284941993572887E-01
    14   1.3300000             230400  2.8285185694784526E-01
    15   1.4250000             230400  2.8285423469289411E-01
    16   1.5200000             230400  2.8285651566523035E-01
    17   1.6150000             230400  2.8285866368451879E-01
    18   1.7100000             230400  2.8286064447328019E-01
    19   1.8050000             230400  2.8286242641239090E-01
    20   1.9000000             230400  2.8286398114802819E-01
    21   1.9950000             230400  2.8286528399462396E-01
    22   2.0900000             230400  2.8286631434576670E-01
    23   2.1850000             230400  2.8286705600441375E-01
    24   2.2800000             230400  2.8286749721373139E-01
    25   2.3750000             230400  2.8286763071211474E-01
    26   2.4700000             230400  2.8286745417780612E-01
    27   2.5650000             230400  2.8286697058149757E-01
    28   2.6600000             230400  2.8286618787027856E-01
    29   2.7550000             230400  2.8286511841652384E-01
    30   2.8500000             230400  2.8286377892991510E-01
    31   2.9450000             230400  2.8286219059538725E-01
    32   3.0400000             230400  2.8286037874413161E-01
    33   3.1350000             230400  2.8285837207015446E-01
    34   3.2300000             230400  2.8285620203741169E-01
    35   3.3250000             230400  2.8285390273768446E-01
    36   3.4200000             230400  2.8285151072225645E-01
    37   3.5150000             230400  2.8284906430033674E-01
    38   3.6100000             230400  2.8284660243889903E-01
    39   3.7050000             230400  2.8284416387950539E-01
    40   3.8000000             230400  2.8284178687489353E-01
    41   3.8950000             230400  2.8283950921855872E-01
    42   3.9900000             230400  2.8283736776796453E-01
    43   4.0850000             230400  2.8283539717163286E-01
    44   4.1800000             230400  2.8283362850114768E-01
    45   4.2750000             230400  2.8283208867838217E-01
    46   4.3700000             230400  2.8283080086227130E-01
    47   4.4650000             230400  2.8282978514939372E-01
    48   4.5600000             230400  2.8282905854033213E-01
    49   4.6550000             230400  2.8282863368170441E-01
    50   4.7500000             230400  2.8282851740204101E-01
    51   4.8450000             230400  2.8282871060170889E-01
    52   4.9400000             230400  2.8282920937288708E-01
    53   5.0350000             230400  2.8283000565799132E-01
    54   5.1300000             230400  2.8283108680535007E-01
    55   5.2250000             230400  2.8283243524610763E-01
    56   5.3200000             230400  2.8283402916472733E-01
    57   5.4150000             230400  2.8283584339246803E-01
    58   5.5100000             230400  2.8283784962917202E-01
    59   5.6050000             230400  2.8284001631142780E-01
    60   5.7000000             230400  2.8284230890822681E-01
    61   5.7950000             230400  2.8284469079111602E-01
    62   5.8900000             230400  2.8284712414333391E-01
    63   5.9850000             230400  2.8284957039075126E-01
    64   6.0800000             230400  2.8285199039568171E-01
    65   6.1750000             230400  2.8285434514532631E-01
    66   6.2700000             230400  2.8285659697275406E-01
    67   6.3650000             230400  2.8285871043761973E-01
    68   6.4600000             230400  2.8286065230953994E-01
    69   6.5550000             230400  2.8286239121470547E-01
    70   6.6500000             230400  2.8286389801186440E-01
    71   6.7450000             230400  2.8286514725263379E-01
    72   6.8400000             230400  2.8286611876059597E-01
    73   6.9350000             230400  2.8286679795745234E-01
    74   7.0300000             230400  2.8286717485349699E-01
    75   7.1250000             230400  2.8286724308897776E-01
    76   7.2200000             230400  2.8286700020608990E-01
    77   7.3150000             230400  2.8286644882856588E-01
    78   7.4100000             230400  2.8286559743396011E-01
    79   7.5050000             230400  2.8286445990825648E-01
    80   7.6000000             230400  2.8286305440945753E-01
    81   7.6950000             230400  2.8286140270568660E-01
    82   7.7900000             230400  2.8285953029402977E-01
    83   7.8850000             230400  2.8285746638099851E-01
    84   7.9800000             230400  2.8285524305122167E-01
    85   8.0750000             230400  2.8285289430386940E-01
    86   8.1700000             230400  2.8285045582395280E-01
    87   8.2650000             230400  2.8284796502790405E-01
    88   8.3600000             230400  2.8284546038144803E-01
    89   8.4550000             230400  2.8284298027131782E-01
    90   8.5500000             230400  2.8284056266376650E-01
    91   8.6450000             230400  2.8283824552407655E-01
    92   8.7400000             230400  2.8283606629734553E-01
    93   8.8350000             230400  2.8283405967739517E-01
    94   8.9300000             230400  2.8283225554554964E-01
    95   9.0250000             230400  2.8283067918833532E-01
    96   9.1200000             230400  2.8282935292214112E-01
    97   9.2150000             230400  2.8282829655944774E-01
    98   9.3100000             230400  2.8282752617855988E-01
    99   9.4050000             230400  2.8282705276410119E-01
   100   9.5000000             230400  2.8282688167202391E-01
   101   9.5950000             230400  2.8282701283668954E-01
   102   9.6900000             230400  2.8282744159456896E-01
   103   9.7850000             230400  2.8282815941366679E-01
   104   9.8800000             230400  2.8282915341671455E-01
   105   9.9750000             230400  2.8283040514003127E-01
   106   10.070000             230400  2.8283189037758760E-01
   107   10.165000             230400  2.8283358065696740E-01
   108   10.260000             230400  2.8283544484803930E-01
   109   10.355000             230400  2.8283744969474933E-01
   110   10.450000             230400  2.8283955987056297E-01
   111   10.545000             230400  2.8284173862830775E-01
   112   10.640000             230400  2.8284394880697611E-01
   113   10.735000             230400  2.8284615296904492E-01
   114   10.830000             230400  2.8284831230968571E-01
   115   10.925000             230400  2.8285038591522871E-01
   116   11.020000             230400  2.8285233236743124E-01
   117   11.115000             230400  2.8285411309866992E-01
   118   11.210000             230400  2.8285569429121749E-01
   119   11.305000             230400  2.8285704577025483E-01
   120   11.400000             230400  2.8285813935655957E-01
   121   11.495000             230400  2.8285894954958019E-01
   122   11.590000             230400  2.8285945577747468E-01
   123   11.685000             230400  2.8285964320118051E-01
   124   11.780000             230400  2.8285950099472829E-01
   125   11.875000             230400  2.8285902014121528E-01
   126   11.970000             230400  2.8285819320038608E-01
   127   12.065000             230400  2.8285701633108284E-01
   128   12.160000             230400  2.8285549207658450E-01
   129   12.255000             230400  2.8285363142277559E-01
   130   12.350000             230400  2.8285145422260194E-01
   131   12.445000             230400  2.8284898745979259E-01
   132   12.540000             230400  2.8284626155216813E-01
   133   12.635000             230400  2.8284330607869562E-01
   134   12.730000             230400  2.8284014722746098E-01
   135   12.825000             230400  2.8283680894260882E-01
   136   12.920000             230400  2.8283331744300538E-01
   137   13.015000             230400  2.8282970561036042E-01
   138   13.110000             230400  2.8282601306461097E-01
   139   13.205000             230400  2.8282228117920644E-01
   140   13.300000             230400  2.8281854673195772E-01
   141   13.395000             230400  2.8281483887939718E-01
   142   13.490000             230400  2.8281118077107159E-01
   143   13.585000             230400  2.8280759279284245E-01
   144   13.680000             230400  2.8280409356689484E-01
   145   13.775000             230400  2.8280069810955022E-01
   146   13.870000             230400  2.8279741606249681E-01
   147   13.965000             230400  2.8279425275637399E-01
   148   14.060000             230400  2.8279121235721860E-01
   149   14.155000             230400  2.8278829973506470E-01
   150   14.250000             230400  2.8278551905241384E-01
   151   14.345000             230400  2.8278287010163738E-01
   152   14.440000             230400  2.8278034437789346E-01
   153   14.535000             230400  2.8277792225616399E-01
   154   14.630000             230400  2.8277557248585794E-01
   155   14.725000             230400  2.8277325461951391E-01
   156   14.820000             230400  2.8277092299090167E-01
   157   14.915000             230400  2.8276852951286957E-01
   158   15.010000             230400  2.8276602368963588E-01
   159   15.105000             230400  2.8276335062459546E-01
   160   15.200000             230400  2.8276044931822092E-01
   161   15.295000             230400  2.8275725331960422E-01
   162   15.390000             230400  2.8275369396134375E-01
   163   15.485000             230400  2.8274970413754075E-01
   164   15.580000             230400  2.8274522002803693E-01
   165   15.675000             230400  2.8274018021286895E-01
   166   15.770000             230400  2.8273452380356534E-01
   167   15.865000             230400  2.8272818877573686E-01
   168   15.960000             230400  2.8272111038330167E-01
   169   16.055000             230400  2.8271322066069027E-01
   170   16.150000             230400  2.8270445126023064E-01
   171   16.245000             230400  2.8269473874007656E-01
   172   16.340000             230400  2.8268402694634270E-01
   173   16.435000             230400  2.8267226263740980E-01
   174   16.530000             230400  2.8265938750059244E-01
   175   16.625000             230400  2.8264533402839387E-01
   176   16.720000             230400  2.8263002954084854E-01
   177   16.815000             230400  2.8261340505356330E-01
   178   16.910000             230400  2.8259540069600375E-01
   179   17.005000             230400  2.8257596241771649E-01
   180   17.100000             230400  2.8255503401178722E-01
   181   17.195000             230400  2.8253255390650744E-01
   182   17.290000             230400  2.8250846002595043E-01
   183   17.385000             230400  2.8248269549647992E-01
   184   17.480000             230400  2.8245520724868289E-01
   185   17.575000             230400  2.8242593894506085E-01
   186   17.670000             230400  2.8239482548932382E-01
   187   17.765000             230400  2.8236179249944904E-01
   188   17.860000             230400  2.8232675829727139E-01
   189   17.955000             230400  2.8228963504255367E-01
   190   18.050000             230400  2.8225032841079645E-01
   191   18.145000             230400  2.8220873782239453E-01
   192   18.240000             230400  2.8216475798035129E-01
   193   18.335000             230400  2.8211827731162731E-01
   194   18.430000             230400  2.8206916836027923E-01
   195   18.525000             230400  2.8201727493840545E-01
   196   18.620000             230400  2.8196240883667401E-01
   197   18.715000             230400  2.8190436041222339E-01
   198   18.810000             230400  2.8184291211782642E-01
   199   18.905000             230400  2.8177784369220366E-01
   200   19.000000             230400  2.8170893023363464E-01
   201   19.095000             230400  2.8163593945453053E-01
   202   19.190000             230400  2.8155862859161129E-01
   203   19.285000             230400  2.8147673901613501E-01
   204   19.380000             230400  2.8138999224070088E-01
   205   19.475000             230400  2.8129809437608000E-01
   206   19.570000             230400  2.8120074966299075E-01
   207   19.665000             230400  2.8109767170967109E-01
   208   19.760000             230400  2.8098857584155884E-01
   209   19.855000             230400  2.8087314914952860E-01
   210   19.950000             230400  2.8075101907867439E-01
   211   20.045000             230400  2.8062175009827889E-01
   212   20.140000             230400  2.8048487604083983E-01
   213   20.235000             230400  2.8033994426682585E-01
   214   20.330000             230400  2.8018653998392412E-01
   215   20.425000             230400  2.8002427981013589E-01
   216   20.520000             230400  2.7985279001066937E-01
   217   20.615000             230400  2.7967169184177643E-01
   218   20.710000             230400  2.7948060198853975E-01
   219   20.805000             230400  2.7927914022669337E-01
   220   20.900000             230400  2.7906693615589906E-01
   221   20.995000             230400  2.7884363575776244E-01
   222   21.090000             230400  2.7860890768742402E-01
   223   21.185000             230400  2.7836244086319467E-01
   224   21.280000             230400  2.7810393074620893E-01
   225   21.375000             230400  2.7783306797758311E-01
   226   21.470000             230400  2.7754954447581381E-01
   227   21.565000             230400  2.7725307637876717E-01
   228   21.660000             230400  2.7694342767572422E-01
   229   21.755000             230400  2.7662041322828168E-01
   230   21.850000             230400  2.7628387719532643E-01
   231   21.945000             230400  2.7593368217996850E-01
   232   22.040000             230400  2.7556974814380630E-01
   233   22.135000             230400  2.7519211702192437E-01
   234   22.230000             230400  2.7480096756063455E-01
   235   22.325000             230400  2.7439655398781509E-01
   236   22.420000             230400  2.7397913586752148E-01
   237   22.515000             230400  2.7354897818238999E-01
   238   22.610000             230400  2.7310641954434733E-01
   239   22.705000             230400  2.7265193344504030E-01
   240   22.800000             230400  2.7218611614797533E-01
   241   22.895000             230400  2.7170961886669964E-01
   242   22.990000             230400  2.7122311249050557E-01
   243   23.085000             230400  2.7072733739597449E-01
   244   23.180000             230400  2.7022318174713700E-01
   245   23.275000             230400  2.6971169540472456E-01
   246   23.370000             230400  2.6919404086401549E-01
   247   23.465000             230400  2.6867145609594278E-01
   248   23.560000             230400  2.6814526225175522E-01
   249   23.655000             230400  2.6761688641034731E-01
   250   23.750000             230400  2.6708787139235790E-01
   251   23.845000             230400  2.6655986789048941E-01
   252   23.940000             230400  2.6603460609972113E-01
   253   24.035000             230400  2.6551384031812247E-01
   254   24.130000             230400  2.6499929561457286E-01
   255   24.225000             230400  2.6449265313759485E-01
   256   24.320000             230400  2.6399556829071613E-01
   257   24.415000             230400  2.6350967699944594E-01
   258   24.510000             230400  2.6303652928193866E-01
   259   24.605000             230400  2.6257746381875646E-01
   260   24.700000             230400  2.6213350401145741E-01
   261   24.795000             230400  2.6170535526480854E-01
   262   24.890000             230400  2.6129349617428854E-01
   263   24.985000             230400  2.6089825405236755E-01
   264   25.080000             230400  2.6051977668873255E-01
   265   25.175000             230400  2.6015793410697813E-01
   266   25.270000             230400  2.5981226452466388E-01
   267   25.365000             230400  2.5948206636262600E-01
   268   25.460000             230400  2.5916661046866429E-01
   269   25.555000             230400  2.5886531661972922E-01
   270   25.650000             230400  2.5857780318059809E-01
   271   25.745000             230400  2.5830386021488111E-01
   272   25.840000             230400  2.5804344327128803E-01
   273   25.935000             230400  2.5779672324356229E-01
   274   26.030000             230400  2.5756415579464109E-01
   275   26.125000             230400  2.5734652619012532E-01
   276   26.220000             230400  2.5714497498638700E-01
   277   26.315000             230400  2.5696102503533980E-01
   278   26.410000             230400  2.5679657154816571E-01
   279   26.505000             230400  2.5665379429771351E-01
   280   26.600000             230400  2.5653503213181866E-01
   281   26.695000             230400  2.5644267831015893E-01
   282   26.790000             230400  2.5637909097163780E-01
   283   26.885000             230400  2.5634651481205939E-01
   284   26.980000             230400  2.5634704358432231E-01
   285   27.075000             230400  2.5638261591811107E-01
   286   27.170000             230400  2.5645499124944865E-01
   287   27.265000             230400  2.5656567482640502E-01
   288   27.360000             230400  2.5671583391602126E-01
   289   27.455000             230400  2.5690626790693410E-01
   290   27.550000             230400  2.5713741771409143E-01
   291   27.645000             230400  2.5740934397152954E-01
   292   27.740000             230400  2.5772167008999020E-01
   293   27.835000             230400  2.5807353461901472E-01
   294   27.930000             230400  2.5846356841921003E-01
   295   28.025000             230400  2.5888987627468341E-01
   296   28.120000             230400  2.5935001757253978E-01
   297   28.215000             230400  2.5984099573703340E-01
   298   28.310000             230400  2.6035926445067725E-01
   299   28.405000             230400  2.6090076070211476E-01
   300   28.500000             230400  2.6146094963718525E-01
   301   28.595000             230400  2.6203485506899932E-01
   302   28.690000             230400  2.6261709584160720E-01
   303   28.785000             230400  2.6320197664364237E-01
   304   28.880000             230400  2.6378362985136528E-01
   305   28.975000             230400  2.6435616484309532E-01
   306   29.070000             230400  2.6491379746102556E-01
   307   29.165000             230400  2.6545094530385538E-01
   308   29.260000             230400  2.6596229388230719E-01
   309   29.355000             230400  2.6644285733451972E-01
   310   29.450000             230400  2.6688803500478886E-01
   311   29.545000             230400  2.6729366841245167E-01
   312   29.640000             230400  2.6765611925970351E-01
   313   29.735000             230400  2.6797235995796098E-01
   314   29.830000             230400  2.6824002172118300E-01
   315   29.925000             230400  2.6845739081687126E-01
   316   30.020000             230400  2.6862341529595279E-01
   317   30.115000             230400  2.6873775090581464E-01
   318   30.210000             230400  2.6880079869199741E-01
   319   30.305000             230400  2.6881367273718687E-01
   320   30.400000             230400  2.6877810222209114E-01
   321   30.495000             230400  2.6869635338542192E-01
   322   30.590000             230400  2.6857122746647016E-01
   323   30.685000             230400  2.6840606053647953E-01
   324   30.780000             230400  2.6820463502218556E-01
   325   30.875000             230400  2.6797105282245659E-01
   326   30.970000             230400  2.6770968288155411E-01
   327   31.065000             230400  2.6742516589009147E-01
   328   31.160000             230400  2.6712237117572291E-01
   329   31.255000             230400  2.6680629042078935E-01
   330   31.350000             230400  2.6648195624111648E-01
   331   31.445000             230400  2.6615440615813624E-01
   332   31.540000             230400  2.6582861731779428E-01
   333   31.635000             230400  2.6550939413225672E-01
   334   31.730000             230400  2.6520126966886914E-01
   335   31.825000             230400  2.6490845397187590E-01
   336   31.920000             230400  2.6463478379502531E-01
   337   32.015000             230400  2.6438365600304842E-01
   338   32.110000             230400  2.6415796309133166E-01
   339   32.205000             230400  2.6396000285303378E-01
   340   32.300000             230400  2.6379137257448237E-01
   341   32.395000             230400  2.6365292296236525E-01
   342   32.490000             230400  2.6354482545518054E-01
   343   32.585000             230400  2.6346666606339897E-01
   344   32.680000             230400  2.6341744566121128E-01
   345   32.775000             230400  2.6339552380573406E-01
   346   32.870000             230400  2.6339861772979256E-01
   347   32.965000             230400  2.6342390187099474E-01
   348   33.060000             230400  2.6346814423807541E-01
   349   33.155000             230400  2.6352778046798075E-01
   350   33.250000             230400  2.6359889354146465E-01
   351   33.345000             230400  2.6367718611372726E-01
   352   33.440000             230400  2.6375804256009450E-01
   353   33.535000             230400  2.6383667086822310E-01
   354   33.630000             230400  2.6390824007312613E-01
   355   33.725000             230400  2.6396796875738082E-01
   356   33.820000             230400  2.6401115905250394E-01
   357   33.915000             230400  2.6403319166270173E-01
   358   34.010000             230400  2.6402955140294126E-01
   359   34.105000             230400  2.6399594636099410E-01
   360   34.200000             230400  2.6392848126667251E-01
   361   34.295000             230400  2.6382379131023470E-01
   362   34.390000             230400  2.6367911069930317E-01
   363   34.485000             230400  2.6349230915802413E-01
   364   34.580000             230400  2.6326196359890797E-01
   365   34.675000             230400  2.6298751236766982E-01
   366   34.770000             230400  2.6266944212409771E-01
   367   34.865000             230400  2.6230937950689581E-01
   368   34.960000             230400  2.6190999524448244E-01
   369   35.055000             230400  2.6147478146217501E-01
   370   35.150000             230400  2.6100787013937304E-01
   371   35.245000             230400  2.6051395626937507E-01
   372   35.340000             230400  2.5999823521512888E-01
   373   35.435000             230400  2.5946625430152453E-01
   374   35.530000             230400  2.5892366691814017E-01
   375   35.625000             230400  2.5837599306216452E-01
   376   35.720000             230400  2.5782847527013680E-01
   377   35.815000             230400  2.5728600013886649E-01
   378   35.910000             230400  2.5675300941440177E-01
   379   36.005000             230400  2.5623337663956514E-01
   380   36.100000             230400  2.5573029103940165E-01
   381   36.195000             230400  2.5524618020638185E-01
   382   36.290000             230400  2.5478271740526481E-01
   383   36.385000             230400  2.5434093408866182E-01
   384   36.480000             230400  2.5392135554526712E-01
   385   36.575000             230400  2.5352406182437226E-01
   386   36.670000             230400  2.5314867979172317E-01
   387   36.765000             230400  2.5279439518694430E-01
   388   36.860000             230400  2.5246000889058945E-01
   389   36.955000             230400  2.5214397869732136E-01
   390   37.050000             230400  2.5184440805577346E-01
   391   37.145000             230400  2.5155900014771582E-01
   392   37.240000             230400  2.5128500347051502E-01
   393   37.335000             230400  2.5101916486954468E-01
   394   37.430000             230400  2.5075773201575113E-01
   395   37.525000             230400  2.5049652244894927E-01
   396   37.620000             230400  2.5023102395905328E-01
   397   37.715000             230400  2.4995650938390310E-01
   398   37.810000             230400  2.4966817444068998E-01
   399   37.905000             230400  2.4936126556466612E-01
   400   38.000000             230400  2.4903113874427904E-01
   401   38.095000             230400  2.4867327468112035E-01
   402   38.190000             230400  2.4828332906824407E-01
   403   38.285000             230400  2.4785721632333313E-01
   404   38.380000             230400  2.4739116581900533E-01
   405   38.475000             230400  2.4688173813827538E-01
   406   38.570000             230400  2.4632583424378723E-01
   407   38.665000             230400  2.4572073193483718E-01
   408   38.760000             230400  2.4506416597288799E-01
   409   38.855000             230400  2.4435444791539715E-01
   410   38.950000             230400  2.4359059941716096E-01
   411   39.045000             230400  2.4277245766494365E-01
   412   39.140000             230400  2.4190075712815123E-01
   413   39.235000             230400  2.4097717669666330E-01
   414   39.330000             230400  2.4000434414650942E-01
   415   39.425000             230400  2.3898584471084430E-01
   416   39.520000             230400  2.3792626523697996E-01
   417   39.615000             230400  2.3683125725497373E-01
   418   39.710000             230400  2.3570754336761762E-01
   419   39.805000             230400  2.3456283003503670E-01
   420   39.900000             230400  2.3340569338306344E-01
   421   39.995000             230400  2.3224549961344365E-01
   422   40.090000             230400  2.3109235954010754E-01
