! EM field energy per field component
  Iter        Time                          B1                      B2                      B3                      E1                      E2                      E3
     0   0.0000000      0.0000000000000000E+00  0.0000000000000000E+00  0.0000000000000000E+00  0.0000000000000000E+00  0.0000000000000000E+00  0.0000000000000000E+00
     1  0.95000000E-01  0.0000000000000000E+00  1.7170230418336125E-10  1.2074846701920648E-10  1.9545899801252623E-09  1.2664205147817808E-09  1.9438847849747807E-09
     2  0.19000000      0.0000000000000000E+00  1.9078989144628957E-09  1.3870039814648827E-09  7.7110406086301706E-09  3.6445781597137536E-09  5.4154146288251150E-09
     3  0.28500000      0.0000000000000000E+00  5.6093252614472171E-09  4.3736091728480647E-09  1.6957316634776869E-08  5.6708830383506284E-09  8.0581618694898885E-09
     4  0.38000000      0.0000000000000000E+00  9.3676054063400117E-09  8.0970693054857132E-09  2.9195654112709110E-08  7.5805836953341784E-09  1.0346334023446566E-08
     5  0.47500000      0.0000000000000000E+00  1.2087504157664907E-08  1.1644366278266998E-08  4.3770717897232369E-08  9.8731848786990730E-09  1.2588650662350840E-08
     6  0.57000000      0.0000000000000000E+00  1.4432881914737991E-08  1.5214481594269337E-08  5.9906585333409928E-08  1.2374142113626606E-08  1.4065284375144660E-08
     7  0.66500000      0.0000000000000000E+00  1.7428226094795608E-08  1.9503884618918448E-08  7.6750388460926796E-08  1.4588676497540408E-08  1.4106859598729742E-08
     8  0.76000000      0.0000000000000000E+00  2.1039771620628675E-08  2.4590449109640045E-08  9.3420075145690308E-08  1.6723452809635594E-08  1.3144308925317247E-08
     9  0.85500000      0.0000000000000000E+00  2.4200520251679338E-08  3.0558097772951289E-08  1.0905360146091135E-07  1.8607428131773359E-08  1.2454288970187428E-08
    10  0.95000000      0.0000000000000000E+00  2.6049974683839245E-08  3.7424247120700879E-08  1.2285668357542301E-07  1.9763977037188608E-08  1.2738668392244855E-08
    11   1.0450000      0.0000000000000000E+00  2.6560945482539014E-08  4.4437784257813616E-08  1.3414642901876531E-07  2.0641002661054066E-08  1.3624183355789903E-08
    12   1.1400000      0.0000000000000000E+00  2.6207811303364673E-08  5.1282955070657674E-08  1.4238844356693518E-07  2.1760405540054153E-08  1.4131004967649870E-08
    13   1.2350000      0.0000000000000000E+00  2.4886222657698190E-08  5.9043110264203834E-08  1.4722519282330663E-07  2.2915223232274975E-08  1.4111843170098482E-08
    14   1.3300000      0.0000000000000000E+00  2.2170642082588792E-08  6.9226776802370180E-08  1.4849402118651322E-07  2.3612470790572653E-08  1.4171965529437439E-08
    15   1.4250000      0.0000000000000000E+00  1.8946325527439893E-08  8.2273467228832368E-08  1.4623399971436248E-07  2.3429679968149148E-08  1.3742253262378757E-08
    16   1.5200000      0.0000000000000000E+00  1.6687598012881112E-08  9.6818178887167285E-08  1.4068108912518725E-07  2.2683829246119563E-08  1.1814881722796531E-08
    17   1.6150000      0.0000000000000000E+00  1.5351692680388749E-08  1.1115846493165307E-07  1.3225213724163630E-07  2.2020805774173042E-08  9.2838222951524704E-09
    18   1.7100000      0.0000000000000000E+00  1.4293994006857005E-08  1.2505017965666455E-07  1.2151867272404402E-07  2.1683186070927107E-08  7.5702823921519916E-09
    19   1.8050000      0.0000000000000000E+00  1.3914288795998453E-08  1.3960104425671634E-07  1.0917219584591441E-07  2.1611780485911380E-08  6.4769032280972289E-09
    20   1.9000000      0.0000000000000000E+00  1.4540239151174111E-08  1.5621041300066575E-07  9.5982799213161908E-08  2.1393030284897349E-08  5.6227730239409534E-09
    21   1.9950000      0.0000000000000000E+00  1.5696281695945937E-08  1.7536229514445783E-07  8.2753760825274210E-08  2.1056097090167883E-08  5.2755626986203405E-09
    22   2.0900000      0.0000000000000000E+00  1.6759005100195262E-08  1.9704715209875287E-07  7.0274633141274552E-08  2.0928994951483041E-08  5.5925392563502444E-09
    23   2.1850000      0.0000000000000000E+00  1.7204103663309806E-08  2.2186773262325253E-07  5.9275663006905412E-08  2.0797404353262652E-08  6.6404400531691050E-09
    24   2.2800000      0.0000000000000000E+00  1.7056887276496722E-08  2.5064608246629758E-07  5.0386213190743691E-08  2.0280471868516844E-08  8.1482213366459729E-09
    25   2.3750000      0.0000000000000000E+00  1.7156504881088853E-08  2.8340562696953867E-07  4.4099500828045768E-08  1.9683616049690009E-08  9.2450909867403679E-09
    26   2.4700000      0.0000000000000000E+00  1.8046900287072056E-08  3.1984506858353598E-07  4.0745686023203209E-08  1.9464805292820306E-08  9.6261372481556068E-09
    27   2.5650000      0.0000000000000000E+00  1.9235733779823992E-08  3.6053704976802003E-07  4.0474807872560302E-08  1.9276080561750513E-08  1.0106208843858259E-08
    28   2.6600000      0.0000000000000000E+00  2.0299546447435583E-08  4.0661836905155639E-07  4.3250417003896746E-08  1.9080452932211326E-08  1.1054313603739718E-08
    29   2.7550000      0.0000000000000000E+00  2.1634520262226803E-08  4.5947517773877839E-07  4.8854211961256286E-08  1.9401025426070606E-08  1.1354380732036880E-08
    30   2.8500000      0.0000000000000000E+00  2.2653171472611512E-08  5.2040892334451434E-07  5.6901256849872589E-08  2.0132388744772263E-08  1.0883710569727152E-08
    31   2.9450000      0.0000000000000000E+00  2.1653200363574757E-08  5.8888087142021606E-07  6.6864916390924853E-08  2.0583250543173834E-08  1.1186130578932539E-08
    32   3.0400000      0.0000000000000000E+00  1.8513210055546299E-08  6.6136388842490858E-07  7.8109836887169845E-08  2.0903656343216251E-08  1.2510446691720232E-08
    33   3.1350000      0.0000000000000000E+00  1.4769221319713652E-08  7.3418209527609394E-07  8.9931039217772683E-08  2.2298427077829592E-08  1.3784155018347236E-08
    34   3.2300000      0.0000000000000000E+00  1.1705739802691348E-08  8.0880006516331252E-07  1.0159663127756493E-07  2.5166300875109275E-08  1.4469682105144969E-08
    35   3.3250000      0.0000000000000000E+00  9.8763539352399262E-09  8.9268883079472324E-07  1.1239160370712558E-07  2.8964848155588682E-08  1.4476652808793899E-08
    36   3.4200000      0.0000000000000000E+00  9.2083699243614378E-09  9.9468465860307117E-07  1.2166022236674362E-07  3.3520990938715340E-08  1.3869070988946603E-08
    37   3.5150000      0.0000000000000000E+00  9.2379469501839453E-09  1.1202660774320789E-06  1.2884444142717700E-07  3.8534239042070994E-08  1.2818939740894679E-08
    38   3.6100000      0.0000000000000000E+00  9.7165769624353836E-09  1.2694053160554056E-06  1.3351615063690586E-07  4.3524151550622832E-08  1.1301671286345806E-08
    39   3.7050000      0.0000000000000000E+00  1.0836528298190992E-08  1.4382028937614461E-06  1.3540126242406308E-07  4.8167110947574030E-08  8.9717138944634244E-09
    40   3.8000000      0.0000000000000000E+00  1.2023353045581628E-08  1.6226315435280805E-06  1.3439443330008523E-07  5.2148437332049113E-08  6.6282079971425980E-09
    41   3.8950000      0.0000000000000000E+00  1.2109654150605816E-08  1.8208547934521496E-06  1.3056375526006528E-07  5.5333877429747852E-08  5.9494652619842765E-09
    42   3.9900000      0.0000000000000000E+00  1.1507096645770579E-08  2.0335992190838191E-06  1.2414509193145713E-07  5.8061323161264975E-08  6.6213041679975157E-09
    43   4.0850000      0.0000000000000000E+00  1.1432869049706438E-08  2.2640457641225714E-06  1.1552641399916298E-07  6.1398811002439808E-08  7.2422899687518464E-09
    44   4.1800000      0.0000000000000000E+00  1.1802559496043276E-08  2.5182941905314030E-06  1.0522322657638968E-07  6.6138137548951452E-08  7.9572413680476497E-09
    45   4.2750000      0.0000000000000000E+00  1.2142912713718372E-08  2.8039558385356393E-06  9.3846703058669579E-08  7.2356471585007637E-08  9.3078598196548963E-09
    46   4.3700000      0.0000000000000000E+00  1.2819796852230893E-08  3.1270072360830049E-06  8.2066414929244742E-08  8.0311900173588794E-08  1.0761280207610078E-08
    47   4.4650000      0.0000000000000000E+00  1.4311506090966697E-08  3.4917839758190243E-06  7.0569943578424844E-08  9.0115809189465726E-08  1.1492172249830819E-08
    48   4.5600000      0.0000000000000000E+00  1.6275033598081046E-08  3.9040551508385234E-06  6.0021825766391698E-08  1.0140081416446571E-07  1.1472588555956834E-08
    49   4.6550000      0.0000000000000000E+00  1.7970482784617587E-08  4.3722150106583617E-06  5.1024328499673887E-08  1.1442008506233417E-07  1.1093468996877980E-08
    50   4.7500000      0.0000000000000000E+00  1.8856411358405324E-08  4.9048525178682628E-06  4.4082376541051399E-08  1.2976920142522887E-07  1.0704114543419731E-08
    51   4.8450000      0.0000000000000000E+00  1.8777628385040960E-08  5.5070168232209279E-06  3.9574709260688152E-08  1.4709307760074083E-07  1.0624605055758052E-08
    52   4.9400000      0.0000000000000000E+00  1.8437265244124911E-08  6.1797641922738578E-06  3.7732885696165193E-08  1.6508085158031107E-07  1.0451701769107174E-08
    53   5.0350000      0.0000000000000000E+00  1.8521182508154817E-08  6.9241802893147732E-06  3.8629227017472699E-08  1.8350187905357709E-07  9.8439361714693146E-09
    54   5.1300000      0.0000000000000000E+00  1.8472156137164739E-08  7.7466147503740989E-06  4.2174339168921885E-08  2.0425702769012660E-07  9.8297941721283808E-09
    55   5.2250000      0.0000000000000000E+00  1.7943981749250113E-08  8.6606820132912843E-06  4.8124337767613821E-08  2.2910132460416972E-07  1.0811825006022781E-08
    56   5.3200000      0.0000000000000000E+00  1.7700416875352931E-08  9.6832754655632968E-06  5.6097289858282702E-08  2.5816418232511052E-07  1.1406860536055025E-08
    57   5.4150000      0.0000000000000000E+00  1.7739385758489689E-08  1.0828790621382989E-05  6.5597773811937566E-08  2.9115151516357445E-07  1.1031272565428788E-08
    58   5.5100000      0.0000000000000000E+00  1.7100709017471261E-08  1.2108453498040596E-05  7.6047936750965938E-08  3.2835924623103001E-07  1.0517440475625193E-08
    59   5.6050000      0.0000000000000000E+00  1.5789178107372855E-08  1.3535358540089601E-05  8.6823141703706494E-08  3.7050245015468615E-07  1.0098688550504002E-08
    60   5.7000000      0.0000000000000000E+00  1.4899169468318879E-08  1.5130320178620656E-05  9.7290028140940567E-08  4.1890749491071881E-07  9.2569440444402719E-09
    61   5.7950000      0.0000000000000000E+00  1.5114952599767822E-08  1.6925161648683169E-05  1.0684458741939326E-07  4.7456667585417042E-07  8.0928456276176073E-09
    62   5.8900000      0.0000000000000000E+00  1.6102219087144809E-08  1.8960356901043978E-05  1.1494795000935921E-07  5.3709477141558686E-07  7.4447570849999375E-09
    63   5.9850000      0.0000000000000000E+00  1.6939520127780069E-08  2.1277184201755184E-05  1.2115777768437532E-07  6.0512733385204779E-07  8.2371814622542328E-09
    64   6.0800000      0.0000000000000000E+00  1.7304112990417096E-08  2.3909455933483375E-05  1.2515356184220828E-07  6.7663109128446313E-07  1.0246027414392595E-08
    65   6.1750000      0.0000000000000000E+00  1.7733427133822875E-08  2.6878325255480111E-05  1.2675432745903020E-07  7.4981775775763745E-07  1.2182659968119544E-08
    66   6.2700000      0.0000000000000000E+00  1.8640160083295511E-08  3.0192610709836893E-05  1.2592759140062177E-07  8.2465863643923158E-07  1.3110232089515121E-08
    67   6.3650000      0.0000000000000000E+00  1.9469850483286881E-08  3.3857188457835903E-05  1.2278899532143930E-07  9.0370006777767424E-07  1.3456380043284547E-08
    68   6.4600000      0.0000000000000000E+00  1.9582468964637288E-08  3.7889435199932267E-05  1.1759304022254813E-07  9.9129220174848376E-07  1.4040426042095908E-08
    69   6.5550000      0.0000000000000000E+00  2.0309625223638831E-08  4.2336884598805897E-05  1.1071552001027749E-07  1.0919993236295857E-06  1.3380041812243600E-08
    70   6.6500000      0.0000000000000000E+00  2.2707857728508125E-08  4.7283437209978786E-05  1.0262874700389095E-07  1.2103948137395470E-06  1.0186337458189838E-08
    71   6.7450000      0.0000000000000000E+00  2.4387450679591914E-08  5.2837899082031450E-05  9.3871354086046313E-08  1.3517131958986287E-06  7.4538545416531993E-09
    72   6.8400000      0.0000000000000000E+00  2.3576327481787103E-08  5.9113693956413541E-05  8.5014501771372047E-08  1.5186466872714768E-06  7.3880516400448686E-09
    73   6.9350000      0.0000000000000000E+00  2.1546403526952980E-08  6.6210937743396353E-05  7.6626286532679624E-08  1.7102484683296273E-06  8.5519145058379433E-09
    74   7.0300000      0.0000000000000000E+00  1.9491667379498236E-08  7.4212645353876784E-05  6.9236676121193357E-08  1.9253270585283069E-06  9.6749319329363008E-09
    75   7.1250000      0.0000000000000000E+00  1.7350662147731154E-08  8.3200172821253838E-05  6.3305174727828312E-08  2.1644889103940685E-06  1.0664733051747487E-08
    76   7.2200000      0.0000000000000000E+00  1.4720667845178893E-08  9.3275933781433609E-05  5.9193364239138679E-08  2.4300437780719997E-06  1.1610160222239471E-08
    77   7.3150000      0.0000000000000000E+00  1.1830751657148678E-08  1.0457576670591216E-04  5.7143976046026861E-08  2.7243617668157267E-06  1.1976153677080200E-08
    78   7.4100000      0.0000000000000000E+00  9.5223735848927612E-09  1.1726070107216935E-04  5.7267578752714781E-08  3.0501559221564402E-06  1.0947643589586410E-08
    79   7.5050000      0.0000000000000000E+00  8.2838258622101005E-09  1.3149825946306653E-04  5.9537442649932683E-08  3.4106450171253928E-06  8.6796128892302437E-09
    80   7.6000000      0.0000000000000000E+00  7.8785732156085361E-09  1.4745290487456128E-04  6.3792982345474228E-08  3.8092531004228357E-06  6.3852148420967959E-09
    81   7.6950000      0.0000000000000000E+00  7.7550709229244968E-09  1.6529656388122746E-04  6.9751497215277411E-08  4.2516026881228567E-06  5.4185102296440155E-09
    82   7.7900000      0.0000000000000000E+00  7.9188503954484469E-09  1.8523477683538538E-04  7.7027526691213422E-08  4.7465419494060454E-06  5.8993287967546737E-09
    83   7.8850000      0.0000000000000000E+00  8.7003050742883577E-09  2.0752896984527257E-04  8.5158379757226715E-08  5.3047238703908225E-06  6.9093299009573194E-09
    84   7.9800000      0.0000000000000000E+00  9.3775351447385766E-09  2.3249936257219267E-04  9.3634206960162174E-08  5.9367981745518250E-06  8.5449325251393884E-09
    85   8.0750000      0.0000000000000000E+00  9.0903399700683437E-09  2.6051302309765940E-04  1.0193086057346143E-07  6.6518684450411637E-06  1.1249530029265846E-08
    86   8.1700000      0.0000000000000000E+00  8.6837734161537363E-09  2.9197087062504429E-04  1.0954350164282054E-07  7.4575734086731977E-06  1.3785160654711012E-08
    87   8.2650000      0.0000000000000000E+00  9.4093454808101156E-09  3.2730157326022532E-04  1.1601880508723097E-07  8.3614804712749032E-06  1.4761855251041167E-08
    88   8.3600000      0.0000000000000000E+00  1.1057736050074871E-08  3.6696116766193562E-04  1.2098390329895214E-07  9.3720700331480474E-06  1.4727847228372084E-08
    89   8.4550000      0.0000000000000000E+00  1.3115857623513126E-08  4.1143646754091359E-04  1.2417016680320270E-07  1.0500443479615897E-05  1.4447489546512522E-08
    90   8.5500000      0.0000000000000000E+00  1.5545874405580189E-08  4.6125874991594963E-04  1.2543032765889483E-07  1.1761233412483702E-05  1.3904140249473656E-08
    91   8.6450000      0.0000000000000000E+00  1.8143482603665628E-08  5.1703113086652328E-04  1.2474789093244161E-07  1.3173473819860376E-05  1.3112266284955660E-08
    92   8.7400000      0.0000000000000000E+00  2.0566922527692420E-08  5.7946272613858089E-04  1.2223856239929881E-07  1.4760833547955801E-05  1.2086307051486698E-08
    93   8.8350000      0.0000000000000000E+00  2.2363289406142537E-08  6.4939532390274500E-04  1.1814335223159348E-07  1.6549184750537555E-05  1.0991217698180124E-08
    94   8.9300000      0.0000000000000000E+00  2.2949830019911656E-08  7.2780963019039818E-04  1.1281392304690586E-07  1.8563362505520425E-05  1.0413419833920227E-08
    95   9.0250000      0.0000000000000000E+00  2.2488642611304772E-08  8.1581100869592088E-04  1.0669157631632735E-07  2.0826027634367485E-05  1.0310971342084651E-08
    96   9.1200000      0.0000000000000000E+00  2.2009811768634502E-08  9.1460919731494589E-04  1.0028095907240526E-07  2.3358549447673732E-05  9.7015879878919196E-09
    97   9.2150000      0.0000000000000000E+00  2.1910778007439261E-08  1.0255089245995261E-03  9.4119951572257530E-08  2.6181678614936935E-05  8.2971469289897195E-09
    98   9.3100000      0.0000000000000000E+00  2.1363471074388060E-08  1.1499149712873985E-03  8.8747758623618694E-08  2.9318312536683897E-05  7.3231865276132910E-09
    99   9.4050000      0.0000000000000000E+00  2.0379131066731981E-08  1.2893464153769336E-03  8.4673448527228144E-08  3.2798623238021019E-05  7.0868800682509542E-09
   100   9.5000000      0.0000000000000000E+00  2.0223441116687752E-08  1.4454595420201955E-03  8.2346932552191294E-08  3.6664080959890674E-05  6.3518311980039151E-09
   101   9.5950000      0.0000000000000000E+00  2.0907093892322022E-08  1.6200885923527153E-03  8.2133718461431358E-08  4.0969529211919553E-05  5.2490393952617321E-09
   102   9.6900000      0.0000000000000000E+00  2.1187591961196262E-08  1.8153156570280466E-03  8.4295509457932317E-08  4.5784171076797904E-05  5.0486049439888529E-09
   103   9.7850000      0.0000000000000000E+00  2.0372082918919940E-08  2.0335639314205639E-03  8.8977983108637172E-08  5.1190596282375306E-05  6.0660208671529751E-09
   104   9.8800000      0.0000000000000000E+00  1.8454018577975962E-08  2.2776806867323739E-03  9.6206069628050836E-08  5.7278082789710759E-05  7.9180731163573844E-09
   105   9.9750000      0.0000000000000000E+00  1.5872045287454407E-08  2.5509623067239730E-03  1.0588759129816642E-07  6.4132815579077081E-05  1.0062018651017753E-08
   106   10.070000      0.0000000000000000E+00  1.3437502677341177E-08  2.8571027717486912E-03  1.1782463058371476E-07  7.1832607680570427E-05  1.1944412984892789E-08
   107   10.165000      0.0000000000000000E+00  1.1819059373963758E-08  3.2001067715190460E-03  1.3173203360893740E-07  8.0447377276371464E-05  1.3416302297159913E-08
   108   10.260000      0.0000000000000000E+00  1.1216721041253617E-08  3.5842401724404298E-03  1.4726395849891415E-07  9.0045194664614529E-05  1.4778941038559572E-08
   109   10.355000      0.0000000000000000E+00  1.2082178352434275E-08  4.0140675767377483E-03  1.6404359754860524E-07  1.0070186573045591E-04  1.5529840128493475E-08
   110   10.450000      0.0000000000000000E+00  1.4766217825627597E-08  4.4945691562136457E-03  1.8169457961958895E-07  1.1250856617360060E-04  1.4583152826906704E-08
   111   10.545000      0.0000000000000000E+00  1.7738847687129077E-08  5.0312801590598217E-03  1.9987732459003213E-07  1.2557507747202047E-04  1.2844328653977166E-08
   112   10.640000      0.0000000000000000E+00  1.9021712404776559E-08  5.6303938766134928E-03  2.1832148102234710E-07  1.4002831354340792E-04  1.1995420587420005E-08
   113   10.735000      0.0000000000000000E+00  1.8708101611065394E-08  6.2988043929040217E-03  2.3685332114621981E-07  1.5600938220676941E-04  1.1775300738330338E-08
   114   10.830000      0.0000000000000000E+00  1.7869751498439996E-08  7.0441081338069233E-03  2.5541922025433887E-07  1.7366972361883881E-04  1.1351535024268879E-08
   115   10.925000      0.0000000000000000E+00  1.6872372723211385E-08  7.8746042153963174E-03  2.7410587693558847E-07  1.9316881559908384E-04  1.0927076779653672E-08
   116   11.020000      0.0000000000000000E+00  1.5729896789550862E-08  8.7993249629439111E-03  2.9315572806475273E-07  2.1467481488539263E-04  1.0889433026123667E-08
   117   11.115000      0.0000000000000000E+00  1.4748485875471453E-08  9.8281037136447522E-03  3.1297482115671226E-07  2.3836539210898567E-04  1.0908196545515500E-08
   118   11.210000      0.0000000000000000E+00  1.4178175190958684E-08  1.0971657047944850E-02  3.3411515138055117E-07  2.6442314794089989E-04  1.0454570555475735E-08
   119   11.305000      0.0000000000000000E+00  1.3900776959915972E-08  1.2241636022814981E-02  3.5725727601016776E-07  2.9302726481412935E-04  9.3815607077530744E-09
   120   11.400000      0.0000000000000000E+00  1.3636178113286121E-08  1.3650612840880722E-02  3.8320454270269827E-07  3.2434541810865677E-04  7.7866012313123686E-09
   121   11.495000      0.0000000000000000E+00  1.2755462244267921E-08  1.5212005431969239E-02  4.1287551617112534E-07  3.5852828628165126E-04  6.4662529383888122E-09
   122   11.590000      0.0000000000000000E+00  1.1083696479774006E-08  1.6939974757746088E-02  4.4727141259001032E-07  3.9570796237141782E-04  6.0574430270816069E-09
   123   11.685000      0.0000000000000000E+00  9.7645345505729183E-09  1.8849339428995807E-02  4.8744816456111231E-07  4.3599897622746117E-04  5.8052545214833709E-09
   124   11.780000      0.0000000000000000E+00  9.5167528164368207E-09  2.0955526823032457E-02  5.3451041212265058E-07  4.7950032084925439E-04  5.4511567742176718E-09
   125   11.875000      0.0000000000000000E+00  9.6246064040556124E-09  2.3274534641031970E-02  5.8954873483858633E-07  5.2628957271629365E-04  6.2598245343320236E-09
   126   11.970000      0.0000000000000000E+00  9.9278977772971134E-09  2.5822852022997535E-02  6.5351465908657851E-07  5.7641654571495928E-04  8.3840656945465573E-09
   127   12.065000      0.0000000000000000E+00  1.1157584485400111E-08  2.8617314540255779E-02  7.2721114065865967E-07  6.2989731315253616E-04  1.0506119631822972E-08
   128   12.160000      0.0000000000000000E+00  1.3185437706942437E-08  3.1674913303188924E-02  8.1140255595472093E-07  6.8671245650352554E-04  1.2087857944347728E-08
   129   12.255000      0.0000000000000000E+00  1.5032999637019250E-08  3.5012574601030730E-02  9.0672445763925389E-07  7.4679591409720913E-04  1.3520704145519993E-08
   130   12.350000      0.0000000000000000E+00  1.6274056655648240E-08  3.8646887284327670E-02  1.0136198208820303E-06  8.1002144744237283E-04  1.4713459967611219E-08
   131   12.445000      0.0000000000000000E+00  1.7335034825203079E-08  4.2593754011490771E-02  1.1322431125085188E-06  8.7618962069011647E-04  1.5054880948808495E-08
   132   12.540000      0.0000000000000000E+00  1.8893924855417620E-08  4.6868022961674728E-02  1.2621731480102840E-06  9.4502476297512463E-04  1.4083531535786863E-08
   133   12.635000      0.0000000000000000E+00  2.0914696218834983E-08  5.1483168342590840E-02  1.4025864019008431E-06  1.0161764997489759E-03  1.2380767466283622E-08
   134   12.730000      0.0000000000000000E+00  2.2592035062324942E-08  5.6450973924313398E-02  1.5518242633934616E-06  1.0892199798352307E-03  1.1267041845779710E-08
   135   12.825000      0.0000000000000000E+00  2.3394191575462252E-08  6.1781071610976027E-02  1.7075280536169747E-06  1.1636658665297654E-03  1.1281913683577798E-08
   136   12.920000      0.0000000000000000E+00  2.3632710426473906E-08  6.7480293699615543E-02  1.8672337009305372E-06  1.2389953273003185E-03  1.1519216075631269E-08
   137   13.015000      0.0000000000000000E+00  2.3525384563050769E-08  7.3552140598182936E-02  2.0281651495693180E-06  1.3147302734121905E-03  1.0876098832770000E-08
   138   13.110000      0.0000000000000000E+00  2.1647848981293937E-08  7.9996784219489317E-02  2.1870348183965599E-06  1.3904908467406480E-03  1.0516656058049299E-08
   139   13.205000      0.0000000000000000E+00  1.7347435508037424E-08  8.6811691804926275E-02  2.3398759967856209E-06  1.4659912316471778E-03  1.1533113057626872E-08
   140   13.300000      0.0000000000000000E+00  1.3550210715458852E-08  9.3992457423827544E-02  2.4844736384710210E-06  1.5409696562600527E-03  1.1313312332347684E-08
   141   13.395000      0.0000000000000000E+00  1.2390138066079143E-08  1.0153326334007232E-01  2.6211011500236660E-06  1.6150991963998840E-03  8.5224193907918567E-09
   142   13.490000      0.0000000000000000E+00  1.2588074020556439E-08  1.0942679360920410E-01  2.7517074449815403E-06  1.6879135921046432E-03  5.6965242320780131E-09
   143   13.585000      0.0000000000000000E+00  1.2924229892565806E-08  1.1766382618072564E-01  2.8806467781582339E-06  1.7587828046116830E-03  4.5313729781538837E-09
   144   13.680000      0.0000000000000000E+00  1.3329033427839628E-08  1.2623280043539442E-01  3.0146473932831743E-06  1.8269150295018484E-03  4.9029584896814473E-09
   145   13.775000      0.0000000000000000E+00  1.3905060205747250E-08  1.3511947689120216E-01  3.1602492444913640E-06  1.8914054013752912E-03  6.1765074750877798E-09
   146   13.870000      0.0000000000000000E+00  1.4321032120590916E-08  1.4430656952973628E-01  3.3230820796105548E-06  1.9513210023948922E-03  8.1374140614574962E-09
   147   13.965000      0.0000000000000000E+00  1.4180273032459894E-08  1.5377320124643218E-01  3.5088583297416628E-06  2.0057573105080081E-03  1.0807007203049169E-08
   148   14.060000      0.0000000000000000E+00  1.3904645391934108E-08  1.6349412458574386E-01  3.7234999131295706E-06  2.0538999490203914E-03  1.3472227104830665E-08
   149   14.155000      0.0000000000000000E+00  1.4530421888776953E-08  1.7343875121394553E-01  3.9696928779925877E-06  2.0950823455625324E-03  1.4891419669558707E-08
   150   14.250000      0.0000000000000000E+00  1.6662875799457424E-08  1.8357004016208109E-01  4.2441007269292519E-06  2.1289361894554298E-03  1.4349614458148232E-08
   151   14.345000      0.0000000000000000E+00  1.9599107917924741E-08  1.9384353548684030E-01  4.5388775943046359E-06  2.1556661732339351E-03  1.2574906815666804E-08
   152   14.440000      0.0000000000000000E+00  2.1907624105030053E-08  2.0420731825281227E-01  4.8452065196304731E-06  2.1763459986017704E-03  1.1131709141700466E-08
   153   14.535000      0.0000000000000000E+00  2.3218222485534546E-08  2.1460355078896909E-01  5.1554760423764394E-06  2.1930548265285789E-03  1.0219662313709354E-08
   154   14.630000      0.0000000000000000E+00  2.3716932570986847E-08  2.2497161635805041E-01  5.4666750119986457E-06  2.2087084028642279E-03  9.3448299763028114E-09
   155   14.725000      0.0000000000000000E+00  2.2677801720438191E-08  2.3525196447822136E-01  5.7828230919145736E-06  2.2265998969076685E-03  9.3130142068599279E-09
   156   14.820000      0.0000000000000000E+00  1.9818005928325201E-08  2.4538921044748077E-01  6.1207454761614774E-06  2.2497722868332847E-03  1.0737758961568640E-08
   157   14.915000      0.0000000000000000E+00  1.6671476059812067E-08  2.5533511895794553E-01  6.5135355983828201E-06  2.2805470991659705E-03  1.2270293026230733E-08
   158   15.010000      0.0000000000000000E+00  1.4675636002757570E-08  2.6505359321961880E-01  7.0006254680630082E-06  2.3198165471666941E-03  1.2708243312785426E-08
   159   15.105000      0.0000000000000000E+00  1.3900023492936220E-08  2.7452576851362781E-01  7.6169083994512707E-06  2.3661227242258638E-03  1.2184794836910472E-08
   160   15.200000      0.0000000000000000E+00  1.3878146545429868E-08  2.8374880988033113E-01  8.3837827890456663E-06  2.4154274764497836E-03  1.1050689246978950E-08
   161   15.295000      0.0000000000000000E+00  1.4036132460851206E-08  2.9272722116596012E-01  9.3052163618673666E-06  2.4622351134379597E-03  9.7072553751753941E-09
   162   15.390000      0.0000000000000000E+00  1.4109961558480107E-08  3.0146355458283597E-01  1.0351262381202648E-05  2.5006748513175543E-03  8.4167449877205650E-09
   163   15.485000      0.0000000000000000E+00  1.4384254100647264E-08  3.0995182248154657E-01  1.1451203913319323E-05  2.5248997548573907E-03  7.0295581723386259E-09
   164   15.580000      0.0000000000000000E+00  1.4764351897210797E-08  3.1817103954166293E-01  1.2493703354099286E-05  2.5295571584207023E-03  5.9242867392056191E-09
   165   15.675000      0.0000000000000000E+00  1.4489551749881797E-08  3.2607738338218339E-01  1.3348073158105177E-05  2.5110919910687219E-03  6.1442660326497261E-09
   166   15.770000      0.0000000000000000E+00  1.3485333824709794E-08  3.3359872026782234E-01  1.3898755493875167E-05  2.4686720779275939E-03  7.7549809351152475E-09
   167   15.865000      0.0000000000000000E+00  1.2822322941462581E-08  3.4063560482212241E-01  1.4057930845530812E-05  2.4041502889325089E-03  9.3388357708816384E-09
   168   15.960000      0.0000000000000000E+00  1.2763691633654471E-08  3.4706843507536811E-01  1.3785845695288339E-05  2.3214551134989559E-03  1.0401047474190038E-08
   169   16.055000      0.0000000000000000E+00  1.2347186621282240E-08  3.5276753833915697E-01  1.3121361412568843E-05  2.2261013258177320E-03  1.1971519595611041E-08
   170   16.150000      0.0000000000000000E+00  1.1791277466322278E-08  3.5760674123227149E-01  1.2178753872551794E-05  2.1251189537699632E-03  1.3716836570913094E-08
   171   16.245000      0.0000000000000000E+00  1.2288514933169583E-08  3.6148073656095620E-01  1.1105660790419244E-05  2.0255707358986185E-03  1.4318132814409904E-08
   172   16.340000      0.0000000000000000E+00  1.4005276602086046E-08  3.6431932657965832E-01  1.0066849170568504E-05  1.9331413943488905E-03  1.3740584706586315E-08
   173   16.435000      0.0000000000000000E+00  1.6232945408668264E-08  3.6609234301358828E-01  9.2174616442121577E-06  1.8518871666745402E-03  1.2729963117235653E-08
   174   16.530000      0.0000000000000000E+00  1.8233934355529356E-08  3.6680963972012726E-01  8.6512984549388981E-06  1.7853475834554398E-03  1.1915160922245743E-08
   175   16.625000      0.0000000000000000E+00  1.9650376771412269E-08  3.6652211462540879E-01  8.4006361388089818E-06  1.7363303913366893E-03  1.1600099255870973E-08
   176   16.720000      0.0000000000000000E+00  2.0756041301445798E-08  3.6532103104544711E-01  8.4544951350842873E-06  1.7064412593064419E-03  1.1493335424448650E-08
   177   16.815000      0.0000000000000000E+00  2.2071860895242789E-08  3.6333188665825145E-01  8.7614904074731258E-06  1.6963629092807807E-03  1.0994211131068108E-08
   178   16.910000      0.0000000000000000E+00  2.3353884621031138E-08  3.6070126514398143E-01  9.2556488863713846E-06  1.7063008506220849E-03  1.0338998679144544E-08
   179   17.005000      0.0000000000000000E+00  2.3919934185812073E-08  3.5757928235553105E-01  9.8716295047906010E-06  1.7368731782884221E-03  1.0390378452714469E-08
   180   17.100000      0.0000000000000000E+00  2.4483140429555342E-08  3.5410329281766306E-01  1.0577060519600772E-05  1.7898719037582637E-03  1.0312580660194848E-08
   181   17.195000      0.0000000000000000E+00  2.6028635532585112E-08  3.5038607874472272E-01  1.1378047184308571E-05  1.8685629378458067E-03  8.8558493343384658E-09
   182   17.290000      0.0000000000000000E+00  2.7749248139986159E-08  3.4650952472751950E-01  1.2280160027053508E-05  1.9762239674394398E-03  6.9519664009733774E-09
   183   17.385000      0.0000000000000000E+00  2.8503378851884605E-08  3.4252541887494170E-01  1.3246036054268452E-05  2.1140578592834538E-03  5.9534977542216448E-09
   184   17.480000      0.0000000000000000E+00  2.8311372635996787E-08  3.3846328836688333E-01  1.4204196623331245E-05  2.2805926391073080E-03  5.8532916308150204E-09
   185   17.575000      0.0000000000000000E+00  2.7505775631237665E-08  3.3434270027029034E-01  1.5060356490237659E-05  2.4707200036826228E-03  6.2464955337725264E-09
   186   17.670000      0.0000000000000000E+00  2.5973396016254917E-08  3.3018704615954403E-01  1.5729843632345414E-05  2.6764677363197830E-03  7.1978638236125735E-09
   187   17.765000      0.0000000000000000E+00  2.3599058207734291E-08  3.2603685700561008E-01  1.6170250650668633E-05  2.8877088517243943E-03  8.8147018861478804E-09
   188   17.860000      0.0000000000000000E+00  2.0683179179583966E-08  3.2195688627450991E-01  1.6379252677708072E-05  3.0937471601521684E-03  1.0784311415266180E-08
   189   17.955000      0.0000000000000000E+00  1.7694167214660615E-08  3.1803177493409773E-01  1.6380489914151614E-05  3.2862108939637966E-03  1.2693548069795377E-08
   190   18.050000      0.0000000000000000E+00  1.5373289745763787E-08  3.1435524980757024E-01  1.6229344621040895E-05  3.4618397166839053E-03  1.3759870016591326E-08
   191   18.145000      0.0000000000000000E+00  1.4063673892677923E-08  3.1102015801987792E-01  1.5994572974375563E-05  3.6229811462072598E-03  1.3601492901730074E-08
   192   18.240000      0.0000000000000000E+00  1.3025106157384659E-08  3.0810949088164447E-01  1.5773045161159869E-05  3.7766040592776165E-03  1.3208147893472176E-08
   193   18.335000      0.0000000000000000E+00  1.2028832349003304E-08  3.0568805748221034E-01  1.5693091955204411E-05  3.9327138291484834E-03  1.2969839303398582E-08
   194   18.430000      0.0000000000000000E+00  1.1966031220957911E-08  3.0379723294991612E-01  1.5868869676736900E-05  4.1018224956130365E-03  1.1802818852872887E-08
   195   18.525000      0.0000000000000000E+00  1.2707087856799145E-08  3.0245371672675420E-01  1.6393911267096552E-05  4.2929031638800760E-03  9.7825227792420968E-09
   196   18.620000      0.0000000000000000E+00  1.3005341354378975E-08  3.0165209195113213E-01  1.7337184087167981E-05  4.5117991752506225E-03  8.3570383067854558E-09
   197   18.715000      0.0000000000000000E+00  1.2615557282637596E-08  3.0137317875105291E-01  1.8726019525314681E-05  4.7607454084703871E-03  7.8796080735710658E-09
   198   18.810000      0.0000000000000000E+00  1.2278067921741191E-08  3.0159731203907109E-01  2.0530779034119289E-05  5.0371823102106760E-03  7.6622151524279200E-09
   199   18.905000      0.0000000000000000E+00  1.2287440570472206E-08  3.0231731167539461E-01  2.2641339769335390E-05  5.3340126361598869E-03  7.5747668958300685E-09
   200   19.000000      0.0000000000000000E+00  1.2409542019315492E-08  3.0354878853853490E-01  2.4853737101205330E-05  5.6402787778964915E-03  7.9629879898849685E-09
   201   19.095000      0.0000000000000000E+00  1.2517710845861832E-08  3.0533205723575962E-01  2.6911414461750416E-05  5.9421211261181791E-03  8.8802263440144774E-09
   202   19.190000      0.0000000000000000E+00  1.3012021901059750E-08  3.0772004385615337E-01  2.8554241716437154E-05  6.2261967931314484E-03  9.6172503784033248E-09
   203   19.285000      0.0000000000000000E+00  1.4435586376293445E-08  3.1076066635886634E-01  2.9549576145100393E-05  6.4833303304011021E-03  9.2300390738383781E-09
   204   19.380000      0.0000000000000000E+00  1.6470887292132303E-08  3.1448365240125542E-01  2.9797421856118674E-05  6.7098986665237344E-03  7.9280593934357617E-09
   205   19.475000      0.0000000000000000E+00  1.7938883309692347E-08  3.1889387393985746E-01  2.9365035553245604E-05  6.9093368023125023E-03  7.1023697601144726E-09
   206   19.570000      0.0000000000000000E+00  1.8095023509628313E-08  3.2397252618248173E-01  2.8389016208730357E-05  7.0923772846319538E-03  7.8582257216026778E-09
   207   19.665000      0.0000000000000000E+00  1.8169135784874634E-08  3.2968343604282313E-01  2.7096299345784911E-05  7.2729011992238961E-03  8.9624489922309794E-09
   208   19.760000      0.0000000000000000E+00  1.9267488240871656E-08  3.3597730063781894E-01  2.5763465435105401E-05  7.4642705548285532E-03  9.1581464208536058E-09
   209   19.855000      0.0000000000000000E+00  1.9776955176179658E-08  3.4279642764132928E-01  2.4620163109041886E-05  7.6775880263139423E-03  1.0479468329227963E-08
   210   19.950000      0.0000000000000000E+00  1.9042505095647849E-08  3.5009005318683972E-01  2.3875948889686373E-05  7.9202159019930475E-03  1.3663357281055115E-08
   211   20.045000      0.0000000000000000E+00  1.9182691692603738E-08  3.5783742935837476E-01  2.3713410575218580E-05  8.1930718816473382E-03  1.5908697269727034E-08
   212   20.140000      0.0000000000000000E+00  2.1108145042238412E-08  3.6606105929454191E-01  2.4230730127788365E-05  8.4893368686063935E-03  1.5968187291669629E-08
   213   20.235000      0.0000000000000000E+00  2.3830318401270071E-08  3.7481787646943066E-01  2.5452592643890447E-05  8.7951323369636521E-03  1.4782423741792858E-08
   214   20.330000      0.0000000000000000E+00  2.6284324460153831E-08  3.8417976072485460E-01  2.7267392138378272E-05  9.0930668707184855E-03  1.3480629298716385E-08
   215   20.425000      0.0000000000000000E+00  2.8288654991141043E-08  3.9421980182607813E-01  2.9422996145845526E-05  9.3659478936114655E-03  1.2347623995211433E-08
   216   20.520000      0.0000000000000000E+00  3.0162272260691545E-08  4.0500232724456336E-01  3.1604486029792324E-05  9.5997193862432453E-03  1.1038960764371933E-08
   217   20.615000      0.0000000000000000E+00  3.1513595630004571E-08  4.1656821966264873E-01  3.3502956502644496E-05  9.7866342014452396E-03  9.8220450542751346E-09
   218   20.710000      0.0000000000000000E+00  3.1324067209708266E-08  4.2891687574858461E-01  3.4888655447366550E-05  9.9269987177677162E-03  9.5042249296267417E-09
   219   20.805000      0.0000000000000000E+00  2.9196823345988487E-08  4.4199487439906299E-01  3.5670694660036059E-05  1.0025711975841232E-02  1.0361613130472931E-08
   220   20.900000      0.0000000000000000E+00  2.6271149627043289E-08  4.5569307823945809E-01  3.5882123251186410E-05  1.0088110067977399E-02  1.1396297072753938E-08
   221   20.995000      0.0000000000000000E+00  2.4301818728645422E-08  4.6984934363561043E-01  3.5655099820024422E-05  1.0115134469785694E-02  1.1209593464047943E-08
   222   21.090000      0.0000000000000000E+00  2.3540414996917731E-08  4.8425750624577990E-01  3.5197029823404192E-05  1.0100639624904978E-02  1.0119148455401008E-08
   223   21.185000      0.0000000000000000E+00  2.3207575100248422E-08  4.9868454695973430E-01  3.4713355627618551E-05  1.0030955654644763E-02  9.2557276571706272E-09
   224   21.280000      0.0000000000000000E+00  2.3381388794887456E-08  5.1289135647375306E-01  3.4391957443138467E-05  9.8869873403700532E-03  8.3095353580181177E-09
   225   21.375000      0.0000000000000000E+00  2.4155574962729592E-08  5.2665603306394881E-01  3.4318972434505023E-05  9.6488221074963864E-03  6.8423522975515942E-09
   226   21.470000      0.0000000000000000E+00  2.4325512847648964E-08  5.3979616126454710E-01  3.4435959736277306E-05  9.3008898907037257E-03  6.0349519464189882E-09
   227   21.565000      0.0000000000000000E+00  2.2951669977011407E-08  5.5218124727297968E-01  3.4706360183599210E-05  8.8356738829458905E-03  6.7555191535592862E-09
   228   21.660000      0.0000000000000000E+00  2.0506478762366937E-08  5.6372838555751270E-01  3.5070822068870660E-05  8.2571910367899397E-03  8.3586531004383272E-09
   229   21.755000      0.0000000000000000E+00  1.7959952808794586E-08  5.7438493031851579E-01  3.5420854159547328E-05  7.5842995458689638E-03  1.0000263391322759E-08
   230   21.850000      0.0000000000000000E+00  1.6208267517888002E-08  5.8410670254362473E-01  3.5689326488358657E-05  6.8490727463584007E-03  1.0987264183553058E-08
   231   21.945000      0.0000000000000000E+00  1.5459946552565364E-08  5.9283159293204635E-01  3.5867018248886601E-05  6.0979076262249942E-03  1.1144428350922542E-08
   232   22.040000      0.0000000000000000E+00  1.5073824698347315E-08  6.0045839861774342E-01  3.5928457602331277E-05  5.3911556642307380E-03  1.0949578502456465E-08
   233   22.135000      0.0000000000000000E+00  1.4715780891975856E-08  6.0684301277385755E-01  3.5815890435464046E-05  4.7986198142957529E-03  1.0458505527083568E-08
   234   22.230000      0.0000000000000000E+00  1.4807633959003346E-08  6.1182146160486373E-01  3.5523906926094437E-05  4.3917390875018560E-03  9.1365037019405458E-09
   235   22.325000      0.0000000000000000E+00  1.5227202592173068E-08  6.1525414676554335E-01  3.5047621953983336E-05  4.2245969102142891E-03  7.4120742205817410E-09
   236   22.420000      0.0000000000000000E+00  1.5018817510925147E-08  6.1707359592216893E-01  3.4448073538101159E-05  4.3218023905624205E-03  6.7988100600355256E-09
   237   22.515000      0.0000000000000000E+00  1.4319355843523208E-08  6.1732638294201492E-01  3.3829109392123063E-05  4.6658659220072552E-03  7.4670802795623712E-09
   238   22.610000      0.0000000000000000E+00  1.4553130342384223E-08  6.1619736598121899E-01  3.3266208672591979E-05  5.1966143698470042E-03  7.8777801518816900E-09
   239   22.705000      0.0000000000000000E+00  1.5763362650229117E-08  6.1399941029258698E-01  3.2892832885017596E-05  5.8256873815373490E-03  7.9513478829268859E-09
   240   22.800000      0.0000000000000000E+00  1.6736692965197998E-08  6.1112222915690750E-01  3.2864473446676675E-05  6.4633431855256052E-03  8.7936027720837793E-09
   241   22.895000      0.0000000000000000E+00  1.7246617866930061E-08  6.0795948287423918E-01  3.3523937742867567E-05  7.0470457197718680E-03  1.0195867557753044E-08
   242   22.990000      0.0000000000000000E+00  1.7975579603084298E-08  6.0484330474306913E-01  3.5231008525662281E-05  7.5554900463394026E-03  1.1184559810044604E-08
   243   23.085000      0.0000000000000000E+00  1.9497183481120631E-08  6.0200184800314760E-01  3.8191609619023435E-05  8.0073594748362349E-03  1.1202191598930971E-08
   244   23.180000      0.0000000000000000E+00  2.1742761085967099E-08  5.9954077910789860E-01  4.2332370511582326E-05  8.4525504052351697E-03  1.0351761226458021E-08
   245   23.275000      0.0000000000000000E+00  2.3738764470511982E-08  5.9745190023159478E-01  4.7326424481175952E-05  8.9565019007993921E-03  9.4939839122934775E-09
   246   23.370000      0.0000000000000000E+00  2.4332055238262315E-08  5.9565325378085399E-01  5.2512289674467859E-05  9.5813843867500886E-03  9.5379701800208117E-09
   247   23.465000      0.0000000000000000E+00  2.3566798118924359E-08  5.9404667073827366E-01  5.6928799579057493E-05  1.0361988577862287E-02  1.0195915451299575E-08
   248   23.560000      0.0000000000000000E+00  2.2518937640357329E-08  5.9256001738550779E-01  5.9714605209416258E-05  1.1293209001324777E-02  1.0349826598121595E-08
   249   23.655000      0.0000000000000000E+00  2.1383298053587473E-08  5.9116048582359937E-01  6.0234143276281166E-05  1.2323099847722100E-02  1.0359903431562875E-08
   250   23.750000      0.0000000000000000E+00  1.9982231651492054E-08  5.8983201354091130E-01  5.8569660592148522E-05  1.3362875700728562E-02  1.1071404083737432E-08
   251   23.845000      0.0000000000000000E+00  1.9289310788160125E-08  5.8854626128622645E-01  5.5463284202423084E-05  1.4312075327506597E-02  1.1545567680582788E-08
   252   23.940000      0.0000000000000000E+00  2.0004297749395897E-08  5.8726101644522066E-01  5.1937838430070069E-05  1.5075960094438654E-02  1.0916215489039600E-08
   253   24.035000      0.0000000000000000E+00  2.1558790215172419E-08  5.8591949207720151E-01  4.9305508822419477E-05  1.5590718521221292E-02  9.7716196928545898E-09
   254   24.130000      0.0000000000000000E+00  2.3210081523228663E-08  5.8445927669902997E-01  4.8753275872068305E-05  1.5840457580486741E-02  8.8207244705636694E-09
   255   24.225000      0.0000000000000000E+00  2.4616656543079910E-08  5.8284205115946752E-01  5.0970511582552025E-05  1.5853062612180786E-02  8.2043891500802772E-09
   256   24.320000      0.0000000000000000E+00  2.5590727114763696E-08  5.8107899455468248E-01  5.5797328138800855E-05  1.5692667596633687E-02  7.8829152159399189E-09
   257   24.415000      0.0000000000000000E+00  2.6036372100439789E-08  5.7924728525758540E-01  6.2073785968833555E-05  1.5444920885696956E-02  7.8705459508519032E-09
   258   24.510000      0.0000000000000000E+00  2.6051578243189305E-08  5.7748783728429320E-01  6.8226939193465343E-05  1.5195134118105203E-02  8.0333173735420327E-09
   259   24.605000      0.0000000000000000E+00  2.5524012234341050E-08  5.7597099417420750E-01  7.2895841923636438E-05  1.5018669570883745E-02  8.5088911962555903E-09
   260   24.700000      0.0000000000000000E+00  2.4533141821411875E-08  5.7483813389348737E-01  7.5457043427302681E-05  1.4973758946243726E-02  9.2764093992794426E-09
   261   24.795000      0.0000000000000000E+00  2.3910999105978365E-08  5.7414595120748191E-01  7.6133694399395079E-05  1.5097169531875235E-02  9.4000182285683143E-09
   262   24.890000      0.0000000000000000E+00  2.3723471457984883E-08  5.7382482902838372E-01  7.5844102777835831E-05  1.5407987739895580E-02  8.9075410458638417E-09
   263   24.985000      0.0000000000000000E+00  2.2964187570367810E-08  5.7365201815403311E-01  7.5198928519209580E-05  1.5913684536479934E-02  9.1582267361391317E-09
   264   25.080000      0.0000000000000000E+00  2.1684321235358134E-08  5.7327067438758916E-01  7.4811970547947117E-05  1.6612839732626668E-02  1.0124953599215163E-08
   265   25.175000      0.0000000000000000E+00  2.0763307722828354E-08  5.7226253465525001E-01  7.4911936026493336E-05  1.7488636669425416E-02  1.0574573035060752E-08
   266   25.270000      0.0000000000000000E+00  1.9839834738107304E-08  5.7022349596906030E-01  7.5735990738775395E-05  1.8507354180707848E-02  1.0628566283505075E-08
   267   25.365000      0.0000000000000000E+00  1.7984351060524369E-08  5.6682644938068827E-01  7.7295673471114771E-05  1.9618398950909225E-02  1.1128788353889497E-08
   268   25.460000      0.0000000000000000E+00  1.5438398026499406E-08  5.6189715829617981E-01  7.9481314452952684E-05  2.0743609325224715E-02  1.1820153075822783E-08
   269   25.555000      0.0000000000000000E+00  1.3228856717707612E-08  5.5547265548602898E-01  8.1952638461914635E-05  2.1769711359000622E-02  1.1867689314887735E-08
   270   25.650000      0.0000000000000000E+00  1.1960576072695717E-08  5.4778872082608021E-01  8.4295905984600985E-05  2.2566950936464190E-02  1.1018065131415174E-08
   271   25.745000      0.0000000000000000E+00  1.1333170673256699E-08  5.3922312771924652E-01  8.6373810966376905E-05  2.3020101669784084E-02  9.9054402465526261E-09
   272   25.840000      0.0000000000000000E+00  1.0654422167972066E-08  5.3023904304755887E-01  8.8399087584948359E-05  2.3047848463434314E-02  9.4319654084371482E-09
   273   25.935000      0.0000000000000000E+00  1.0015693982084807E-08  5.2132334392864887E-01  9.0608054441148391E-05  2.2617020525946142E-02  9.4217048890079692E-09
   274   26.030000      0.0000000000000000E+00  1.0246771850680763E-08  5.1291779583167629E-01  9.2814972461205376E-05  2.1748268239992263E-02  8.7893456744075922E-09
   275   26.125000      0.0000000000000000E+00  1.1495971961999639E-08  5.0534534208934534E-01  9.4187846731631233E-05  2.0525830040612553E-02  7.1148219399510053E-09
   276   26.220000      0.0000000000000000E+00  1.2200642384992836E-08  4.9876434364865763E-01  9.3627463383628753E-05  1.9108353633996794E-02  6.0416976791087695E-09
   277   26.315000      0.0000000000000000E+00  1.1617025673872290E-08  4.9320204892535902E-01  9.0544756149160897E-05  1.7708505025201167E-02  6.5993169404946502E-09
   278   26.410000      0.0000000000000000E+00  1.2013832666997018E-08  4.8867036094422195E-01  8.5889646495638454E-05  1.6534303497826999E-02  6.4268432010218939E-09
   279   26.505000      0.0000000000000000E+00  1.4371909574500955E-08  4.8528858844033795E-01  8.1841337330246328E-05  1.5732417123911550E-02  4.6755026679151466E-09
   280   26.600000      0.0000000000000000E+00  1.6320142408809850E-08  4.8332923505483172E-01  8.0882428179041054E-05  1.5361492793173165E-02  4.1311405236426161E-09
   281   26.695000      0.0000000000000000E+00  1.6572530890696971E-08  4.8316346062089671E-01  8.4077443420189809E-05  1.5408286052396920E-02  5.7066444025230310E-09
   282   26.790000      0.0000000000000000E+00  1.5947131625039600E-08  4.8514405184262249E-01  9.0843284466082943E-05  1.5828350796142459E-02  7.9967085113367900E-09
   283   26.885000      0.0000000000000000E+00  1.5483295007916004E-08  4.8947360034606108E-01  9.9378676159861103E-05  1.6590619909421699E-02  9.7934039825073454E-09
   284   26.980000      0.0000000000000000E+00  1.5550804211198102E-08  4.9610354044603150E-01  1.0754440616467531E-04  1.7702871635075054E-02  1.0827712938204540E-08
   285   27.075000      0.0000000000000000E+00  1.5784621457120458E-08  5.0470431885746725E-01  1.1350379072704381E-04  1.9215431604733969E-02  1.1696458089551195E-08
   286   27.170000      0.0000000000000000E+00  1.6070464089611831E-08  5.1472765636860229E-01  1.1625534026110485E-04  2.1190359620970250E-02  1.2503340451452669E-08
   287   27.265000      0.0000000000000000E+00  1.6588279159237055E-08  5.2553692234247062E-01  1.1588979481416025E-04  2.3650787805474447E-02  1.2921820409900879E-08
   288   27.360000      0.0000000000000000E+00  1.7219341389342711E-08  5.3654649134188404E-01  1.1357338880829634E-04  2.6533616624554546E-02  1.3029542669341273E-08
   289   27.455000      0.0000000000000000E+00  1.7428566473855447E-08  5.4731153366105212E-01  1.1101987291596448E-04  2.9662760578927302E-02  1.3571173381129987E-08
   290   27.550000      0.0000000000000000E+00  1.7057744305845006E-08  5.5753082708376978E-01  1.0976766201472926E-04  3.2774738120385442E-02  1.4994289660726662E-08
   291   27.645000      0.0000000000000000E+00  1.7149452936029811E-08  5.6698179219478939E-01  1.1067435129371805E-04  3.5582041390701750E-02  1.6138268589537470E-08
   292   27.740000      0.0000000000000000E+00  1.8558411161922185E-08  5.7545189094566362E-01  1.1350570582416010E-04  3.7843999789655608E-02  1.5741517042788112E-08
   293   27.835000      0.0000000000000000E+00  2.0468791739710169E-08  5.8270919318060099E-01  1.1762661836020174E-04  3.9415301719257050E-02  1.4507827544583714E-08
   294   27.930000      0.0000000000000000E+00  2.2146883878849780E-08  5.8851067283828051E-01  1.2220875792126471E-04  4.0267599988239089E-02  1.3143078015038995E-08
   295   28.025000      0.0000000000000000E+00  2.4063319013228177E-08  5.9264517956754348E-01  1.2633562256156457E-04  4.0475948079185170E-02  1.0957997958515119E-08
   296   28.120000      0.0000000000000000E+00  2.6055717921953525E-08  5.9499139501043219E-01  1.2928721416329678E-04  4.0170927982883090E-02  8.1180544390689640E-09
   297   28.215000      0.0000000000000000E+00  2.7082460090978159E-08  5.9556317575735662E-01  1.3019542985624817E-04  3.9476840738035604E-02  6.0719609652654466E-09
   298   28.310000      0.0000000000000000E+00  2.6992495610833092E-08  5.9451718451038738E-01  1.2878027957220105E-04  3.8463673072641945E-02  5.3999812297785965E-09
   299   28.405000      0.0000000000000000E+00  2.6332294607382979E-08  5.9212082472982075E-01  1.2604252100717326E-04  3.7144204106621018E-02  5.8793940395978737E-09
   300   28.500000      0.0000000000000000E+00  2.5557736280731208E-08  5.8870159033083957E-01  1.2453584970320108E-04  3.5506137534678836E-02  7.0232228180653972E-09
   301   28.595000      0.0000000000000000E+00  2.4881013263006067E-08  5.8458337960963758E-01  1.2725544721927046E-04  3.3566340481637390E-02  8.1651390444587166E-09
   302   28.690000      0.0000000000000000E+00  2.3918613238665575E-08  5.8003406237692978E-01  1.3608089903168654E-04  3.1398408394576194E-02  9.1835568952040373E-09
   303   28.785000      0.0000000000000000E+00  2.2020826908494478E-08  5.7524433487977278E-01  1.5055844192481683E-04  2.9122160503513395E-02  1.0491895482293546E-08
   304   28.880000      0.0000000000000000E+00  1.9617427340108454E-08  5.7034019449803519E-01  1.6762922374435643E-04  2.6855879449219591E-02  1.1700573388676147E-08
   305   28.975000      0.0000000000000000E+00  1.8138249259176442E-08  5.6540577307613649E-01  1.8357654511219246E-04  2.4664464315888587E-02  1.1711510564213057E-08
   306   29.070000      0.0000000000000000E+00  1.7907555894332065E-08  5.6048985552412034E-01  1.9503109173391378E-04  2.2542215708798163E-02  1.0884149975528647E-08
   307   29.165000      0.0000000000000000E+00  1.7769829711596847E-08  5.5559565046722426E-01  2.0055340560089552E-04  2.0428862147744007E-02  1.0986924221880413E-08
   308   29.260000      0.0000000000000000E+00  1.7448324061066105E-08  5.5065760414289378E-01  2.0069418297810881E-04  1.8267750604133326E-02  1.2049133593569115E-08
   309   29.355000      0.0000000000000000E+00  1.7598133343198824E-08  5.4552527631834746E-01  1.9651476057636077E-04  1.6071677954638867E-02  1.2746746087834137E-08
   310   29.450000      0.0000000000000000E+00  1.8096257609643505E-08  5.3995844840536222E-01  1.8924017224222501E-04  1.3967883127783260E-02  1.2977958464169653E-08
   311   29.545000      0.0000000000000000E+00  1.8551892033907617E-08  5.3365391499206760E-01  1.7956548702647253E-04  1.2183247310074814E-02  1.3122935102815976E-08
   312   29.640000      0.0000000000000000E+00  1.8975217241156698E-08  5.2632327446374638E-01  1.6827937154975626E-04  1.0959754434473711E-02  1.3074370995040640E-08
   313   29.735000      0.0000000000000000E+00  1.9546468549119004E-08  5.1778377327740299E-01  1.5757851331025125E-04  1.0459058142339378E-02  1.2529076164360641E-08
   314   29.830000      0.0000000000000000E+00  2.0566271945713901E-08  5.0800416569448203E-01  1.5053167548568364E-04  1.0712990726303452E-02  1.1059353752325611E-08
   315   29.925000      0.0000000000000000E+00  2.2082802755880787E-08  4.9708341506404630E-01  1.5026005565516528E-04  1.1644329526624772E-02  8.6359078928797856E-09
   316   30.020000      0.0000000000000000E+00  2.3370924887044375E-08  4.8520849348507644E-01  1.5902035238048930E-04  1.3125374522877629E-02  6.3023612542490871E-09
   317   30.115000      0.0000000000000000E+00  2.3572432723100244E-08  4.7262954754314673E-01  1.7772138388171297E-04  1.5030886650409865E-02  5.3616516885087351E-09
   318   30.210000      0.0000000000000000E+00  2.3128424950311042E-08  4.5964167290844887E-01  2.0558558613561372E-04  1.7266916534585893E-02  5.3823629064798985E-09
   319   30.305000      0.0000000000000000E+00  2.2737848119123861E-08  4.4657737465691305E-01  2.3968614109122876E-04  1.9763488421000605E-02  5.4244818680671863E-09
   320   30.400000      0.0000000000000000E+00  2.1701707891722909E-08  4.3382553955692099E-01  2.7534005093382677E-04  2.2437288785026457E-02  6.2764645689094789E-09
   321   30.495000      0.0000000000000000E+00  1.9544760266727595E-08  4.2185608639406741E-01  3.0758605606013548E-04  2.5150783600099293E-02  8.4576870498152615E-09
   322   30.590000      0.0000000000000000E+00  1.7085796535810973E-08  4.1121777644822632E-01  3.3294998599542504E-04  2.7703935005290860E-02  1.1037932976250996E-08
   323   30.685000      0.0000000000000000E+00  1.5241438325468385E-08  4.0248990522152994E-01  3.5111448942266160E-04  2.9867632849847964E-02  1.3211811178767866E-08
   324   30.780000      0.0000000000000000E+00  1.4427528160183317E-08  3.9619076620079330E-01  3.6401094297469503E-04  3.1454933484342182E-02  1.4783709851166907E-08
   325   30.875000      0.0000000000000000E+00  1.4728619783207056E-08  3.9266812816614660E-01  3.7421837944329254E-04  3.2401505066944829E-02  1.5700504567222165E-08
   326   30.970000      0.0000000000000000E+00  1.5878389886436569E-08  3.9200735029593947E-01  3.8339023159379758E-04  3.2815458713238412E-02  1.6046641664346638E-08
   327   31.065000      0.0000000000000000E+00  1.7371232375251297E-08  3.9400449834566448E-01  3.9241282728589855E-04  3.2964736973816258E-02  1.6099025875616374E-08
   328   31.160000      0.0000000000000000E+00  1.9167469306735597E-08  3.9822859639844571E-01  4.0037432291216852E-04  3.3203589018441185E-02  1.5717586642094701E-08
   329   31.255000      0.0000000000000000E+00  2.1461160790773652E-08  4.0414763915679830E-01  4.0519798700709296E-04  3.3859168862080173E-02  1.4716848192146972E-08
   330   31.350000      0.0000000000000000E+00  2.3728848408384734E-08  4.1123894035840625E-01  4.0459788338201205E-04  3.5132607020924536E-02  1.3965827768605015E-08
   331   31.445000      0.0000000000000000E+00  2.5876766653282279E-08  4.1903713285484906E-01  3.9730572978007310E-04  3.7063978837650419E-02  1.3635443363074927E-08
   332   31.540000      0.0000000000000000E+00  2.8697900763365482E-08  4.2715110866180783E-01  3.8346636897267252E-04  3.9551524723494720E-02  1.2520701682235052E-08
   333   31.635000      0.0000000000000000E+00  3.1866338498245324E-08  4.3528713313616874E-01  3.6399747516333903E-04  4.2394079473821393E-02  1.0731229928574823E-08
   334   31.730000      0.0000000000000000E+00  3.4051796078085242E-08  4.4329036508962860E-01  3.4096320803452082E-04  4.5323588935775989E-02  9.6379837767456648E-09
   335   31.825000      0.0000000000000000E+00  3.4975959500863484E-08  4.5119507200953901E-01  3.1760308387500217E-04  4.8024503422843298E-02  9.2944844470570354E-09
   336   31.920000      0.0000000000000000E+00  3.5074939153119971E-08  4.5925482339259144E-01  2.9756281640441908E-04  5.0149866129441528E-02  9.0824578651731686E-09
   337   32.015000      0.0000000000000000E+00  3.4394780419777532E-08  4.6789122486237267E-01  2.8294004092043043E-04  5.1364131492701560E-02  9.2598891999069613E-09
   338   32.110000      0.0000000000000000E+00  3.3071966985229426E-08  4.7754322337126864E-01  2.7369658619477336E-04  5.1415842170033456E-02  1.0248944933434831E-08
   339   32.205000      0.0000000000000000E+00  3.1691507418677125E-08  4.8849535175686748E-01  2.6787126856183974E-04  5.0201476055209360E-02  1.1755257400630620E-08
   340   32.300000      0.0000000000000000E+00  3.0820140583704511E-08  5.0075636864425976E-01  2.6361745258881333E-04  4.7803338954872023E-02  1.3044982749325119E-08
   341   32.395000      0.0000000000000000E+00  3.0712378266366066E-08  5.1402147091967654E-01  2.6045170365569424E-04  4.4498615318079721E-02  1.3502770634378771E-08
   342   32.490000      0.0000000000000000E+00  3.1068952602470881E-08  5.2772701073946215E-01  2.5957455687142429E-04  4.0726491737570168E-02  1.3356644166227742E-08
   343   32.585000      0.0000000000000000E+00  3.1169121578453234E-08  5.4118410459644617E-01  2.6340493328039395E-04  3.7009542218430697E-02  1.3460452546346124E-08
   344   32.680000      0.0000000000000000E+00  3.0796330099679869E-08  5.5374996886014105E-01  2.7372427043910577E-04  3.3843813531747036E-02  1.4067242840252538E-08
   345   32.775000      0.0000000000000000E+00  3.1092281225861367E-08  5.6496502507486746E-01  2.9131040451231039E-04  3.1603002376584401E-02  1.3834541292047822E-08
   346   32.870000      0.0000000000000000E+00  3.2603703477456908E-08  5.7460000964267266E-01  3.1546575101520214E-04  3.0495963703240911E-02  1.2166556766998074E-08
   347   32.965000      0.0000000000000000E+00  3.3327200522042918E-08  5.8263045294787641E-01  3.4386274752462776E-04  3.0566237249632835E-02  1.1579522422953246E-08
   348   33.060000      0.0000000000000000E+00  3.2479056339507263E-08  5.8919377638474946E-01  3.7427863703820086E-04  3.1705244286076704E-02  1.2902789511298115E-08
   349   33.155000      0.0000000000000000E+00  3.2146664382420330E-08  5.9454417389170555E-01  4.0611816546712830E-04  3.3673452639881668E-02  1.3455264950395139E-08
   350   33.250000      0.0000000000000000E+00  3.2927550080481124E-08  5.9898864089879555E-01  4.4146923825527949E-04  3.6136808022562562E-02  1.2654494551338234E-08
   351   33.345000      0.0000000000000000E+00  3.3473811067678398E-08  6.0279619124216011E-01  4.8237385878609229E-04  3.8725528152862523E-02  1.2213181587053384E-08
   352   33.440000      0.0000000000000000E+00  3.3133363710627433E-08  6.0609701729057874E-01  5.2695644276116419E-04  4.1107825908768575E-02  1.2898520013520081E-08
   353   33.535000      0.0000000000000000E+00  3.2419795940968464E-08  6.0880641019171589E-01  5.6739475020932753E-04  4.3048882126534092E-02  1.4229727392677468E-08
   354   33.630000      0.0000000000000000E+00  3.2243706928620689E-08  6.1060747152139716E-01  5.9529638774110868E-04  4.4442423139098797E-02  1.5086509872345961E-08
   355   33.725000      0.0000000000000000E+00  3.2530629587755963E-08  6.1100543154182341E-01  6.0643760445523265E-04  4.5310266179661822E-02  1.5345178124842641E-08
   356   33.820000      0.0000000000000000E+00  3.2440561890792603E-08  6.0940688569206347E-01  6.0377234683484798E-04  4.5788380729270974E-02  1.5664568879387733E-08
   357   33.915000      0.0000000000000000E+00  3.1562227063819358E-08  6.0519666762456559E-01  5.9547327396057993E-04  4.6112905044743135E-02  1.6345377672345623E-08
   358   34.010000      0.0000000000000000E+00  3.0506595585414377E-08  5.9786512455592200E-01  5.8696349793082019E-04  4.6550953547954362E-02  1.6750973651373518E-08
   359   34.105000      0.0000000000000000E+00  2.9849253982130788E-08  5.8718504713316788E-01  5.7682976350550562E-04  4.7275378862095055E-02  1.6262046229285157E-08
   360   34.200000      0.0000000000000000E+00  2.8689650498142424E-08  5.7335819203060034E-01  5.5766081240249399E-04  4.8244626194365307E-02  1.5902283110257455E-08
   361   34.295000      0.0000000000000000E+00  2.6195764258264259E-08  5.5704428443939291E-01  5.2384062961650674E-04  4.9182720188350765E-02  1.6749504590732912E-08
   362   34.390000      0.0000000000000000E+00  2.3459898210495026E-08  5.3926002002343709E-01  4.7852586486384248E-04  4.9689358577898191E-02  1.7799856145865781E-08
   363   34.485000      0.0000000000000000E+00  2.1511493890005107E-08  5.2121804837404162E-01  4.3618694971329176E-04  4.9407269535546298E-02  1.8153222765287176E-08
   364   34.580000      0.0000000000000000E+00  1.9966382609818334E-08  5.0414678408861868E-01  4.1722920045578823E-04  4.8184779266368327E-02  1.8359693578432852E-08
   365   34.675000      0.0000000000000000E+00  1.8862050037019651E-08  4.8912463230608144E-01  4.3725641643509454E-04  4.6162812382856175E-02  1.8271035564225931E-08
   366   34.770000      0.0000000000000000E+00  1.9045477660092570E-08  4.7696880996623570E-01  4.9865897817128846E-04  4.3781658642085310E-02  1.6884521394448369E-08
   367   34.865000      0.0000000000000000E+00  2.0568525365108537E-08  4.6821553892741685E-01  5.8675815215237506E-04  4.1693140189112493E-02  1.4355042029271631E-08
   368   34.960000      0.0000000000000000E+00  2.2672815202986226E-08  4.6320992210220829E-01  6.7586371242077674E-04  4.0572750449128371E-02  1.1695993010673173E-08
   369   35.055000      0.0000000000000000E+00  2.4507071607783494E-08  4.6219884276729178E-01  7.3891411148657336E-04  4.0921361282429271E-02  9.7936173332342942E-09
   370   35.150000      0.0000000000000000E+00  2.5342167216680004E-08  4.6528875661520841E-01  7.6099883794489330E-04  4.2994609108309247E-02  9.2292994007648019E-09
   371   35.245000      0.0000000000000000E+00  2.4974631364555601E-08  4.7238636827653607E-01  7.4142341359064291E-04  4.6811673841913620E-02  9.9363134474460900E-09
   372   35.340000      0.0000000000000000E+00  2.3712000345140063E-08  4.8332725911330593E-01  6.8771137715526354E-04  5.2101963717118338E-02  1.1365175240409703E-08
   373   35.435000      0.0000000000000000E+00  2.1638337827501701E-08  4.9805209958277796E-01  6.1308708378431597E-04  5.8266322859607769E-02  1.3401919238475706E-08
   374   35.530000      0.0000000000000000E+00  1.8709380369099488E-08  5.1654835646679398E-01  5.3304762609822712E-04  6.4536824199940321E-02  1.6235890847116637E-08
   375   35.625000      0.0000000000000000E+00  1.6048001811253752E-08  5.3860581578111366E-01  4.6768271746995619E-04  7.0232928426987626E-02  1.8652508309131808E-08
   376   35.720000      0.0000000000000000E+00  1.5285889300726379E-08  5.6365429317703253E-01  4.3607030299999840E-04  7.4925283431914888E-02  1.8824392054282996E-08
   377   35.815000      0.0000000000000000E+00  1.6238807184652447E-08  5.9084749048505392E-01  4.4465713051562803E-04  7.8395353213598404E-02  1.7210635745401759E-08
   378   35.910000      0.0000000000000000E+00  1.7706663732319000E-08  6.1930360460973666E-01  4.8405725213855161E-04  8.0482574184333716E-02  1.5511097932738891E-08
   379   36.005000      0.0000000000000000E+00  1.9784336116444278E-08  6.4831029634637716E-01  5.3539200495705504E-04  8.0965149311566120E-02  1.3724003506800992E-08
   380   36.100000      0.0000000000000000E+00  2.2818667691067140E-08  6.7734227242510359E-01  5.7970672667741999E-04  7.9601835347796912E-02  1.1426509242305672E-08
   381   36.195000      0.0000000000000000E+00  2.5998591982950215E-08  7.0589514744091975E-01  6.0454070632375489E-04  7.6326359610018338E-02  9.2510427130387437E-09
   382   36.290000      0.0000000000000000E+00  2.8031508575455339E-08  7.3328433045586339E-01  6.0689579525712240E-04  7.1429273096677279E-02  8.0784163371739649E-09
   383   36.385000      0.0000000000000000E+00  2.8154867739282968E-08  7.5853998569238978E-01  5.9419915441647408E-04  6.5581902984293103E-02  8.3570221882553841E-09
   384   36.480000      0.0000000000000000E+00  2.6767466154292170E-08  7.8046903103360143E-01  5.7896068748624946E-04  5.9677991702058952E-02  9.6872388544394537E-09
   385   36.575000      0.0000000000000000E+00  2.5234187479086156E-08  7.9783098361935623E-01  5.7084702209130793E-04  5.4594091441121373E-02  1.0874820726644735E-08
   386   36.670000      0.0000000000000000E+00  2.4441820004225722E-08  8.0950703877872687E-01  5.7016436724084631E-04  5.1021202784670233E-02  1.1193587070656340E-08
   387   36.765000      0.0000000000000000E+00  2.3617647892543541E-08  8.1466224957577260E-01  5.7110389112415981E-04  4.9378922878622514E-02  1.1719986502926261E-08
   388   36.860000      0.0000000000000000E+00  2.2116512552737423E-08  8.1294929336796184E-01  5.7050526985250266E-04  4.9738177884982693E-02  1.3476562669807646E-08
   389   36.955000      0.0000000000000000E+00  2.1313795939669949E-08  8.0468178254732037E-01  5.7630299896136274E-04  5.1747764173825123E-02  1.5115530698621797E-08
   390   37.050000      0.0000000000000000E+00  2.2240703830095572E-08  7.9081617510025959E-01  6.0232657033781163E-04  5.4666102767305373E-02  1.5431457671183340E-08
   391   37.145000      0.0000000000000000E+00  2.3720326926997829E-08  7.7267985483547952E-01  6.5367803440979542E-04  5.7579426095355137E-02  1.5203080040537848E-08
   392   37.240000      0.0000000000000000E+00  2.4211788271028524E-08  7.5158844377616729E-01  7.1714977552277538E-04  5.9713049889765002E-02  1.5307037050721608E-08
   393   37.335000      0.0000000000000000E+00  2.3493413871737590E-08  7.2858649299867395E-01  7.6945892260644577E-04  6.0655409880849546E-02  1.5610651672470291E-08
   394   37.430000      0.0000000000000000E+00  2.2288913460874035E-08  7.0442930911346968E-01  7.9104300492946445E-04  6.0385057876287340E-02  1.5624749472446462E-08
   395   37.525000      0.0000000000000000E+00  2.1236718447603261E-08  6.7970844149563792E-01  7.7422625554492846E-04  5.9168026847975508E-02  1.5181729663506034E-08
   396   37.620000      0.0000000000000000E+00  2.0482679852753536E-08  6.5493800636908228E-01  7.2689852190581806E-04  5.7430203956560733E-02  1.4434157333635623E-08
   397   37.715000      0.0000000000000000E+00  1.9615773663214869E-08  6.3051467384630233E-01  6.6948407719620649E-04  5.5695856814029582E-02  1.3956700515737981E-08
   398   37.810000      0.0000000000000000E+00  1.8244069355105566E-08  6.0667304165563296E-01  6.2746168088614516E-04  5.4555474972248344E-02  1.4297045929903291E-08
   399   37.905000      0.0000000000000000E+00  1.6926241768259458E-08  5.8362920021198106E-01  6.1645479406820041E-04  5.4529406947732298E-02  1.4863217983651246E-08
   400   38.000000      0.0000000000000000E+00  1.6205653113810684E-08  5.6185276079038793E-01  6.3195717919395410E-04  5.5845427124364092E-02  1.5272679397713803E-08
   401   38.095000      0.0000000000000000E+00  1.6081393818018379E-08  5.4221024121369710E-01  6.5468732428366257E-04  5.8282631817089453E-02  1.6005691613461123E-08
   402   38.190000      0.0000000000000000E+00  1.7028379470678905E-08  5.2582649535024650E-01  6.7099013347300988E-04  6.1191630517448886E-02  1.6515231844418881E-08
   403   38.285000      0.0000000000000000E+00  1.9021661087725251E-08  5.1372869966716728E-01  6.8260971377508736E-04  6.3701880524507579E-02  1.6065962152435289E-08
   404   38.380000      0.0000000000000000E+00  2.0605654169411190E-08  5.0647264900294098E-01  7.0096752675067415E-04  6.5032904673691175E-02  1.5565413838324406E-08
   405   38.475000      0.0000000000000000E+00  2.1180639753246591E-08  5.0395619964104899E-01  7.3513144377565899E-04  6.4756585259842472E-02  1.5566454551168158E-08
   406   38.570000      0.0000000000000000E+00  2.1952068321174114E-08  5.0551573963807617E-01  7.8686343249947564E-04  6.2864354870824785E-02  1.5023690722309208E-08
   407   38.665000      0.0000000000000000E+00  2.3554371222487993E-08  5.1020610690131041E-01  8.5097032540300667E-04  5.9638859684906897E-02  1.3427471229311606E-08
   408   38.760000      0.0000000000000000E+00  2.4893799307681006E-08  5.1703531705682682E-01  9.1671826895038048E-04  5.5509792318685448E-02  1.1866542146738991E-08
   409   38.855000      0.0000000000000000E+00  2.4618292116928782E-08  5.2499918088507347E-01  9.6967990737706886E-04  5.1053620094454737E-02  1.1707169843127359E-08
   410   38.950000      0.0000000000000000E+00  2.2572460868707048E-08  5.3298327762442499E-01  9.9618080833235867E-04  4.7074217218226522E-02  1.3217833888931383E-08
   411   39.045000      0.0000000000000000E+00  2.0073219823219090E-08  5.3975322373974211E-01  9.8525363871666458E-04  4.4571139376120929E-02  1.5173993803744692E-08
   412   39.140000      0.0000000000000000E+00  1.8913984558187246E-08  5.4416042664270403E-01  9.3267504923872377E-04  4.4509291872795363E-02  1.5798082443638330E-08
   413   39.235000      0.0000000000000000E+00  1.9437423634940748E-08  5.4548353608969602E-01  8.4178632820741542E-04  4.7490352546340153E-02  1.4801345814683223E-08
   414   39.330000      0.0000000000000000E+00  1.9917080866697229E-08  5.4370793290310659E-01  7.2785448801477096E-04  5.3491103433796740E-02  1.3986158865048732E-08
   415   39.425000      0.0000000000000000E+00  1.9226602934507449E-08  5.3956298652951185E-01  6.1782811570847325E-04  6.1836315225475752E-02  1.4431666919564460E-08
   416   39.520000      0.0000000000000000E+00  1.8918185526692164E-08  5.3430937744115070E-01  5.4383434352405435E-04  7.1394741514089921E-02  1.4175767101842546E-08
   417   39.615000      0.0000000000000000E+00  1.9532888844108633E-08  5.2941518749494831E-01  5.2865924410885900E-04  8.0850998056187506E-02  1.2716913329219766E-08
   418   39.710000      0.0000000000000000E+00  1.9145432410465240E-08  5.2626744558663696E-01  5.7297574356811689E-04  8.8911829297969064E-02  1.2498977322214433E-08
   419   39.805000      0.0000000000000000E+00  1.7494454735241235E-08  5.2597560049407177E-01  6.5369151114784418E-04  9.4406668534912433E-02  1.3589654454913952E-08
   420   39.900000      0.0000000000000000E+00  1.6100265590867113E-08  5.2923737238997737E-01  7.3574120529344017E-04  9.6341460965063908E-02  1.4139846492767869E-08
   421   39.995000      0.0000000000000000E+00  1.5815350557718602E-08  5.3623232361628748E-01  7.9239103144702807E-04  9.4020077180660633E-02  1.3631511732304431E-08
   422   40.090000      0.0000000000000000E+00  1.6680323741540018E-08  5.4654038624912804E-01  8.1709643331438872E-04  8.7268170457881405E-02  1.2382658023510936E-08
