! Kinetic energy for species "electrons-down"
  Iter        Time          Total Par.             Kin. Energy
     0   0.0000000              76800  1.0645230036520206E+00
     1  0.95000000E-01          76800  1.0645229807185146E+00
     2  0.19000000              76800  1.0645229127314189E+00
     3  0.28500000              76800  1.0645228016368766E+00
     4  0.38000000              76800  1.0645226495409763E+00
     5  0.47500000              76800  1.0645224582824238E+00
     6  0.57000000              76800  1.0645222298432588E+00
     7  0.66500000              76800  1.0645219668083441E+00
     8  0.76000000              76800  1.0645216722668531E+00
     9  0.85500000              76800  1.0645213495560395E+00
    10  0.95000000              76800  1.0645210024307943E+00
    11   1.0450000              76800  1.0645206353506174E+00
    12   1.1400000              76800  1.0645202531641416E+00
    13   1.2350000              76800  1.0645198604789736E+00
    14   1.3300000              76800  1.0645194616925160E+00
    15   1.4250000              76800  1.0645190614246949E+00
    16   1.5200000              76800  1.0645186640982514E+00
    17   1.6150000              76800  1.0645182729342755E+00
    18   1.7100000              76800  1.0645178902126438E+00
    19   1.8050000              76800  1.0645175191448746E+00
    20   1.9000000              76800  1.0645171651216592E+00
    21   1.9950000              76800  1.0645168345225817E+00
    22   2.0900000              76800  1.0645165323188026E+00
    23   2.1850000              76800  1.0645162610557248E+00
    24   2.2800000              76800  1.0645160218490477E+00
    25   2.3750000              76800  1.0645158158533843E+00
    26   2.4700000              76800  1.0645156447750863E+00
    27   2.5650000              76800  1.0645155104359421E+00
    28   2.6600000              76800  1.0645154144333793E+00
    29   2.7550000              76800  1.0645153585108518E+00
    30   2.8500000              76800  1.0645153446557118E+00
    31   2.9450000              76800  1.0645153739301119E+00
    32   3.0400000              76800  1.0645154452758865E+00
    33   3.1350000              76800  1.0645155559860919E+00
    34   3.2300000              76800  1.0645157030568808E+00
    35   3.3250000              76800  1.0645158836700230E+00
    36   3.4200000              76800  1.0645160949133323E+00
    37   3.5150000              76800  1.0645163337965589E+00
    38   3.6100000              76800  1.0645165975171182E+00
    39   3.7050000              76800  1.0645168832458165E+00
    40   3.8000000              76800  1.0645171875402308E+00
    41   3.8950000              76800  1.0645175063656420E+00
    42   3.9900000              76800  1.0645178358046512E+00
    43   4.0850000              76800  1.0645181718831946E+00
    44   4.1800000              76800  1.0645185089774456E+00
    45   4.2750000              76800  1.0645188393225569E+00
    46   4.3700000              76800  1.0645191553601887E+00
    47   4.4650000              76800  1.0645194517246057E+00
    48   4.5600000              76800  1.0645197232041563E+00
    49   4.6550000              76800  1.0645199616383840E+00
    50   4.7500000              76800  1.0645201575783829E+00
    51   4.8450000              76800  1.0645203052860361E+00
    52   4.9400000              76800  1.0645204035897924E+00
    53   5.0350000              76800  1.0645204509756998E+00
    54   5.1300000              76800  1.0645204419059509E+00
    55   5.2250000              76800  1.0645203689403349E+00
    56   5.3200000              76800  1.0645202265876463E+00
    57   5.4150000              76800  1.0645200114493196E+00
    58   5.5100000              76800  1.0645197190762741E+00
    59   5.6050000              76800  1.0645193416562106E+00
    60   5.7000000              76800  1.0645188691328917E+00
    61   5.7950000              76800  1.0645182925505394E+00
    62   5.8900000              76800  1.0645176058993004E+00
    63   5.9850000              76800  1.0645168047280480E+00
    64   6.0800000              76800  1.0645158842893534E+00
    65   6.1750000              76800  1.0645148402833824E+00
    66   6.2700000              76800  1.0645136709145173E+00
    67   6.3650000              76800  1.0645123765989635E+00
    68   6.4600000              76800  1.0645109558351598E+00
    69   6.5550000              76800  1.0645093993608108E+00
    70   6.6500000              76800  1.0645076871141275E+00
    71   6.7450000              76800  1.0645057915093608E+00
    72   6.8400000              76800  1.0645036852894181E+00
    73   6.9350000              76800  1.0645013475472545E+00
    74   7.0300000              76800  1.0644987631030272E+00
    75   7.1250000              76800  1.0644959163352792E+00
    76   7.2200000              76800  1.0644927846711960E+00
    77   7.3150000              76800  1.0644893366110166E+00
    78   7.4100000              76800  1.0644855352611546E+00
    79   7.5050000              76800  1.0644813433268585E+00
    80   7.6000000              76800  1.0644767234891939E+00
    81   7.6950000              76800  1.0644716322197687E+00
    82   7.7900000              76800  1.0644660123289764E+00
    83   7.8850000              76800  1.0644597914365463E+00
    84   7.9800000              76800  1.0644528866698448E+00
    85   8.0750000              76800  1.0644452086251885E+00
    86   8.1700000              76800  1.0644366597258130E+00
    87   8.2650000              76800  1.0644271304793309E+00
    88   8.3600000              76800  1.0644164996112231E+00
    89   8.4550000              76800  1.0644046366639797E+00
    90   8.5500000              76800  1.0643913997219725E+00
    91   8.6450000              76800  1.0643766264883028E+00
    92   8.7400000              76800  1.0643601252714625E+00
    93   8.8350000              76800  1.0643416704384610E+00
    94   8.9300000              76800  1.0643210008577899E+00
    95   9.0250000              76800  1.0642978213443246E+00
    96   9.1200000              76800  1.0642718089245027E+00
    97   9.2150000              76800  1.0642426192924987E+00
    98   9.3100000              76800  1.0642098849179011E+00
    99   9.4050000              76800  1.0641732045444190E+00
   100   9.5000000              76800  1.0641321327812470E+00
   101   9.5950000              76800  1.0640861739170662E+00
   102   9.6900000              76800  1.0640347716675003E+00
   103   9.7850000              76800  1.0639772854213072E+00
   104   9.8800000              76800  1.0639129604650586E+00
   105   9.9750000              76800  1.0638409154000059E+00
   106   10.070000              76800  1.0637601613610366E+00
   107   10.165000              76800  1.0636696391560738E+00
   108   10.260000              76800  1.0635682411023444E+00
   109   10.355000              76800  1.0634547948423536E+00
   110   10.450000              76800  1.0633280172664408E+00
   111   10.545000              76800  1.0631864685624508E+00
   112   10.640000              76800  1.0630285295124882E+00
   113   10.735000              76800  1.0628524008392144E+00
   114   10.830000              76800  1.0626561100990026E+00
   115   10.925000              76800  1.0624375155066623E+00
   116   11.020000              76800  1.0621943001597010E+00
   117   11.115000              76800  1.0619239505672948E+00
   118   11.210000              76800  1.0616237257353824E+00
   119   11.305000              76800  1.0612906423275470E+00
   120   11.400000              76800  1.0609214944848708E+00
   121   11.495000              76800  1.0605128978798191E+00
   122   11.590000              76800  1.0600613295549137E+00
   123   11.685000              76800  1.0595631397189123E+00
   124   11.780000              76800  1.0590145398861086E+00
   125   11.875000              76800  1.0584115977682784E+00
   126   11.970000              76800  1.0577502674501731E+00
   127   12.065000              76800  1.0570264583212661E+00
   128   12.160000              76800  1.0562361228051966E+00
   129   12.255000              76800  1.0553753467434610E+00
   130   12.350000              76800  1.0544404402222125E+00
   131   12.445000              76800  1.0534280302450545E+00
   132   12.540000              76800  1.0523351436359496E+00
   133   12.635000              76800  1.0511592644729046E+00
   134   12.730000              76800  1.0498983872495489E+00
   135   12.825000              76800  1.0485511586743075E+00
   136   12.920000              76800  1.0471171564708466E+00
   137   13.015000              76800  1.0455971379292339E+00
   138   13.110000              76800  1.0439929901804690E+00
   139   13.205000              76800  1.0423073566458194E+00
   140   13.300000              76800  1.0405432409321902E+00
   141   13.395000              76800  1.0387038754215741E+00
   142   13.490000              76800  1.0367928480466357E+00
   143   13.585000              76800  1.0348142487004421E+00
   144   13.680000              76800  1.0327726075412702E+00
   145   13.775000              76800  1.0306725438591953E+00
   146   13.870000              76800  1.0285182916545554E+00
   147   13.965000              76800  1.0263134609665616E+00
   148   14.060000              76800  1.0240611468028040E+00
   149   14.155000              76800  1.0217640856962844E+00
   150   14.250000              76800  1.0194245954329040E+00
   151   14.345000              76800  1.0170441915936843E+00
   152   14.440000              76800  1.0146229503048594E+00
   153   14.535000              76800  1.0121589588522117E+00
   154   14.630000              76800  1.0096482769324373E+00
   155   14.725000              76800  1.0070854231612403E+00
   156   14.820000              76800  1.0044641932718661E+00
   157   14.915000              76800  1.0017786063010776E+00
   158   15.010000              76800  9.9902374158899809E-01
   159   15.105000              76800  9.9619634131484647E-01
   160   15.200000              76800  9.9329564932184211E-01
   161   15.295000              76800  9.9032486874205583E-01
   162   15.390000              76800  9.8729251944049601E-01
   163   15.485000              76800  9.8421282790785436E-01
   164   15.580000              76800  9.8110557461965830E-01
   165   15.675000              76800  9.7799637531201167E-01
   166   15.770000              76800  9.7491715921125222E-01
   167   15.865000              76800  9.7190563944823494E-01
   168   15.960000              76800  9.6900344971923102E-01
   169   16.055000              76800  9.6625426005560633E-01
   170   16.150000              76800  9.6370283422690461E-01
   171   16.245000              76800  9.6139432097202626E-01
   172   16.340000              76800  9.5937256337636490E-01
   173   16.435000              76800  9.5767808010770428E-01
   174   16.530000              76800  9.5634660468395372E-01
   175   16.625000              76800  9.5540677270982743E-01
   176   16.720000              76800  9.5487601510560371E-01
   177   16.815000              76800  9.5475722176561750E-01
   178   16.910000              76800  9.5503999683501994E-01
   179   17.005000              76800  9.5570575111508782E-01
   180   17.100000              76800  9.5673175980268321E-01
   181   17.195000              76800  9.5809255554891981E-01
   182   17.290000              76800  9.5976122213201065E-01
   183   17.385000              76800  9.6171104328741919E-01
   184   17.480000              76800  9.6391672649070226E-01
   185   17.575000              76800  9.6635470213221564E-01
   186   17.670000              76800  9.6900076991992057E-01
   187   17.765000              76800  9.7182618187902525E-01
   188   17.860000              76800  9.7479643541398131E-01
   189   17.955000              76800  9.7787413607202955E-01
   190   18.050000              76800  9.8102151194772302E-01
   191   18.145000              76800  9.8419974521082443E-01
   192   18.240000              76800  9.8736769113755929E-01
   193   18.335000              76800  9.9048282183191616E-01
   194   18.430000              76800  9.9350518240881569E-01
   195   18.525000              76800  9.9640198048675144E-01
   196   18.620000              76800  9.9914840524229454E-01
   197   18.715000              76800  1.0017236674570635E+00
   198   18.810000              76800  1.0041072935585871E+00
   199   18.905000              76800  1.0062778039061999E+00
   200   19.000000              76800  1.0082097517411546E+00
   201   19.095000              76800  1.0098692537587994E+00
   202   19.190000              76800  1.0112134617984398E+00
   203   19.285000              76800  1.0121962669361797E+00
   204   19.380000              76800  1.0127763403633070E+00
   205   19.475000              76800  1.0129197746807197E+00
   206   19.570000              76800  1.0125982226958239E+00
   207   19.665000              76800  1.0117912305583590E+00
   208   19.760000              76800  1.0104914728222294E+00
   209   19.855000              76800  1.0087049541453847E+00
   210   19.950000              76800  1.0064445672356126E+00
   211   20.045000              76800  1.0037217678240808E+00
   212   20.140000              76800  1.0005418753442150E+00
   213   20.235000              76800  9.9690612234812481E-01
   214   20.330000              76800  9.9281612105966266E-01
   215   20.425000              76800  9.8827484154093803E-01
   216   20.520000              76800  9.8328673668813904E-01
   217   20.615000              76800  9.7786018738885305E-01
   218   20.710000              76800  9.7200994868314694E-01
   219   20.805000              76800  9.6575955333334274E-01
   220   20.900000              76800  9.5914693712020604E-01
   221   20.995000              76800  9.5223250685942151E-01
   222   21.090000              76800  9.4510101719125483E-01
   223   21.185000              76800  9.3785286308625260E-01
   224   21.280000              76800  9.3059447604929102E-01
   225   21.375000              76800  9.2343288654208466E-01
   226   21.470000              76800  9.1646740581074226E-01
   227   21.565000              76800  9.0977909569334381E-01
   228   21.660000              76800  9.0342982845809061E-01
   229   21.755000              76800  8.9747117744509008E-01
   230   21.850000              76800  8.9195112968108203E-01
   231   21.945000              76800  8.8691581032374578E-01
   232   22.040000              76800  8.8241095257473645E-01
   233   22.135000              76800  8.7848220837350977E-01
   234   22.230000              76800  8.7517122195551467E-01
   235   22.325000              76800  8.7251147258602357E-01
   236   22.420000              76800  8.7052565601217702E-01
   237   22.515000              76800  8.6922305156914015E-01
   238   22.610000              76800  8.6859980882029031E-01
   239   22.705000              76800  8.6863861197679471E-01
   240   22.800000              76800  8.6930308997363204E-01
   241   22.895000              76800  8.7053380223636645E-01
   242   22.990000              76800  8.7224897917341415E-01
   243   23.085000              76800  8.7434639030016859E-01
   244   23.180000              76800  8.7670992783479851E-01
   245   23.275000              76800  8.7922376240600408E-01
   246   23.370000              76800  8.8178575276331139E-01
   247   23.465000              76800  8.8431138699250644E-01
   248   23.560000              76800  8.8673327298792204E-01
   249   23.655000              76800  8.8900704602597269E-01
   250   23.750000              76800  8.9112443129125507E-01
   251   23.845000              76800  8.9311535174350132E-01
   252   23.940000              76800  8.9503430279250507E-01
   253   24.035000              76800  8.9694817757056455E-01
   254   24.130000              76800  8.9892268796013519E-01
   255   24.225000              76800  9.0100649572456371E-01
   256   24.320000              76800  9.0322390417540843E-01
   257   24.415000              76800  9.0557184518665235E-01
   258   24.510000              76800  9.0802140730061465E-01
   259   24.605000              76800  9.1053232738588719E-01
   260   24.700000              76800  9.1307644416617606E-01
   261   24.795000              76800  9.1564604439302522E-01
   262   24.890000              76800  9.1824058072334902E-01
   263   24.985000              76800  9.2087115083203974E-01
   264   25.080000              76800  9.2357647257099229E-01
   265   25.175000              76800  9.2641106365859249E-01
   266   25.270000              76800  9.2943479122655404E-01
   267   25.365000              76800  9.3271815486973697E-01
   268   25.460000              76800  9.3632647449285011E-01
   269   25.555000              76800  9.4028618930546815E-01
   270   25.650000              76800  9.4456582614998541E-01
   271   25.745000              76800  9.4907193478286023E-01
   272   25.840000              76800  9.5365222017748463E-01
   273   25.935000              76800  9.5811169799286289E-01
   274   26.030000              76800  9.6224103575916331E-01
   275   26.125000              76800  9.6584636467412621E-01
   276   26.220000              76800  9.6876465502528464E-01
   277   26.315000              76800  9.7085794654665780E-01
   278   26.410000              76800  9.7199540373743076E-01
   279   26.505000              76800  9.7204564341146193E-01
   280   26.600000              76800  9.7088898929671141E-01
   281   26.695000              76800  9.6843830765313998E-01
   282   26.790000              76800  9.6465900392147041E-01
   283   26.885000              76800  9.5958418468635143E-01
   284   26.980000              76800  9.5331890724752066E-01
   285   27.075000              76800  9.4603075623436561E-01
   286   27.170000              76800  9.3793090545547653E-01
   287   27.265000              76800  9.2925145765530071E-01
   288   27.360000              76800  9.2022761880385562E-01
   289   27.455000              76800  9.1109279490763839E-01
   290   27.550000              76800  9.0208589473409551E-01
   291   27.645000              76800  8.9345924844165969E-01
   292   27.740000              76800  8.8547569052715724E-01
   293   27.835000              76800  8.7839633067822320E-01
   294   27.930000              76800  8.7246274653119160E-01
   295   28.025000              76800  8.6787256301756455E-01
   296   28.120000              76800  8.6476047517766019E-01
   297   28.215000              76800  8.6319561024096525E-01
   298   28.310000              76800  8.6318882253913198E-01
   299   28.405000              76800  8.6469649097223700E-01
   300   28.500000              76800  8.6762180217973262E-01
   301   28.595000              76800  8.7181954006489915E-01
   302   28.690000              76800  8.7710414134481918E-01
   303   28.785000              76800  8.8326275832138501E-01
   304   28.880000              76800  8.9006842859214896E-01
   305   28.975000              76800  8.9729442522812208E-01
   306   29.070000              76800  9.0472621740383785E-01
   307   29.165000              76800  9.1217237694433351E-01
   308   29.260000              76800  9.1946931469237558E-01
   309   29.355000              76800  9.2646597583461077E-01
   310   29.450000              76800  9.3300493833530340E-01
   311   29.545000              76800  9.3891414424444586E-01
   312   29.640000              76800  9.4401083189355040E-01
   313   29.735000              76800  9.4811577444741479E-01
   314   29.830000              76800  9.5108113346089640E-01
   315   29.925000              76800  9.5282496159168728E-01
   316   30.020000              76800  9.5333993564719310E-01
   317   30.115000              76800  9.5267238788660014E-01
   318   30.210000              76800  9.5090130021002128E-01
   319   30.305000              76800  9.4812289778122549E-01
   320   30.400000              76800  9.4442761507690276E-01
   321   30.495000              76800  9.3988089877224335E-01
   322   30.590000              76800  9.3451957003340191E-01
   323   30.685000              76800  9.2835873575866845E-01
   324   30.780000              76800  9.2140821912391702E-01
   325   30.875000              76800  9.1368560569288992E-01
   326   30.970000              76800  9.0521994714653653E-01
   327   31.065000              76800  8.9606040565888145E-01
   328   31.160000              76800  8.8628735911993284E-01
   329   31.255000              76800  8.7601137942124097E-01
   330   31.350000              76800  8.6537382638885307E-01
   331   31.445000              76800  8.5455863802796872E-01
   332   31.540000              76800  8.4378695486086763E-01
   333   31.635000              76800  8.3328410461069646E-01
   334   31.730000              76800  8.2324669629313774E-01
   335   31.825000              76800  8.1383127533674116E-01
   336   31.920000              76800  8.0516284675672556E-01
   337   32.015000              76800  7.9735822611446694E-01
   338   32.110000              76800  7.9055253460123875E-01
   339   32.205000              76800  7.8490986419378972E-01
   340   32.300000              76800  7.8061996526463595E-01
   341   32.395000              76800  7.7788391684244074E-01
   342   32.490000              76800  7.7688020940403479E-01
   343   32.585000              76800  7.7772189108763778E-01
   344   32.680000              76800  7.8042897372127307E-01
   345   32.775000              76800  7.8492554649690804E-01
   346   32.870000              76800  7.9105464645124368E-01
   347   32.965000              76800  7.9860157882615379E-01
   348   33.060000              76800  8.0731590275848775E-01
   349   33.155000              76800  8.1692928944271626E-01
   350   33.250000              76800  8.2717635649703125E-01
   351   33.345000              76800  8.3781848905267764E-01
   352   33.440000              76800  8.4866276194862766E-01
   353   33.535000              76800  8.5957522741014114E-01
   354   33.630000              76800  8.7048866645276335E-01
   355   33.725000              76800  8.8140415839333153E-01
   356   33.820000              76800  8.9237969504158743E-01
   357   33.915000              76800  9.0350093449144619E-01
   358   34.010000              76800  9.1485063397037814E-01
   359   34.105000              76800  9.2649186239664694E-01
   360   34.200000              76800  9.3845986138853266E-01
   361   34.295000              76800  9.5075079815042374E-01
   362   34.390000              76800  9.6330411864937937E-01
   363   34.485000              76800  9.7598862403106823E-01
   364   34.580000              76800  9.8861073379229403E-01
   365   34.675000              76800  1.0009391877399871E+00
   366   34.770000              76800  1.0127155673052157E+00
   367   34.865000              76800  1.0236548157477723E+00
   368   34.960000              76800  1.0334603872494799E+00
   369   35.055000              76800  1.0418607276815945E+00
   370   35.150000              76800  1.0486622775312293E+00
   371   35.245000              76800  1.0537762543690865E+00
   372   35.340000              76800  1.0571891080223708E+00
   373   35.435000              76800  1.0589101482771059E+00
   374   35.530000              76800  1.0589397208904527E+00
   375   35.625000              76800  1.0572660139865711E+00
   376   35.720000              76800  1.0538784479214522E+00
   377   35.815000              76800  1.0488000402199580E+00
   378   35.910000              76800  1.0421242720866650E+00
   379   36.005000              76800  1.0340220302686725E+00
   380   36.100000              76800  1.0247279847840434E+00
   381   36.195000              76800  1.0145272397357583E+00
   382   36.290000              76800  1.0037256037413909E+00
   383   36.385000              76800  9.9262303247382322E-01
   384   36.480000              76800  9.8150732241977590E-01
   385   36.575000              76800  9.7065419419217847E-01
   386   36.670000              76800  9.6033699751970758E-01
   387   36.765000              76800  9.5081633231927021E-01
   388   36.860000              76800  9.4228912296359590E-01
   389   36.955000              76800  9.3482805639570699E-01
   390   37.050000              76800  9.2834662285104641E-01
   391   37.145000              76800  9.2262395350668969E-01
   392   37.240000              76800  9.1738887636128041E-01
   393   37.335000              76800  9.1239624785334683E-01
   394   37.430000              76800  9.0743502394525466E-01
   395   37.525000              76800  9.0229530379523049E-01
   396   37.620000              76800  8.9676691400026665E-01
   397   37.715000              76800  8.9068872915549369E-01
   398   37.810000              76800  8.8398511436496452E-01
   399   37.905000              76800  8.7664205363889514E-01
   400   38.000000              76800  8.6868681874016873E-01
   401   38.095000              76800  8.6023220010131940E-01
   402   38.190000              76800  8.5153618852680246E-01
   403   38.285000              76800  8.4300080987393444E-01
   404   38.380000              76800  8.3510237351255623E-01
   405   38.475000              76800  8.2829784245037930E-01
   406   38.570000              76800  8.2296278046603966E-01
   407   38.665000              76800  8.1936741169873462E-01
   408   38.760000              76800  8.1765793540689580E-01
   409   38.855000              76800  8.1785221410897180E-01
   410   38.950000              76800  8.1986813771964018E-01
   411   39.045000              76800  8.2356137313762756E-01
   412   39.140000              76800  8.2874033315270057E-01
   413   39.235000              76800  8.3515281547362374E-01
   414   39.330000              76800  8.4247498233096085E-01
   415   39.425000              76800  8.5033335303482971E-01
   416   39.520000              76800  8.5834060075187812E-01
   417   39.615000              76800  8.6612371798673893E-01
   418   39.710000              76800  8.7335800046538259E-01
   419   39.805000              76800  8.7981333736190681E-01
   420   39.900000              76800  8.8539154073409210E-01
   421   39.995000              76800  8.9012708398218754E-01
   422   40.090000              76800  8.9414514700760017E-01
