! Kinetic energy for species "positrons-down"
  Iter        Time          Total Par.             Kin. Energy
     0   0.0000000              76800  1.0647323837837768E+00
     1  0.95000000E-01          76800  1.0647324037779526E+00
     2  0.19000000              76800  1.0647324638234539E+00
     3  0.28500000              76800  1.0647325639597012E+00
     4  0.38000000              76800  1.0647327037120053E+00
     5  0.47500000              76800  1.0647328817290522E+00
     6  0.57000000              76800  1.0647330959879078E+00
     7  0.66500000              76800  1.0647333441096793E+00
     8  0.76000000              76800  1.0647336233842022E+00
     9  0.85500000              76800  1.0647339307482968E+00
    10  0.95000000              76800  1.0647342629184406E+00
    11   1.0450000              76800  1.0647346163922486E+00
    12   1.1400000              76800  1.0647349871937877E+00
    13   1.2350000              76800  1.0647353706866702E+00
    14   1.3300000              76800  1.0647357617580930E+00
    15   1.4250000              76800  1.0647361554515928E+00
    16   1.5200000              76800  1.0647365477388848E+00
    17   1.6150000              76800  1.0647369355815459E+00
    18   1.7100000              76800  1.0647373157957236E+00
    19   1.8050000              76800  1.0647376836442781E+00
    20   1.9000000              76800  1.0647380327676417E+00
    21   1.9950000              76800  1.0647383568250592E+00
    22   2.0900000              76800  1.0647386512221371E+00
    23   2.1850000              76800  1.0647389131673441E+00
    24   2.2800000              76800  1.0647391405187494E+00
    25   2.3750000              76800  1.0647393311489282E+00
    26   2.4700000              76800  1.0647394831502253E+00
    27   2.5650000              76800  1.0647395948756115E+00
    28   2.6600000              76800  1.0647396642992752E+00
    29   2.7550000              76800  1.0647396884544684E+00
    30   2.8500000              76800  1.0647396645270326E+00
    31   2.9450000              76800  1.0647395925764873E+00
    32   3.0400000              76800  1.0647394766166713E+00
    33   3.1350000              76800  1.0647393216806211E+00
    34   3.2300000              76800  1.0647391297248987E+00
    35   3.3250000              76800  1.0647388989136661E+00
    36   3.4200000              76800  1.0647386268306529E+00
    37   3.5150000              76800  1.0647383142574895E+00
    38   3.6100000              76800  1.0647379659694383E+00
    39   3.7050000              76800  1.0647375882522758E+00
    40   3.8000000              76800  1.0647371862919750E+00
    41   3.8950000              76800  1.0647367638282008E+00
    42   3.9900000              76800  1.0647363239844723E+00
    43   4.0850000              76800  1.0647358694836877E+00
    44   4.1800000              76800  1.0647354024357716E+00
    45   4.2750000              76800  1.0647349247646853E+00
    46   4.3700000              76800  1.0647344393426228E+00
    47   4.4650000              76800  1.0647339503806583E+00
    48   4.5600000              76800  1.0647334618319277E+00
    49   4.6550000              76800  1.0647329755282859E+00
    50   4.7500000              76800  1.0647324920977184E+00
    51   4.8450000              76800  1.0647320137513339E+00
    52   4.9400000              76800  1.0647315447061967E+00
    53   5.0350000              76800  1.0647310884059686E+00
    54   5.1300000              76800  1.0647306450634459E+00
    55   5.2250000              76800  1.0647302116330890E+00
    56   5.3200000              76800  1.0647297835328979E+00
    57   5.4150000              76800  1.0647293573608863E+00
    58   5.5100000              76800  1.0647289329104732E+00
    59   5.6050000              76800  1.0647285116668002E+00
    60   5.7000000              76800  1.0647280919899345E+00
    61   5.7950000              76800  1.0647276650080408E+00
    62   5.8900000              76800  1.0647272150674092E+00
    63   5.9850000              76800  1.0647267252107557E+00
    64   6.0800000              76800  1.0647261833998132E+00
    65   6.1750000              76800  1.0647255838613527E+00
    66   6.2700000              76800  1.0647249237708423E+00
    67   6.3650000              76800  1.0647241997977146E+00
    68   6.4600000              76800  1.0647234049025007E+00
    69   6.5550000              76800  1.0647225233378674E+00
    70   6.6500000              76800  1.0647215271418260E+00
    71   6.7450000              76800  1.0647203795907403E+00
    72   6.8400000              76800  1.0647190442768470E+00
    73   6.9350000              76800  1.0647174921309546E+00
    74   7.0300000              76800  1.0647157009520951E+00
    75   7.1250000              76800  1.0647136488002120E+00
    76   7.2200000              76800  1.0647113058747455E+00
    77   7.3150000              76800  1.0647086291941570E+00
    78   7.4100000              76800  1.0647055645650014E+00
    79   7.5050000              76800  1.0647020569176109E+00
    80   7.6000000              76800  1.0646980601488782E+00
    81   7.6950000              76800  1.0646935340920205E+00
    82   7.7900000              76800  1.0646884291504444E+00
    83   7.8850000              76800  1.0646826734431025E+00
    84   7.9800000              76800  1.0646761735842298E+00
    85   8.0750000              76800  1.0646688244224669E+00
    86   8.1700000              76800  1.0646605159800857E+00
    87   8.2650000              76800  1.0646511333029323E+00
    88   8.3600000              76800  1.0646405541263608E+00
    89   8.4550000              76800  1.0646286487956780E+00
    90   8.5500000              76800  1.0646152792308436E+00
    91   8.6450000              76800  1.0646002903915970E+00
    92   8.7400000              76800  1.0645834956046265E+00
    93   8.8350000              76800  1.0645646668425939E+00
    94   8.9300000              76800  1.0645435375260526E+00
    95   9.0250000              76800  1.0645198125345412E+00
    96   9.1200000              76800  1.0644931746487756E+00
    97   9.2150000              76800  1.0644632824644837E+00
    98   9.3100000              76800  1.0644297635892834E+00
    99   9.4050000              76800  1.0643922105544463E+00
   100   9.5000000              76800  1.0643501800055208E+00
   101   9.5950000              76800  1.0643031851948561E+00
   102   9.6900000              76800  1.0642506738248523E+00
   103   9.7850000              76800  1.0641919976096248E+00
   104   9.8800000              76800  1.0641263898982689E+00
   105   9.9750000              76800  1.0640529646228454E+00
   106   10.070000              76800  1.0639707363131472E+00
   107   10.165000              76800  1.0638786449193482E+00
   108   10.260000              76800  1.0637755644289735E+00
   109   10.355000              76800  1.0636602863128963E+00
   110   10.450000              76800  1.0635314853383120E+00
   111   10.545000              76800  1.0633876826394908E+00
   112   10.640000              76800  1.0632272191275605E+00
   113   10.735000              76800  1.0630482456095514E+00
   114   10.830000              76800  1.0628487258356669E+00
   115   10.925000              76800  1.0626264391073876E+00
   116   11.020000              76800  1.0623789697070616E+00
   117   11.115000              76800  1.0621036844617637E+00
   118   11.210000              76800  1.0617977132535072E+00
   119   11.305000              76800  1.0614579417363046E+00
   120   11.400000              76800  1.0610810095136907E+00
   121   11.495000              76800  1.0606633098270368E+00
   122   11.590000              76800  1.0602010049525921E+00
   123   11.685000              76800  1.0596900643735294E+00
   124   11.780000              76800  1.0591262990217039E+00
   125   11.875000              76800  1.0585053711344612E+00
   126   11.970000              76800  1.0578228037904966E+00
   127   12.065000              76800  1.0570740080732954E+00
   128   12.160000              76800  1.0562543070555808E+00
   129   12.255000              76800  1.0553589482355994E+00
   130   12.350000              76800  1.0543831508926707E+00
   131   12.445000              76800  1.0533222304165024E+00
   132   12.540000              76800  1.0521717553742693E+00
   133   12.635000              76800  1.0509276590650320E+00
   134   12.730000              76800  1.0495862914421801E+00
   135   12.825000              76800  1.0481444730698670E+00
   136   12.920000              76800  1.0465996157047235E+00
   137   13.015000              76800  1.0449498498049543E+00
   138   13.110000              76800  1.0431940499607082E+00
   139   13.205000              76800  1.0413317408178060E+00
   140   13.300000              76800  1.0393629552178538E+00
   141   13.395000              76800  1.0372881589937233E+00
   142   13.490000              76800  1.0351082548160362E+00
   143   13.585000              76800  1.0328246531308272E+00
   144   13.680000              76800  1.0304394599228250E+00
   145   13.775000              76800  1.0279558357986851E+00
   146   13.870000              76800  1.0253785119924137E+00
   147   13.965000              76800  1.0227142861835437E+00
   148   14.060000              76800  1.0199724296872972E+00
   149   14.155000              76800  1.0171651967397484E+00
   150   14.250000              76800  1.0143086722881254E+00
   151   14.345000              76800  1.0114238998365148E+00
   152   14.440000              76800  1.0085377348713256E+00
   153   14.535000              76800  1.0056826794376872E+00
   154   14.630000              76800  1.0028953675952745E+00
   155   14.725000              76800  1.0002142625848607E+00
   156   14.820000              76800  9.9767734569994115E-01
   157   14.915000              76800  9.9531890931719535E-01
   158   15.010000              76800  9.9316429665059724E-01
   159   15.105000              76800  9.9122530537780529E-01
   160   15.200000              76800  9.8950073607419697E-01
   161   15.295000              76800  9.8798109062001482E-01
   162   15.390000              76800  9.8665267768821718E-01
   163   15.485000              76800  9.8550059017780800E-01
   164   15.580000              76800  9.8451239684152825E-01
   165   15.675000              76800  9.8368239591647266E-01
   166   15.770000              76800  9.8301441210872831E-01
   167   15.865000              76800  9.8252186832537713E-01
   168   15.960000              76800  9.8222578288446949E-01
   169   16.055000              76800  9.8215108991795175E-01
   170   16.150000              76800  9.8231970112344003E-01
   171   16.245000              76800  9.8274155578921041E-01
   172   16.340000              76800  9.8340941181233665E-01
   173   16.435000              76800  9.8429965954859511E-01
   174   16.530000              76800  9.8537378550036969E-01
   175   16.625000              76800  9.8657827367525908E-01
   176   16.720000              76800  9.8784707370620384E-01
   177   16.815000              76800  9.8910768371823798E-01
   178   16.910000              76800  9.9028772275798727E-01
   179   17.005000              76800  9.9131958703174794E-01
   180   17.100000              76800  9.9214495464468688E-01
   181   17.195000              76800  9.9272122113188765E-01
   182   17.290000              76800  9.9302723184818809E-01
   183   17.385000              76800  9.9306338903634528E-01
   184   17.480000              76800  9.9284526208415558E-01
   185   17.575000              76800  9.9239484807291467E-01
   186   17.670000              76800  9.9173371631559004E-01
   187   17.765000              76800  9.9087819540465560E-01
   188   17.860000              76800  9.8983590753116391E-01
   189   17.955000              76800  9.8860525083821149E-01
   190   18.050000              76800  9.8717836490997213E-01
   191   18.145000              76800  9.8554597024071511E-01
   192   18.240000              76800  9.8370275010530450E-01
   193   18.335000              76800  9.8165171980379773E-01
   194   18.430000              76800  9.7940571499561191E-01
   195   18.525000              76800  9.7698706218671327E-01
   196   18.620000              76800  9.7442717252274669E-01
   197   18.715000              76800  9.7176420821226905E-01
   198   18.810000              76800  9.6903845114216525E-01
   199   18.905000              76800  9.6628645167392047E-01
   200   19.000000              76800  9.6353525766331427E-01
   201   19.095000              76800  9.6080226219010123E-01
   202   19.190000              76800  9.5810203561893337E-01
   203   19.285000              76800  9.5545201127602208E-01
   204   19.380000              76800  9.5287395118008278E-01
   205   19.475000              76800  9.5039554938888837E-01
   206   19.570000              76800  9.4804949882709177E-01
   207   19.665000              76800  9.4586817379753041E-01
   208   19.760000              76800  9.4388204784738783E-01
   209   19.855000              76800  9.4212197917459228E-01
   210   19.950000              76800  9.4061526652510363E-01
   211   20.045000              76800  9.3937478973358113E-01
   212   20.140000              76800  9.3839252317129029E-01
   213   20.235000              76800  9.3764489416897345E-01
   214   20.330000              76800  9.3710104110811177E-01
   215   20.425000              76800  9.3672309302599543E-01
   216   20.520000              76800  9.3646329421156149E-01
   217   20.615000              76800  9.3626942450820538E-01
   218   20.710000              76800  9.3610057077566489E-01
   219   20.805000              76800  9.3594032451042153E-01
   220   20.900000              76800  9.3579662622058501E-01
   221   20.995000              76800  9.3569388130130493E-01
   222   21.090000              76800  9.3566656475130405E-01
   223   21.185000              76800  9.3575436174725368E-01
   224   21.280000              76800  9.3599448940242991E-01
   225   21.375000              76800  9.3641046773898562E-01
   226   21.470000              76800  9.3700375105823597E-01
   227   21.565000              76800  9.3775516269700521E-01
   228   21.660000              76800  9.3863259701144564E-01
   229   21.755000              76800  9.3959602564125988E-01
   230   21.850000              76800  9.4060121264994911E-01
   231   21.945000              76800  9.4160910921179086E-01
   232   22.040000              76800  9.4259664906118901E-01
   233   22.135000              76800  9.4355985723001856E-01
   234   22.230000              76800  9.4450857562035817E-01
   235   22.325000              76800  9.4545678046651083E-01
   236   22.420000              76800  9.4641155849273906E-01
   237   22.515000              76800  9.4736038596116368E-01
   238   22.610000              76800  9.4825595668183649E-01
   239   22.705000              76800  9.4900940366696496E-01
   240   22.800000              76800  9.4950493152347049E-01
   241   22.895000              76800  9.4963008631435875E-01
   242   22.990000              76800  9.4930562691257259E-01
   243   23.085000              76800  9.4850754236168167E-01
   244   23.180000              76800  9.4727495739350087E-01
   245   23.275000              76800  9.4569718301669359E-01
   246   23.370000              76800  9.4388388679641178E-01
   247   23.465000              76800  9.4193709567276174E-01
   248   23.560000              76800  9.3993967205883588E-01
   249   23.655000              76800  9.3795434654594034E-01
   250   23.750000              76800  9.3602868046546006E-01
   251   23.845000              76800  9.3419982800124024E-01
   252   23.940000              76800  9.3249273958689982E-01
   253   24.035000              76800  9.3091627465090943E-01
   254   24.130000              76800  9.2945596693696464E-01
   255   24.225000              76800  9.2807286716087867E-01
   256   24.320000              76800  9.2671108299719029E-01
   257   24.415000              76800  9.2530016766093059E-01
   258   24.510000              76800  9.2375926886511894E-01
   259   24.605000              76800  9.2200812673701038E-01
   260   24.700000              76800  9.1998071945595628E-01
   261   24.795000              76800  9.1764318852825344E-01
   262   24.890000              76800  9.1501662559047880E-01
   263   24.985000              76800  9.1218919370799012E-01
   264   25.080000              76800  9.0930053272034583E-01
   265   25.175000              76800  9.0650837735274692E-01
   266   25.270000              76800  9.0396094393542914E-01
   267   25.365000              76800  9.0177966137402532E-01
   268   25.460000              76800  9.0003841872638279E-01
   269   25.555000              76800  8.9875388209908047E-01
   270   25.650000              76800  8.9790607357787300E-01
   271   25.745000              76800  8.9745980944129955E-01
   272   25.840000              76800  8.9736705277791118E-01
   273   25.935000              76800  8.9757377730461907E-01
   274   26.030000              76800  8.9803595288074478E-01
   275   26.125000              76800  8.9873061188000891E-01
   276   26.220000              76800  8.9966532503969132E-01
   277   26.315000              76800  9.0088104429706561E-01
   278   26.410000              76800  9.0242830550818043E-01
   279   26.505000              76800  9.0432600216151171E-01
   280   26.600000              76800  9.0653557327941037E-01
   281   26.695000              76800  9.0896112335294221E-01
   282   26.790000              76800  9.1146696133783944E-01
   283   26.885000              76800  9.1391120457763741E-01
   284   26.980000              76800  9.1619024963820195E-01
   285   27.075000              76800  9.1827068424271197E-01
   286   27.170000              76800  9.2019026773603241E-01
   287   27.265000              76800  9.2203552531832877E-01
   288   27.360000              76800  9.2390737845107895E-01
   289   27.455000              76800  9.2588603573126194E-01
   290   27.550000              76800  9.2801205666839803E-01
   291   27.645000              76800  9.3028693192219969E-01
   292   27.740000              76800  9.3268151645611685E-01
   293   27.835000              76800  9.3514050531661119E-01
   294   27.930000              76800  9.3758073019323418E-01
   295   28.025000              76800  9.3989021602939382E-01
   296   28.120000              76800  9.4193478281791765E-01
   297   28.215000              76800  9.4357373067642003E-01
   298   28.310000              76800  9.4468431072262460E-01
   299   28.405000              76800  9.4518046201437222E-01
   300   28.500000              76800  9.4501306873938828E-01
   301   28.595000              76800  9.4416187468836021E-01
   302   28.690000              76800  9.4263374904584940E-01
   303   28.785000              76800  9.4046852999230357E-01
   304   28.880000              76800  9.3774401188823964E-01
   305   28.975000              76800  9.3457593710030551E-01
   306   29.070000              76800  9.3111190414041300E-01
   307   29.165000              76800  9.2752586505416246E-01
   308   29.260000              76800  9.2401925604068258E-01
   309   29.355000              76800  9.2081804867938621E-01
   310   29.450000              76800  9.1816334056398730E-01
   311   29.545000              76800  9.1630593326041021E-01
   312   29.640000              76800  9.1549476494544590E-01
   313   29.735000              76800  9.1594222155217653E-01
   314   29.830000              76800  9.1779085607837552E-01
   315   29.925000              76800  9.2110690608500101E-01
   316   30.020000              76800  9.2587828381748594E-01
   317   30.115000              76800  9.3200762553682615E-01
   318   30.210000              76800  9.3932190778218971E-01
   319   30.305000              76800  9.4759730420470856E-01
   320   30.400000              76800  9.5658584472786701E-01
   321   30.495000              76800  9.6603659826325672E-01
   322   30.590000              76800  9.7570838535002635E-01
   323   30.685000              76800  9.8537712109035924E-01
   324   30.780000              76800  9.9483388648919580E-01
   325   30.875000              76800  1.0038877276315090E+00
   326   30.970000              76800  1.0123922521938917E+00
   327   31.065000              76800  1.0202683756747639E+00
   328   31.160000              76800  1.0274972851947211E+00
   329   31.255000              76800  1.0340974905824611E+00
   330   31.350000              76800  1.0401011915494105E+00
   331   31.445000              76800  1.0455420577062511E+00
   332   31.540000              76800  1.0504601724383431E+00
   333   31.635000              76800  1.0549103574585132E+00
   334   31.730000              76800  1.0589521699477622E+00
   335   31.825000              76800  1.0626118805946958E+00
   336   31.920000              76800  1.0658345491081191E+00
   337   32.015000              76800  1.0684668166232618E+00
   338   32.110000              76800  1.0702851729114538E+00
   339   32.205000              76800  1.0710417645216337E+00
   340   32.300000              76800  1.0704975102475314E+00
   341   32.395000              76800  1.0684411469528889E+00
   342   32.490000              76800  1.0647113945265461E+00
   343   32.585000              76800  1.0592280085912247E+00
   344   32.680000              76800  1.0520127647759339E+00
   345   32.775000              76800  1.0431784628522445E+00
   346   32.870000              76800  1.0329066584246613E+00
   347   32.965000              76800  1.0214300471083788E+00
   348   33.060000              76800  1.0090085132287647E+00
   349   33.155000              76800  9.9591083313893569E-01
   350   33.250000              76800  9.8241884561264858E-01
   351   33.345000              76800  9.6883668062943185E-01
   352   33.440000              76800  9.5547906345414257E-01
   353   33.535000              76800  9.4265068331380064E-01
   354   33.630000              76800  9.3062862973986771E-01
   355   33.725000              76800  9.1963674549288743E-01
   356   33.820000              76800  9.0983037180338844E-01
   357   33.915000              76800  9.0130294121164956E-01
   358   34.010000              76800  8.9408556773164438E-01
   359   34.105000              76800  8.8814030499444407E-01
   360   34.200000              76800  8.8336259559519070E-01
   361   34.295000              76800  8.7958424594685725E-01
   362   34.390000              76800  8.7656861116128693E-01
   363   34.485000              76800  8.7399164962511944E-01
   364   34.580000              76800  8.7143460156531583E-01
   365   34.675000              76800  8.6842082379481556E-01
   366   34.770000              76800  8.6448900706965903E-01
   367   34.865000              76800  8.5928207470634810E-01
   368   34.960000              76800  8.5259434505721421E-01
   369   35.055000              76800  8.4436269993361990E-01
   370   35.150000              76800  8.3466014388439969E-01
   371   35.245000              76800  8.2369688214452474E-01
   372   35.340000              76800  8.1178454911778675E-01
   373   35.435000              76800  7.9927507318734481E-01
   374   35.530000              76800  7.8653379128650402E-01
   375   35.625000              76800  7.7395622557030097E-01
   376   35.720000              76800  7.6199045896120954E-01
   377   35.815000              76800  7.5111544360696014E-01
   378   35.910000              76800  7.4177481271710333E-01
   379   36.005000              76800  7.3431555760777867E-01
   380   36.100000              76800  7.2895042341009142E-01
   381   36.195000              76800  7.2573823334233900E-01
   382   36.290000              76800  7.2460143424912848E-01
   383   36.385000              76800  7.2539414100425770E-01
   384   36.480000              76800  7.2797298641071118E-01
   385   36.575000              76800  7.3223108358210021E-01
   386   36.670000              76800  7.3810122558493219E-01
   387   36.765000              76800  7.4554070809101891E-01
   388   36.860000              76800  7.5450839414550974E-01
   389   36.955000              76800  7.6494525754838771E-01
   390   37.050000              76800  7.7677371312631083E-01
   391   37.145000              76800  7.8990768214572471E-01
   392   37.240000              76800  8.0426117297409117E-01
   393   37.335000              76800  8.1975716851706448E-01
   394   37.430000              76800  8.3632163784034552E-01
   395   37.525000              76800  8.5385842853350158E-01
   396   37.620000              76800  8.7221682359590491E-01
   397   37.715000              76800  8.9116423830993352E-01
   398   37.810000              76800  9.1037184030303875E-01
   399   37.905000              76800  9.2941477679590268E-01
   400   38.000000              76800  9.4779649670946298E-01
   401   38.095000              76800  9.6499927445289990E-01
   402   38.190000              76800  9.8053684501289062E-01
   403   38.285000              76800  9.9399389364741109E-01
   404   38.380000              76800  1.0050616118540865E+00
   405   38.475000              76800  1.0135611749729554E+00
   406   38.570000              76800  1.0194335696704226E+00
   407   38.665000              76800  1.0227033327491037E+00
   408   38.760000              76800  1.0234444782698044E+00
   409   38.855000              76800  1.0217665553041666E+00
   410   38.950000              76800  1.0178291684785101E+00
   411   39.045000              76800  1.0118794813241609E+00
   412   39.140000              76800  1.0042732642429240E+00
   413   39.235000              76800  9.9544958580128684E-01
   414   39.330000              76800  9.8587090329125393E-01
   415   39.425000              76800  9.7595530100284478E-01
   416   39.520000              76800  9.6603327710631226E-01
   417   39.615000              76800  9.5635052372287488E-01
   418   39.710000              76800  9.4710380828309659E-01
   419   39.805000              76800  9.3848598767147284E-01
   420   39.900000              76800  9.3072089030433769E-01
   421   39.995000              76800  9.2405273904187479E-01
   422   40.090000              76800  9.1868939395901472E-01
