! Kinetic energy for species "positrons-up"
  Iter        Time          Total Par.             Kin. Energy
     0   0.0000000              76800  1.0648460837611791E+00
     1  0.95000000E-01          76800  1.0648460608166181E+00
     2  0.19000000              76800  1.0648459925689173E+00
     3  0.28500000              76800  1.0648458805222600E+00
     4  0.38000000              76800  1.0648457266213922E+00
     5  0.47500000              76800  1.0648455329314763E+00
     6  0.57000000              76800  1.0648453016736745E+00
     7  0.66500000              76800  1.0648450355731369E+00
     8  0.76000000              76800  1.0648447381148216E+00
     9  0.85500000              76800  1.0648444133634649E+00
    10  0.95000000              76800  1.0648440654533589E+00
    11   1.0450000              76800  1.0648436981685860E+00
    12   1.1400000              76800  1.0648433149348888E+00
    13   1.2350000              76800  1.0648429193012563E+00
    14   1.3300000              76800  1.0648425156525205E+00
    15   1.4250000              76800  1.0648421093804492E+00
    16   1.5200000              76800  1.0648417059620963E+00
    17   1.6150000              76800  1.0648413097917575E+00
    18   1.7100000              76800  1.0648409242396388E+00
    19   1.8050000              76800  1.0648405527905302E+00
    20   1.9000000              76800  1.0648401995222896E+00
    21   1.9950000              76800  1.0648398684007401E+00
    22   2.0900000              76800  1.0648395629336185E+00
    23   2.1850000              76800  1.0648392867747893E+00
    24   2.2800000              76800  1.0648390436229906E+00
    25   2.3750000              76800  1.0648388359170213E+00
    26   2.4700000              76800  1.0648386645421799E+00
    27   2.5650000              76800  1.0648385304253458E+00
    28   2.6600000              76800  1.0648384353873315E+00
    29   2.7550000              76800  1.0648383806805470E+00
    30   2.8500000              76800  1.0648383659736371E+00
    31   2.9450000              76800  1.0648383910640458E+00
    32   3.0400000              76800  1.0648384574377447E+00
    33   3.1350000              76800  1.0648385664177027E+00
    34   3.2300000              76800  1.0648387162704718E+00
    35   3.3250000              76800  1.0648389022583273E+00
    36   3.4200000              76800  1.0648391188984565E+00
    37   3.5150000              76800  1.0648393614031293E+00
    38   3.6100000              76800  1.0648396259497122E+00
    39   3.7050000              76800  1.0648399098178620E+00
    40   3.8000000              76800  1.0648402110873545E+00
    41   3.8950000              76800  1.0648405276479855E+00
    42   3.9900000              76800  1.0648408564206830E+00
    43   4.0850000              76800  1.0648411928254349E+00
    44   4.1800000              76800  1.0648415298605070E+00
    45   4.2750000              76800  1.0648418581565822E+00
    46   4.3700000              76800  1.0648421685235847E+00
    47   4.4650000              76800  1.0648424546756496E+00
    48   4.5600000              76800  1.0648427128876130E+00
    49   4.6550000              76800  1.0648429399370165E+00
    50   4.7500000              76800  1.0648431327207835E+00
    51   4.8450000              76800  1.0648432886446113E+00
    52   4.9400000              76800  1.0648434034689589E+00
    53   5.0350000              76800  1.0648434682415835E+00
    54   5.1300000              76800  1.0648434708500405E+00
    55   5.2250000              76800  1.0648434021540361E+00
    56   5.3200000              76800  1.0648432597720945E+00
    57   5.4150000              76800  1.0648430457156319E+00
    58   5.5100000              76800  1.0648427612926308E+00
    59   5.6050000              76800  1.0648424033144228E+00
    60   5.7000000              76800  1.0648419626731935E+00
    61   5.7950000              76800  1.0648414259354493E+00
    62   5.8900000              76800  1.0648407798287396E+00
    63   5.9850000              76800  1.0648400154447364E+00
    64   6.0800000              76800  1.0648391288534671E+00
    65   6.1750000              76800  1.0648381192463403E+00
    66   6.2700000              76800  1.0648369879856392E+00
    67   6.3650000              76800  1.0648357381973810E+00
    68   6.4600000              76800  1.0648343709976205E+00
    69   6.5550000              76800  1.0648328779349736E+00
    70   6.6500000              76800  1.0648312361862726E+00
    71   6.7450000              76800  1.0648294132116993E+00
    72   6.8400000              76800  1.0648273785103484E+00
    73   6.9350000              76800  1.0648251123477701E+00
    74   7.0300000              76800  1.0648226042506810E+00
    75   7.1250000              76800  1.0648198434615701E+00
    76   7.2200000              76800  1.0648168093354629E+00
    77   7.3150000              76800  1.0648134680468757E+00
    78   7.4100000              76800  1.0648097764882969E+00
    79   7.5050000              76800  1.0648056896961668E+00
    80   7.6000000              76800  1.0648011658370482E+00
    81   7.6950000              76800  1.0647961636863532E+00
    82   7.7900000              76800  1.0647906338672521E+00
    83   7.8850000              76800  1.0647845117443888E+00
    84   7.9800000              76800  1.0647777171537929E+00
    85   8.0750000              76800  1.0647701573886754E+00
    86   8.1700000              76800  1.0647617280799064E+00
    87   8.2650000              76800  1.0647523131696115E+00
    88   8.3600000              76800  1.0647417882698831E+00
    89   8.4550000              76800  1.0647300253497858E+00
    90   8.5500000              76800  1.0647168905703699E+00
    91   8.6450000              76800  1.0647022322258652E+00
    92   8.7400000              76800  1.0646858659368501E+00
    93   8.8350000              76800  1.0646675657723135E+00
    94   8.9300000              76800  1.0646470644868602E+00
    95   9.0250000              76800  1.0646240622035006E+00
    96   9.1200000              76800  1.0645982383011008E+00
    97   9.2150000              76800  1.0645692562686526E+00
    98   9.3100000              76800  1.0645367563019321E+00
    99   9.4050000              76800  1.0645003426720019E+00
   100   9.5000000              76800  1.0644595754350026E+00
   101   9.5950000              76800  1.0644139658985736E+00
   102   9.6900000              76800  1.0643629658775271E+00
   103   9.7850000              76800  1.0643059433665563E+00
   104   9.8800000              76800  1.0642421527622126E+00
   105   9.9750000              76800  1.0641707224304278E+00
   106   10.070000              76800  1.0640906749022292E+00
   107   10.165000              76800  1.0640009652759983E+00
   108   10.260000              76800  1.0639005022221526E+00
   109   10.355000              76800  1.0637881285909634E+00
   110   10.450000              76800  1.0636625726110591E+00
   111   10.545000              76800  1.0635224022188927E+00
   112   10.640000              76800  1.0633660055396059E+00
   113   10.735000              76800  1.0631915939718171E+00
   114   10.830000              76800  1.0629972105085383E+00
   115   10.925000              76800  1.0627807321483442E+00
   116   11.020000              76800  1.0625398623071245E+00
   117   11.115000              76800  1.0622721080821638E+00
   118   11.210000              76800  1.0619747457573980E+00
   119   11.305000              76800  1.0616448006193711E+00
   120   11.400000              76800  1.0612790674321388E+00
   121   11.495000              76800  1.0608741642793924E+00
   122   11.590000              76800  1.0604265810044318E+00
   123   11.685000              76800  1.0599326877985731E+00
   124   11.780000              76800  1.0593887128108306E+00
   125   11.875000              76800  1.0587907317284690E+00
   126   11.970000              76800  1.0581347030547787E+00
   127   12.065000              76800  1.0574165455000000E+00
   128   12.160000              76800  1.0566322275842563E+00
   129   12.255000              76800  1.0557778547422656E+00
   130   12.350000              76800  1.0548497621075990E+00
   131   12.445000              76800  1.0538446163869346E+00
   132   12.540000              76800  1.0527595042045839E+00
   133   12.635000              76800  1.0515919845442387E+00
   134   12.730000              76800  1.0503401339225398E+00
   135   12.825000              76800  1.0490026854594432E+00
   136   12.920000              76800  1.0475793068703307E+00
   137   13.015000              76800  1.0460708408091999E+00
   138   13.110000              76800  1.0444792424474236E+00
   139   13.205000              76800  1.0428071982541587E+00
   140   13.300000              76800  1.0410577224575963E+00
   141   13.395000              76800  1.0392340133079006E+00
   142   13.490000              76800  1.0373395654741882E+00
   143   13.585000              76800  1.0353783059815120E+00
   144   13.680000              76800  1.0333545346010213E+00
   145   13.775000              76800  1.0312725910747518E+00
   146   13.870000              76800  1.0291364020010150E+00
   147   13.965000              76800  1.0269492538449121E+00
   148   14.060000              76800  1.0247139134773735E+00
   149   14.155000              76800  1.0224328186589990E+00
   150   14.250000              76800  1.0201080648300023E+00
   151   14.345000              76800  1.0177410412975323E+00
   152   14.440000              76800  1.0153317778358990E+00
   153   14.535000              76800  1.0128783714492680E+00
   154   14.630000              76800  1.0103769405950678E+00
   155   14.725000              76800  1.0078221030822370E+00
   156   14.820000              76800  1.0052077586445884E+00
   157   14.915000              76800  1.0025279869192454E+00
   158   15.010000              76800  9.9977785918568884E-01
   159   15.105000              76800  9.9695402222714447E-01
   160   15.200000              76800  9.9405548768200591E-01
   161   15.295000              76800  9.9108505735333363E-01
   162   15.390000              76800  9.8805067401916369E-01
   163   15.485000              76800  9.8496584078236737E-01
   164   15.580000              76800  9.8184956778511467E-01
   165   15.675000              76800  9.7872682784234233E-01
   166   15.770000              76800  9.7562930344111831E-01
   167   15.865000              76800  9.7259518718619753E-01
   168   15.960000              76800  9.6966750820235958E-01
   169   16.055000              76800  9.6689214968330917E-01
   170   16.150000              76800  9.6431643878815843E-01
   171   16.245000              76800  9.6198762230801349E-01
   172   16.340000              76800  9.5995043721302142E-01
   173   16.435000              76800  9.5824481027665787E-01
   174   16.530000              76800  9.5690469666785205E-01
   175   16.625000              76800  9.5595663405773734E-01
   176   16.720000              76800  9.5541652882889216E-01
   177   16.815000              76800  9.5528678008888823E-01
   178   16.910000              76800  9.5555751501163000E-01
   179   17.005000              76800  9.5621102287688153E-01
   180   17.100000              76800  9.5722475378046246E-01
   181   17.195000              76800  9.5857225502424770E-01
   182   17.290000              76800  9.6022508705004839E-01
   183   17.385000              76800  9.6215543904744472E-01
   184   17.480000              76800  9.6433794745499402E-01
   185   17.575000              76800  9.6674979387086712E-01
   186   17.670000              76800  9.6936745129175739E-01
   187   17.765000              76800  9.7216215796413452E-01
   188   17.860000              76800  9.7509900448715714E-01
   189   17.955000              76800  9.7814045316546860E-01
   190   18.050000              76800  9.8124933927892322E-01
   191   18.145000              76800  9.8438849301482689E-01
   192   18.240000              76800  9.8751954964753952E-01
   193   18.335000              76800  9.9060368391537423E-01
   194   18.430000              76800  9.9360490627472675E-01
   195   18.525000              76800  9.9649399729314592E-01
   196   18.620000              76800  9.9924910066097949E-01
   197   18.715000              76800  1.0018515773448180E+00
   198   18.810000              76800  1.0042817718940178E+00
   199   18.905000              76800  1.0065171136853186E+00
   200   19.000000              76800  1.0085289739989103E+00
   201   19.095000              76800  1.0102785283379323E+00
   202   19.190000              76800  1.0117170178723531E+00
   203   19.285000              76800  1.0127923331975759E+00
   204   19.380000              76800  1.0134579593460775E+00
   205   19.475000              76800  1.0136766126816688E+00
   206   19.570000              76800  1.0134188779994573E+00
   207   19.665000              76800  1.0126651992070332E+00
   208   19.760000              76800  1.0114103683643028E+00
   209   19.855000              76800  1.0096629807929898E+00
   210   19.950000              76800  1.0074378526809276E+00
   211   20.045000              76800  1.0047466276060648E+00
   212   20.140000              76800  1.0015928570812276E+00
   213   20.235000              76800  9.9797439271779997E-01
   214   20.330000              76800  9.9388889744469966E-01
   215   20.425000              76800  9.8933663420245077E-01
   216   20.520000              76800  9.8432244201462193E-01
   217   20.615000              76800  9.7885905807756135E-01
   218   20.710000              76800  9.7296877311595464E-01
   219   20.805000              76800  9.6668391452240243E-01
   220   20.900000              76800  9.6005103715464624E-01
   221   20.995000              76800  9.5313827596468681E-01
   222   21.090000              76800  9.4603651151852342E-01
   223   21.185000              76800  9.3885034319212801E-01
   224   21.280000              76800  9.3168846471333788E-01
   225   21.375000              76800  9.2465819434109398E-01
   226   21.470000              76800  9.1785738427275487E-01
   227   21.565000              76800  9.1136397916720513E-01
   228   21.660000              76800  9.0523444169633493E-01
   229   21.755000              76800  8.9951209492908701E-01
   230   21.850000              76800  8.9423445985175842E-01
   231   21.945000              76800  8.8943575475817116E-01
   232   22.040000              76800  8.8514925152808210E-01
   233   22.135000              76800  8.8140935749516203E-01
   234   22.230000              76800  8.7824923672244093E-01
   235   22.325000              76800  8.7569825533778811E-01
   236   22.420000              76800  8.7378155229072119E-01
   237   22.515000              76800  8.7251749859305150E-01
   238   22.610000              76800  8.7191405439469483E-01
   239   22.705000              76800  8.7196301516878783E-01
   240   22.800000              76800  8.7262971328357031E-01
   241   22.895000              76800  8.7384684929440670E-01
   242   22.990000              76800  8.7551808600910153E-01
   243   23.085000              76800  8.7752631313030294E-01
   244   23.180000              76800  8.7974681239775643E-01
   245   23.275000              76800  8.8206466309593601E-01
   246   23.370000              76800  8.8438734643299333E-01
   247   23.465000              76800  8.8664592512675355E-01
   248   23.560000              76800  8.8879104624326732E-01
   249   23.655000              76800  8.9079557874993021E-01
   250   23.750000              76800  8.9266432248550154E-01
   251   23.845000              76800  8.9443413565263219E-01
   252   23.940000              76800  8.9615994593864479E-01
   253   24.035000              76800  8.9790360540559333E-01
   254   24.130000              76800  8.9972351447999988E-01
   255   24.225000              76800  9.0166074045594635E-01
   256   24.320000              76800  9.0373210139510196E-01
   257   24.415000              76800  9.0592872847503725E-01
   258   24.510000              76800  9.0821870688530060E-01
   259   24.605000              76800  9.1056215615052527E-01
   260   24.700000              76800  9.1293520121590332E-01
   261   24.795000              76800  9.1533703804313993E-01
   262   24.890000              76800  9.1777574779502236E-01
   263   24.985000              76800  9.2027183565994508E-01
   264   25.080000              76800  9.2287191401280499E-01
   265   25.175000              76800  9.2563433186158894E-01
   266   25.270000              76800  9.2861902093038273E-01
   267   25.365000              76800  9.3189689636018369E-01
   268   25.460000              76800  9.3553719860655815E-01
   269   25.555000              76800  9.3957318406083745E-01
   270   25.650000              76800  9.4398057224430043E-01
   271   25.745000              76800  9.4867238572324131E-01
   272   25.840000              76800  9.5350171497288627E-01
   273   25.935000              76800  9.5827639000708653E-01
   274   26.030000              76800  9.6278436104660026E-01
   275   26.125000              76800  9.6681998935199431E-01
   276   26.220000              76800  9.7019742861258740E-01
   277   26.315000              76800  9.7274994472248322E-01
   278   26.410000              76800  9.7432352271011835E-01
   279   26.505000              76800  9.7477595418102403E-01
   280   26.600000              76800  9.7398761035261106E-01
   281   26.695000              76800  9.7187743162782803E-01
   282   26.790000              76800  9.6841846722768721E-01
   283   26.885000              76800  9.6365069229881950E-01
   284   26.980000              76800  9.5768545295081009E-01
   285   27.075000              76800  9.5069699285040921E-01
   286   27.170000              76800  9.4290235432078462E-01
   287   27.265000              76800  9.3453541525931505E-01
   288   27.360000              76800  9.2582916207544663E-01
   289   27.455000              76800  9.1701581288476319E-01
   290   27.550000              76800  9.0833611211893395E-01
   291   27.645000              76800  9.0004183076851851E-01
   292   27.740000              76800  8.9238393327730858E-01
   293   27.835000              76800  8.8559782506026108E-01
   294   27.930000              76800  8.7989508910049485E-01
   295   28.025000              76800  8.7545168571059917E-01
   296   28.120000              76800  8.7239463124406424E-01
   297   28.215000              76800  8.7079659901873874E-01
   298   28.310000              76800  8.7067443193335059E-01
   299   28.405000              76800  8.7198586350439911E-01
   300   28.500000              76800  8.7463027647323766E-01
   301   28.595000              76800  8.7845942521499154E-01
   302   28.690000              76800  8.8329167046171064E-01
   303   28.785000              76800  8.8892915868019995E-01
   304   28.880000              76800  8.9517665987161243E-01
   305   28.975000              76800  9.0185629870055650E-01
   306   29.070000              76800  9.0881242214023250E-01
   307   29.165000              76800  9.1590647243331269E-01
   308   29.260000              76800  9.2299877325740820E-01
   309   29.355000              76800  9.2991958907110661E-01
   310   29.450000              76800  9.3645624658058391E-01
   311   29.545000              76800  9.4236919878483894E-01
   312   29.640000              76800  9.4742216330186380E-01
   313   29.735000              76800  9.5141029946332045E-01
   314   29.830000              76800  9.5418682691795509E-01
   315   29.925000              76800  9.5568280862627009E-01
   316   30.020000              76800  9.5590317412341475E-01
   317   30.115000              76800  9.5490422495359828E-01
   318   30.210000              76800  9.5277562065012944E-01
   319   30.305000              76800  9.4962733655827047E-01
   320   30.400000              76800  9.4556670091308082E-01
   321   30.495000              76800  9.4067913585278684E-01
   322   30.590000              76800  9.3502457656400895E-01
   323   30.685000              76800  9.2864207924511821E-01
   324   30.780000              76800  9.2156318198868525E-01
   325   30.875000              76800  9.1382053482570114E-01
   326   30.970000              76800  9.0544444875498808E-01
   327   31.065000              76800  8.9646938686694699E-01
   328   31.160000              76800  8.8695051746496389E-01
   329   31.255000              76800  8.7696972230674020E-01
   330   31.350000              76800  8.6664220503643752E-01
   331   31.445000              76800  8.5613096894929641E-01
   332   31.540000              76800  8.4564170136856820E-01
   333   31.635000              76800  8.3539208288145272E-01
   334   31.730000              76800  8.2558235902818811E-01
   335   31.825000              76800  8.1638204186065422E-01
   336   31.920000              76800  8.0792661990500303E-01
   337   32.015000              76800  8.0033042517453212E-01
   338   32.110000              76800  7.9371443429354160E-01
   339   32.205000              76800  7.8822312376032899E-01
   340   32.300000              76800  7.8402523158533488E-01
   341   32.395000              76800  7.8130659823500048E-01
   342   32.490000              76800  7.8024583399353209E-01
   343   32.585000              76800  7.8097433101709879E-01
   344   32.680000              76800  7.8354136364574811E-01
   345   32.775000              76800  7.8790081926816935E-01
   346   32.870000              76800  7.9392016549550437E-01
   347   32.965000              76800  8.0139628576634458E-01
   348   33.060000              76800  8.1007077845103548E-01
   349   33.155000              76800  8.1965008133756112E-01
   350   33.250000              76800  8.2983314276622266E-01
   351   33.345000              76800  8.4034424872401170E-01
   352   33.440000              76800  8.5096908770380053E-01
   353   33.535000              76800  8.6158280574468460E-01
   354   33.630000              76800  8.7215014705253069E-01
   355   33.725000              76800  8.8269749864119584E-01
   356   33.820000              76800  8.9327642554292219E-01
   357   33.915000              76800  9.0393665579425186E-01
   358   34.010000              76800  9.1472056685195779E-01
   359   34.105000              76800  9.2567560660782033E-01
   360   34.200000              76800  9.3685740488332470E-01
   361   34.295000              76800  9.4830790552036759E-01
   362   34.390000              76800  9.6002263704530244E-01
   363   34.485000              76800  9.7192683889564435E-01
   364   34.580000              76800  9.8386872882649834E-01
   365   34.675000              76800  9.9561836073205146E-01
   366   34.770000              76800  1.0068651416056904E+00
   367   34.865000              76800  1.0172445608167646E+00
   368   34.960000              76800  1.0264055855898746E+00
   369   35.055000              76800  1.0340819922670741E+00
   370   35.150000              76800  1.0401318707412088E+00
   371   35.245000              76800  1.0445230032591903E+00
   372   35.340000              76800  1.0472864026088065E+00
   373   35.435000              76800  1.0484791681918568E+00
   374   35.530000              76800  1.0481649994013460E+00
   375   35.625000              76800  1.0464011070202639E+00
   376   35.720000              76800  1.0432253805232745E+00
   377   35.815000              76800  1.0386696402882580E+00
   378   35.910000              76800  1.0328012710378762E+00
   379   36.005000              76800  1.0257479800427882E+00
   380   36.100000              76800  1.0176925726366099E+00
   381   36.195000              76800  1.0088511932011408E+00
   382   36.290000              76800  9.9944351721758784E-01
   383   36.385000              76800  9.8969619024662125E-01
   384   36.480000              76800  9.7987019179313295E-01
   385   36.575000              76800  9.7025816151481636E-01
   386   36.670000              76800  9.6115236118995240E-01
   387   36.765000              76800  9.5279668558012953E-01
   388   36.860000              76800  9.4533962439439945E-01
   389   36.955000              76800  9.3882153919018163E-01
   390   37.050000              76800  9.3320605865138306E-01
   391   37.145000              76800  9.2840485347670731E-01
   392   37.240000              76800  9.2425999181697061E-01
   393   37.335000              76800  9.2050903982632093E-01
   394   37.430000              76800  9.1678283266181571E-01
   395   37.525000              76800  9.1265755087582157E-01
   396   37.620000              76800  9.0772959270666109E-01
   397   37.715000              76800  9.0170908892137835E-01
   398   37.810000              76800  8.9452080129650124E-01
   399   37.905000              76800  8.8633063046189231E-01
   400   38.000000              76800  8.7745030605201935E-01
   401   38.095000              76800  8.6819096966766618E-01
   402   38.190000              76800  8.5879523439688821E-01
   403   38.285000              76800  8.4949581673670471E-01
   404   38.380000              76800  8.4060908671397960E-01
   405   38.475000              76800  8.3254125848534555E-01
   406   38.570000              76800  8.2570858993319396E-01
   407   38.665000              76800  8.2046539005167540E-01
   408   38.760000              76800  8.1707598231637302E-01
   409   38.855000              76800  8.1570776388745203E-01
   410   38.950000              76800  8.1642268289783360E-01
   411   39.045000              76800  8.1916056062562026E-01
   412   39.140000              76800  8.2372722569129220E-01
   413   39.235000              76800  8.2980140343193209E-01
   414   39.330000              76800  8.3695955763720575E-01
   415   39.425000              76800  8.4472524133311810E-01
   416   39.520000              76800  8.5263503319033307E-01
   417   39.615000              76800  8.6029281717852080E-01
   418   39.710000              76800  8.6740414559288370E-01
   419   39.805000              76800  8.7379462287962584E-01
   420   39.900000              76800  8.7940659281520606E-01
   421   39.995000              76800  8.8426368123979993E-01
   422   40.090000              76800  8.8841741215440462E-01
