! Kinetic energy for species "electrons-up"
  Iter        Time          Total Par.             Kin. Energy
     0   0.0000000              76800  1.0646266238031794E+00
     1  0.95000000E-01          76800  1.0646266435567915E+00
     2  0.19000000              76800  1.0646267030825916E+00
     3  0.28500000              76800  1.0646268029123349E+00
     4  0.38000000              76800  1.0646269431053774E+00
     5  0.47500000              76800  1.0646271226033068E+00
     6  0.57000000              76800  1.0646273392404966E+00
     7  0.66500000              76800  1.0646275901540625E+00
     8  0.76000000              76800  1.0646278720926849E+00
     9  0.85500000              76800  1.0646281815733518E+00
    10  0.95000000              76800  1.0646285152363006E+00
    11   1.0450000              76800  1.0646288702129700E+00
    12   1.1400000              76800  1.0646292436136489E+00
    13   1.2350000              76800  1.0646296312831276E+00
    14   1.3300000              76800  1.0646300276020779E+00
    15   1.4250000              76800  1.0646304269693820E+00
    16   1.5200000              76800  1.0646308249998426E+00
    17   1.6150000              76800  1.0646312178894810E+00
    18   1.7100000              76800  1.0646316011625456E+00
    19   1.8050000              76800  1.0646319696624909E+00
    20   1.9000000              76800  1.0646323185669422E+00
    21   1.9950000              76800  1.0646326437332041E+00
    22   2.0900000              76800  1.0646329409317639E+00
    23   2.1850000              76800  1.0646332055801635E+00
    24   2.2800000              76800  1.0646334338751873E+00
    25   2.3750000              76800  1.0646336236313665E+00
    26   2.4700000              76800  1.0646337734363587E+00
    27   2.5650000              76800  1.0646338815397969E+00
    28   2.6600000              76800  1.0646339460200220E+00
    29   2.7550000              76800  1.0646339654988319E+00
    30   2.8500000              76800  1.0646339394052768E+00
    31   2.9450000              76800  1.0646338680471477E+00
    32   3.0400000              76800  1.0646337526441281E+00
    33   3.1350000              76800  1.0646335948122834E+00
    34   3.2300000              76800  1.0646333955025209E+00
    35   3.3250000              76800  1.0646331545266730E+00
    36   3.4200000              76800  1.0646328718785254E+00
    37   3.5150000              76800  1.0646325500219851E+00
    38   3.6100000              76800  1.0646321943543335E+00
    39   3.7050000              76800  1.0646318108675801E+00
    40   3.8000000              76800  1.0646314036726152E+00
    41   3.8950000              76800  1.0646309749338108E+00
    42   3.9900000              76800  1.0646305264486406E+00
    43   4.0850000              76800  1.0646300607285923E+00
    44   4.1800000              76800  1.0646295810084061E+00
    45   4.2750000              76800  1.0646290912567848E+00
    46   4.3700000              76800  1.0646285966790350E+00
    47   4.4650000              76800  1.0646281030100393E+00
    48   4.5600000              76800  1.0646276133977850E+00
    49   4.6550000              76800  1.0646271260494766E+00
    50   4.7500000              76800  1.0646266369012118E+00
    51   4.8450000              76800  1.0646261456566259E+00
    52   4.9400000              76800  1.0646256587178193E+00
    53   5.0350000              76800  1.0646251856584417E+00
    54   5.1300000              76800  1.0646247326205014E+00
    55   5.2250000              76800  1.0646242986532299E+00
    56   5.3200000              76800  1.0646238773981307E+00
    57   5.4150000              76800  1.0646234613723617E+00
    58   5.5100000              76800  1.0646230452600809E+00
    59   5.6050000              76800  1.0646226267912104E+00
    60   5.7000000              76800  1.0646222046770915E+00
    61   5.7950000              76800  1.0646217745593416E+00
    62   5.8900000              76800  1.0646213268573155E+00
    63   5.9850000              76800  1.0646208490525677E+00
    64   6.0800000              76800  1.0646203296890109E+00
    65   6.1750000              76800  1.0646197602413361E+00
    66   6.2700000              76800  1.0646191344012219E+00
    67   6.3650000              76800  1.0646184458412451E+00
    68   6.4600000              76800  1.0646176847157318E+00
    69   6.5550000              76800  1.0646168337846118E+00
    70   6.6500000              76800  1.0646158668249168E+00
    71   6.7450000              76800  1.0646147513577087E+00
    72   6.8400000              76800  1.0646134539051939E+00
    73   6.9350000              76800  1.0646119436159782E+00
    74   7.0300000              76800  1.0646101923458002E+00
    75   7.1250000              76800  1.0646081718995939E+00
    76   7.2200000              76800  1.0646058493194812E+00
    77   7.3150000              76800  1.0646031828275087E+00
    78   7.4100000              76800  1.0646001233175433E+00
    79   7.5050000              76800  1.0645966217413865E+00
    80   7.6000000              76800  1.0645926340364493E+00
    81   7.6950000              76800  1.0645881154638479E+00
    82   7.7900000              76800  1.0645830076696301E+00
    83   7.8850000              76800  1.0645772305885632E+00
    84   7.9800000              76800  1.0645706866158706E+00
    85   8.0750000              76800  1.0645632717042246E+00
    86   8.1700000              76800  1.0645548815913290E+00
    87   8.2650000              76800  1.0645454084039243E+00
    88   8.3600000              76800  1.0645347339613087E+00
    89   8.4550000              76800  1.0645227265642565E+00
    90   8.5500000              76800  1.0645092396790461E+00
    91   8.6450000              76800  1.0644941078724424E+00
    92   8.7400000              76800  1.0644771402392565E+00
    93   8.8350000              76800  1.0644581150897121E+00
    94   8.9300000              76800  1.0644367784129254E+00
    95   9.0250000              76800  1.0644128456790154E+00
    96   9.1200000              76800  1.0643860039815756E+00
    97   9.2150000              76800  1.0643559118518271E+00
    98   9.3100000              76800  1.0643221973997357E+00
    99   9.4050000              76800  1.0642844568266283E+00
   100   9.5000000              76800  1.0642422520924049E+00
   101   9.5950000              76800  1.0641951019929590E+00
   102   9.6900000              76800  1.0641424611089449E+00
   103   9.7850000              76800  1.0640836898140742E+00
   104   9.8800000              76800  1.0640180304047278E+00
   105   9.9750000              76800  1.0639446049973551E+00
   106   10.070000              76800  1.0638624352868753E+00
   107   10.165000              76800  1.0637704669957944E+00
   108   10.260000              76800  1.0636675792853085E+00
   109   10.355000              76800  1.0635525711241502E+00
   110   10.450000              76800  1.0634241298742459E+00
   111   10.545000              76800  1.0632807934329649E+00
   112   10.640000              76800  1.0631209188017614E+00
   113   10.735000              76800  1.0629426679726870E+00
   114   10.830000              76800  1.0627440110694950E+00
   115   10.925000              76800  1.0625227313125269E+00
   116   11.020000              76800  1.0622764149856727E+00
   117   11.115000              76800  1.0620024284943557E+00
   118   11.210000              76800  1.0616979014511609E+00
   119   11.305000              76800  1.0613597238134918E+00
   120   11.400000              76800  1.0609845432133167E+00
   121   11.495000              76800  1.0605687564663437E+00
   122   11.590000              76800  1.0601085172173188E+00
   123   11.685000              76800  1.0595997748696782E+00
   124   11.780000              76800  1.0590383160161476E+00
   125   11.875000              76800  1.0584197797006023E+00
   126   11.970000              76800  1.0577396669299128E+00
   127   12.065000              76800  1.0569933652994614E+00
   128   12.160000              76800  1.0561761709360027E+00
   129   12.255000              76800  1.0552832982519185E+00
   130   12.350000              76800  1.0543099254119197E+00
   131   12.445000              76800  1.0532513226735432E+00
   132   12.540000              76800  1.0521030174192205E+00
   133   12.635000              76800  1.0508609089359560E+00
   134   12.730000              76800  1.0495213178857887E+00
   135   12.825000              76800  1.0480810413425263E+00
   136   12.920000              76800  1.0465374826381890E+00
   137   13.015000              76800  1.0448887880283226E+00
   138   13.110000              76800  1.0431338714292617E+00
   139   13.205000              76800  1.0412723181777208E+00
   140   13.300000              76800  1.0393042482487140E+00
   141   13.395000              76800  1.0372302391259836E+00
   142   13.490000              76800  1.0350513164019330E+00
   143   13.585000              76800  1.0327690061271633E+00
   144   13.680000              76800  1.0303855002303890E+00
   145   13.775000              76800  1.0279039941615167E+00
   146   13.870000              76800  1.0253291647512299E+00
   147   13.965000              76800  1.0226676118560105E+00
   148   14.060000              76800  1.0199282229679030E+00
   149   14.155000              76800  1.0171227056323515E+00
   150   14.250000              76800  1.0142665106677384E+00
   151   14.345000              76800  1.0113800149247709E+00
   152   14.440000              76800  1.0084894233022870E+00
   153   14.535000              76800  1.0056267004090944E+00
   154   14.630000              76800  1.0028282134420365E+00
   155   14.725000              76800  1.0001325884202528E+00
   156   14.820000              76800  9.9757840449660562E-01
   157   14.915000              76800  9.9520087041820460E-01
   158   15.010000              76800  9.9302656984971449E-01
   159   15.105000              76800  9.9106878693843070E-01
   160   15.200000              76800  9.8932772011744952E-01
   161   15.295000              76800  9.8779501308610229E-01
   162   15.390000              76800  9.8645795204609232E-01
   163   15.485000              76800  9.8530234304501030E-01
   164   15.580000              76800  9.8431598617090310E-01
   165   15.675000              76800  9.8349297451222684E-01
   166   15.770000              76800  9.8283653869956411E-01
   167   15.865000              76800  9.8235906160188891E-01
   168   15.960000              76800  9.8208018444212652E-01
   169   16.055000              76800  9.8202336071613927E-01
   170   16.150000              76800  9.8220909766930409E-01
   171   16.245000              76800  9.8264609172048789E-01
   172   16.340000              76800  9.8332593902011056E-01
   173   16.435000              76800  9.8422371408018794E-01
   174   16.530000              76800  9.8529961005132916E-01
   175   16.625000              76800  9.8649929034357908E-01
   176   16.720000              76800  9.8775656930982725E-01
   177   16.815000              76800  9.8899963510591937E-01
   178   16.910000              76800  9.9015772235279176E-01
   179   17.005000              76800  9.9116563789494916E-01
   180   17.100000              76800  9.9196785266985521E-01
   181   17.195000              76800  9.9252449729589753E-01
   182   17.290000              76800  9.9281679242599963E-01
   183   17.385000              76800  9.9284691010257808E-01
   184   17.480000              76800  9.9263126461789497E-01
   185   17.575000              76800  9.9219171546099161E-01
   186   17.670000              76800  9.9154918512851720E-01
   187   17.765000              76800  9.9071943739842838E-01
   188   17.860000              76800  9.8970967021450407E-01
   189   17.955000              76800  9.8851723424114413E-01
   190   18.050000              76800  9.8713178322860962E-01
   191   18.145000              76800  9.8554064977555278E-01
   192   18.240000              76800  9.8373592365019236E-01
   193   18.335000              76800  9.8171987815284045E-01
   194   18.430000              76800  9.7950612902644174E-01
   195   18.525000              76800  9.7711806917469335E-01
   196   18.620000              76800  9.7458762795811416E-01
   197   18.715000              76800  9.7195325702555646E-01
   198   18.810000              76800  9.6925580060210192E-01
   199   18.905000              76800  9.6653289837052259E-01
   200   19.000000              76800  9.6381305565940112E-01
   201   19.095000              76800  9.6111426136309563E-01
   202   19.190000              76800  9.5844905580186535E-01
   203   19.285000              76800  9.5582950787801557E-01
   204   19.380000              76800  9.5327012417408707E-01
   205   19.475000              76800  9.5079206668465555E-01
   206   19.570000              76800  9.4842413993323760E-01
   207   19.665000              76800  9.4619795975739518E-01
   208   19.760000              76800  9.4414571842796347E-01
   209   19.855000              76800  9.4230100140323225E-01
   210   19.950000              76800  9.4069314590638142E-01
   211   20.045000              76800  9.3933572639846263E-01
   212   20.140000              76800  9.3822054575444569E-01
   213   20.235000              76800  9.3732382462462749E-01
   214   20.330000              76800  9.3661551711679025E-01
   215   20.425000              76800  9.3606073149732527E-01
   216   20.520000              76800  9.3561738889396862E-01
   217   20.615000              76800  9.3524104864579283E-01
   218   20.710000              76800  9.3489896772579173E-01
   219   20.805000              76800  9.3458079072671663E-01
   220   20.900000              76800  9.3429665100202319E-01
   221   20.995000              76800  9.3406990013801350E-01
   222   21.090000              76800  9.3393288231478677E-01
   223   21.185000              76800  9.3392373200273060E-01
   224   21.280000              76800  9.3407900839573066E-01
   225   21.375000              76800  9.3442207896767326E-01
   226   21.470000              76800  9.3495372212813166E-01
   227   21.565000              76800  9.3565245039624667E-01
   228   21.660000              76800  9.3648218685657048E-01
   229   21.755000              76800  9.3739885176510418E-01
   230   21.850000              76800  9.3835697865031076E-01
   231   21.945000              76800  9.3932157643293690E-01
   232   22.040000              76800  9.4027904237472826E-01
   233   22.135000              76800  9.4123660291628264E-01
   234   22.230000              76800  9.4221039428889153E-01
   235   22.325000              76800  9.4320929151428912E-01
   236   22.420000              76800  9.4422273768743392E-01
   237   22.515000              76800  9.4521457745385418E-01
   238   22.610000              76800  9.4611781054114696E-01
   239   22.705000              76800  9.4683366912454603E-01
   240   22.800000              76800  9.4724430423277828E-01
   241   22.895000              76800  9.4723822658731271E-01
   242   22.990000              76800  9.4673856857634942E-01
   243   23.085000              76800  9.4572751461527560E-01
   244   23.180000              76800  9.4425937932487636E-01
   245   23.275000              76800  9.4244900458887715E-01
   246   23.370000              76800  9.4043690389468926E-01
   247   23.465000              76800  9.3835322191331538E-01
   248   23.560000              76800  9.3629801859862594E-01
   249   23.655000              76800  9.3433749699540414E-01
   250   23.750000              76800  9.3251152840630314E-01
   251   23.845000              76800  9.3084240426956844E-01
   252   23.940000              76800  9.2933822323199333E-01
   253   24.035000              76800  9.2799532442033872E-01
   254   24.130000              76800  9.2679327483715868E-01
   255   24.225000              76800  9.2568910181923880E-01
   256   24.320000              76800  9.2461705506092384E-01
   257   24.415000              76800  9.2348757883789867E-01
   258   24.510000              76800  9.2219576334811493E-01
   259   24.605000              76800  9.2064130998532101E-01
   260   24.700000              76800  9.1874843522532945E-01
   261   24.795000              76800  9.1648529984887994E-01
   262   24.890000              76800  9.1388620785734798E-01
   263   24.985000              76800  9.1105836708291610E-01
   264   25.080000              76800  9.0815812662761997E-01
   265   25.175000              76800  9.0535344337381685E-01
   266   25.270000              76800  9.0279735815358009E-01
   267   25.365000              76800  9.0061308193079626E-01
   268   25.460000              76800  8.9887316058064093E-01
   269   25.555000              76800  8.9758870964280701E-01
   270   25.650000              76800  8.9673087038659527E-01
   271   25.745000              76800  8.9625528569899682E-01
   272   25.840000              76800  8.9610828752541816E-01
   273   25.935000              76800  8.9623550232607996E-01
   274   26.030000              76800  8.9659789711678484E-01
   275   26.125000              76800  8.9718151774579424E-01
   276   26.220000              76800  8.9800413602426077E-01
   277   26.315000              76800  8.9911660383198933E-01
   278   26.410000              76800  9.0057908715085710E-01
   279   26.505000              76800  9.0241909118882946E-01
   280   26.600000              76800  9.0460498934662992E-01
   281   26.695000              76800  9.0704575681393573E-01
   282   26.790000              76800  9.0960632485388870E-01
   283   26.885000              76800  9.1213987263409646E-01
   284   26.980000              76800  9.1453376630872008E-01
   285   27.075000              76800  9.1674333259047880E-01
   286   27.170000              76800  9.1879504175632354E-01
   287   27.265000              76800  9.2076703165713203E-01
   288   27.360000              76800  9.2275692256804676E-01
   289   27.455000              76800  9.2484657055909114E-01
   290   27.550000              76800  9.2708020119907941E-01
   291   27.645000              76800  9.2946057038459085E-01
   292   27.740000              76800  9.3195471528096530E-01
   293   27.835000              76800  9.3449924415901320E-01
   294   27.930000              76800  9.3700097878532973E-01
   295   28.025000              76800  9.3933872482938552E-01
   296   28.120000              76800  9.4137256516531065E-01
   297   28.215000              76800  9.4295914681816595E-01
   298   28.310000              76800  9.4397317864285135E-01
   299   28.405000              76800  9.4432410080152085E-01
   300   28.500000              76800  9.4395696359616499E-01
   301   28.595000              76800  9.4284776726334418E-01
   302   28.690000              76800  9.4100667323754528E-01
   303   28.785000              76800  9.3848669228972548E-01
   304   28.880000              76800  9.3538610400548405E-01
   305   28.975000              76800  9.3184436998642539E-01
   306   29.070000              76800  9.2803749719963680E-01
   307   29.165000              76800  9.2417211261428545E-01
   308   29.260000              76800  9.2047740154888102E-01
   309   29.355000              76800  9.1719071846169853E-01
   310   29.450000              76800  9.1454224062441325E-01
   311   29.545000              76800  9.1275411255796635E-01
   312   29.640000              76800  9.1204170061934775E-01
   313   29.735000              76800  9.1259073230706100E-01
   314   29.830000              76800  9.1452988431968896E-01
   315   29.925000              76800  9.1792176788167146E-01
   316   30.020000              76800  9.2275268458415038E-01
   317   30.115000              76800  9.2892012405207736E-01
   318   30.210000              76800  9.3623848551379085E-01
   319   30.305000              76800  9.4446481903924795E-01
   320   30.400000              76800  9.5333571138717521E-01
   321   30.495000              76800  9.6260264554981512E-01
   322   30.590000              76800  9.7205169708835260E-01
   323   30.685000              76800  9.8150749050380703E-01
   324   30.780000              76800  9.9081800310709145E-01
   325   30.875000              76800  9.9983943515016749E-01
   326   30.970000              76800  1.0084495727231242E+00
   327   31.065000              76800  1.0165690033176964E+00
   328   31.160000              76800  1.0241657122661691E+00
   329   31.255000              76800  1.0312455918426719E+00
   330   31.350000              76800  1.0378353242135212E+00
   331   31.445000              76800  1.0439637908588679E+00
   332   31.540000              76800  1.0496489500216668E+00
   333   31.635000              76800  1.0548915877212601E+00
   334   31.730000              76800  1.0596729899876283E+00
   335   31.825000              76800  1.0639450701580104E+00
   336   31.920000              76800  1.0676068113915875E+00
   337   32.015000              76800  1.0704867548709889E+00
   338   32.110000              76800  1.0723588644174571E+00
   339   32.205000              76800  1.0729844817249830E+00
   340   32.300000              76800  1.0721547167723511E+00
   341   32.395000              76800  1.0697205406315540E+00
   342   32.490000              76800  1.0656078417381711E+00
   343   32.585000              76800  1.0598218371905426E+00
   344   32.680000              76800  1.0524348586537298E+00
   345   32.775000              76800  1.0435578085913941E+00
   346   32.870000              76800  1.0333215563357965E+00
   347   32.965000              76800  1.0218858670985325E+00
   348   33.060000              76800  1.0094523376859512E+00
   349   33.155000              76800  9.9625803565010851E-01
   350   33.250000              76800  9.8255732634643866E-01
   351   33.345000              76800  9.6860738370428201E-01
   352   33.440000              76800  9.5467329564697501E-01
   353   33.535000              76800  9.4105209267975132E-01
   354   33.630000              76800  9.2808138387101602E-01
   355   33.725000              76800  9.1609743584910008E-01
   356   33.820000              76800  9.0537167052289691E-01
   357   33.915000              76800  8.9607126381766034E-01
   358   34.010000              76800  8.8823601991515200E-01
   359   34.105000              76800  8.8177195283126286E-01
   360   34.200000              76800  8.7647182508566768E-01
   361   34.295000              76800  8.7205656543545218E-01
   362   34.390000              76800  8.6821785239023441E-01
   363   34.485000              76800  8.6463711700831736E-01
   364   34.580000              76800  8.6099319597834478E-01
   365   34.675000              76800  8.5698641067376236E-01
   366   34.770000              76800  8.5237081128881931E-01
   367   34.865000              76800  8.4696663802284533E-01
   368   34.960000              76800  8.4064001665816579E-01
   369   35.055000              76800  8.3327468016312134E-01
   370   35.150000              76800  8.2479634059471207E-01
   371   35.245000              76800  8.1523261629641652E-01
   372   35.340000              76800  8.0472812608417155E-01
   373   35.435000              76800  7.9352352276146365E-01
   374   35.530000              76800  7.8194217307062530E-01
   375   35.625000              76800  7.7039069333798360E-01
   376   35.720000              76800  7.5934744605074178E-01
   377   35.815000              76800  7.4930627722111354E-01
   378   35.910000              76800  7.4069487683447743E-01
   379   36.005000              76800  7.3381728348473452E-01
   380   36.100000              76800  7.2883998971514363E-01
   381   36.195000              76800  7.2580247903174122E-01
   382   36.290000              76800  7.2464965439204942E-01
   383   36.385000              76800  7.2527953461126704E-01
   384   36.480000              76800  7.2758099219240502E-01
   385   36.575000              76800  7.3145954125398116E-01
   386   36.670000              76800  7.3685529316749032E-01
   387   36.765000              76800  7.4374523195744446E-01
   388   36.860000              76800  7.5211693106878086E-01
   389   36.955000              76800  7.6194128586420851E-01
   390   37.050000              76800  7.7317763783071758E-01
   391   37.145000              76800  7.8578803727630775E-01
   392   37.240000              76800  7.9973589361369024E-01
   393   37.335000              76800  8.1497777535364802E-01
   394   37.430000              76800  8.3145192108396826E-01
   395   37.525000              76800  8.4905445942450730E-01
   396   37.620000              76800  8.6760982572315859E-01
   397   37.715000              76800  8.8685120392325845E-01
   398   37.810000              76800  9.0642041382134964E-01
   399   37.905000              76800  9.2588068614559482E-01
   400   38.000000              76800  9.4473596024809781E-01
   401   38.095000              76800  9.6246138829563233E-01
   402   38.190000              76800  9.7854986775472352E-01
   403   38.285000              76800  9.9256821777923132E-01
   404   38.380000              76800  1.0042077415644626E+00
   405   38.475000              76800  1.0133071816458459E+00
   406   38.570000              76800  1.0198272298989055E+00
   407   38.665000              76800  1.0238048251495893E+00
   408   38.760000              76800  1.0253262577205877E+00
   409   38.855000              76800  1.0245189621836519E+00
   410   38.950000              76800  1.0215545944883493E+00
   411   39.045000              76800  1.0166556880174289E+00
   412   39.140000              76800  1.0100936302586387E+00
   413   39.235000              76800  1.0021738139626637E+00
   414   39.330000              76800  9.9322216542383845E-01
   415   39.425000              76800  9.8357186675036157E-01
   416   39.520000              76800  9.7354697264195156E-01
   417   39.615000              76800  9.6345560889149240E-01
   418   39.710000              76800  9.5358655148622673E-01
   419   39.805000              76800  9.4420621954788675E-01
   420   39.900000              76800  9.3556847486798767E-01
   421   39.995000              76800  9.2792060717163305E-01
   422   40.090000              76800  9.2148005017592882E-01
