! EM field energy per field component
  Iter        Time                          B1                      B2                      B3                      E1                      E2                      E3
     0   0.0000000      0.0000000000000000E+00  0.0000000000000000E+00  0.0000000000000000E+00  0.0000000000000000E+00  0.0000000000000000E+00  0.0000000000000000E+00
     1  0.95000000E-01  0.0000000000000000E+00  8.1906976814600220E-11  7.5364969925806059E-11  9.8675197874852170E-10  1.0760529516694483E-09  1.0712365998916859E-09
     2  0.19000000      0.0000000000000000E+00  9.1995893074164826E-10  8.7765073155859181E-10  3.8917364936542216E-09  3.3946306684159158E-09  3.1433495291298731E-09
     3  0.28500000      0.0000000000000000E+00  2.8344584141321095E-09  2.9766416495136723E-09  8.5540097302999350E-09  5.8763000312592716E-09  4.9394575949493906E-09
     4  0.38000000      0.0000000000000000E+00  5.1697563301000092E-09  6.3317163232676689E-09  1.4716767089965279E-08  7.9851738311271894E-09  6.3221662249638927E-09
     5  0.47500000      0.0000000000000000E+00  7.2605471171657555E-09  1.0525418020758839E-08  2.2042059950663139E-08  9.5242131617804589E-09  7.4679518970273882E-09
     6  0.57000000      0.0000000000000000E+00  8.9324316316460034E-09  1.4858049215040561E-08  3.0130160488911762E-08  1.0784483504397133E-08  8.4163525771038878E-09
     7  0.66500000      0.0000000000000000E+00  1.0612474628221128E-08  1.8955803087061753E-08  3.8542451366503980E-08  1.1909648427674910E-08  8.7178954783245432E-09
     8  0.76000000      0.0000000000000000E+00  1.2631440212041178E-08  2.2863609286001674E-08  4.6826453294442901E-08  1.2951982749722649E-08  8.1166172845436650E-09
     9  0.85500000      0.0000000000000000E+00  1.4716456610225900E-08  2.7066969971900070E-08  5.4541586516131116E-08  1.3687980653987988E-08  7.1021612423153918E-09
    10  0.95000000      0.0000000000000000E+00  1.6466880427878435E-08  3.2019218932217417E-08  6.1284125099039855E-08  1.3865668385266547E-08  6.2559752654882649E-09
    11   1.0450000      0.0000000000000000E+00  1.7680201592666291E-08  3.7603219440994260E-08  6.6709893634814125E-08  1.3618169581308543E-08  5.8250375177168435E-09
    12   1.1400000      0.0000000000000000E+00  1.8261249402730348E-08  4.3385304897214539E-08  7.0553371518725034E-08  1.3226971355559448E-08  5.7660825656848036E-09
    13   1.2350000      0.0000000000000000E+00  1.8090888815667056E-08  4.9081315861245822E-08  7.2642159888833260E-08  1.3036318957296765E-08  5.9703267895226407E-09
    14   1.3300000      0.0000000000000000E+00  1.7228416946999429E-08  5.5178755193729291E-08  7.2905932969488867E-08  1.2806363388878225E-08  6.1605788882803656E-09
    15   1.4250000      0.0000000000000000E+00  1.5916834199992036E-08  6.2414965215710730E-08  7.1379413237024670E-08  1.2005548555129158E-08  6.0294162528400941E-09
    16   1.5200000      0.0000000000000000E+00  1.4259204462535115E-08  7.0732827306027574E-08  6.8199278163870796E-08  1.0679797131843502E-08  5.6786107636959453E-09
    17   1.6150000      0.0000000000000000E+00  1.2323032086027708E-08  7.9428054517191355E-08  6.3595172784178321E-08  9.2728750400637266E-09  5.4001855539026116E-09
    18   1.7100000      0.0000000000000000E+00  1.0435093854179954E-08  8.7859436457942764E-08  5.7875376431681012E-08  8.0879552249612900E-09  5.1761824448882213E-09
    19   1.8050000      0.0000000000000000E+00  8.9679611726869715E-09  9.5583890538613338E-08  5.1407993302531959E-08  7.3275901376122709E-09  4.8523963704055887E-09
    20   1.9000000      0.0000000000000000E+00  8.0158087549784939E-09  1.0243058908005855E-07  4.4598928621176977E-08  7.0783227806369700E-09  4.4729898347222717E-09
    21   1.9950000      0.0000000000000000E+00  7.3752532565158882E-09  1.0896881534829715E-07  3.7867848716525442E-08  7.0130191198728942E-09  4.2961393108003647E-09
    22   2.0900000      0.0000000000000000E+00  6.7837211191406220E-09  1.1651975565426487E-07  3.1623555978908737E-08  6.7863225484398701E-09  4.5810238558886723E-09
    23   2.1850000      0.0000000000000000E+00  6.3145203809246095E-09  1.2660126391226691E-07  2.6240289168772785E-08  6.5128781921360901E-09  5.1780853011161239E-09
    24   2.2800000      0.0000000000000000E+00  6.3076545760753137E-09  1.4026438997892712E-07  2.2036285352011608E-08  6.4989422223386359E-09  5.6374376664951899E-09
    25   2.3750000      0.0000000000000000E+00  6.9345312835010092E-09  1.5744711019518386E-07  1.9255832521208545E-08  6.8397956896115840E-09  5.7282416828101705E-09
    26   2.4700000      0.0000000000000000E+00  8.0772831691822971E-09  1.7671030649988261E-07  1.8055841852091301E-08  7.6308828427561599E-09  5.4619402100541565E-09
    27   2.5650000      0.0000000000000000E+00  9.2392814140472651E-09  1.9633995851040273E-07  1.8497714892481075E-08  8.7620517597127879E-09  5.2451304085886777E-09
    28   2.6600000      0.0000000000000000E+00  1.0094513191490600E-08  2.1569875644473565E-07  2.0545002827257213E-08  9.7300261221625726E-09  5.2530423073912527E-09
    29   2.7550000      0.0000000000000000E+00  1.0752550946863978E-08  2.3520803422312408E-07  2.4066817694680090E-08  1.0548872746653473E-08  5.1672280301781981E-09
    30   2.8500000      0.0000000000000000E+00  1.1169453873924301E-08  2.5632521777612769E-07  2.8846750896923482E-08  1.1472687266775292E-08  4.9973779268929467E-09
    31   2.9450000      0.0000000000000000E+00  1.1105382406778688E-08  2.8104991471260125E-07  3.4596772295730002E-08  1.2588644734313163E-08  5.1016796036189884E-09
    32   3.0400000      0.0000000000000000E+00  1.0463519518607518E-08  3.1080016133909112E-07  4.0975232503995227E-08  1.4171703442744139E-08  5.7551726809991002E-09
    33   3.1350000      0.0000000000000000E+00  9.5576357489551526E-09  3.4634533341566695E-07  4.7607774771741657E-08  1.5989481851789060E-08  6.7325292384336206E-09
    34   3.2300000      0.0000000000000000E+00  8.8826692915500916E-09  3.8770780233709364E-07  5.4109931396883191E-08  1.7526081274698400E-08  7.4798911185728201E-09
    35   3.3250000      0.0000000000000000E+00  8.5587261999067564E-09  4.3416781834916895E-07  6.0110060640634979E-08  1.8719034761153797E-08  7.7901380545650931E-09
    36   3.4200000      0.0000000000000000E+00  8.4033438650287356E-09  4.8492892976553951E-07  6.5271167525974359E-08  1.9936753037336543E-08  7.7650176462645667E-09
    37   3.5150000      0.0000000000000000E+00  8.3735380548526255E-09  5.3983364463729464E-07  6.9310365742203849E-08  2.1349311316096147E-08  7.3796850192210514E-09
    38   3.6100000      0.0000000000000000E+00  8.6134655919769472E-09  5.9927142456166662E-07  7.2014880767845387E-08  2.2575194255752517E-08  6.4560723763840621E-09
    39   3.7050000      0.0000000000000000E+00  9.0068545331071802E-09  6.6307822764966067E-07  7.3253670112512706E-08  2.3439494284082348E-08  5.2105246040914406E-09
    40   3.8000000      0.0000000000000000E+00  9.1687583210631865E-09  7.3022000418425672E-07  7.2983991629270220E-08  2.4084618990147175E-08  4.2353501363945410E-09
    41   3.8950000      0.0000000000000000E+00  8.9171253161773863E-09  7.9948838968193188E-07  7.1252577353083008E-08  2.4701253661833933E-08  3.9206714468226035E-09
    42   3.9900000      0.0000000000000000E+00  8.5387778657328999E-09  8.7050920764227185E-07  6.8191412259759254E-08  2.5733408400108553E-08  4.1424886075196502E-09
    43   4.0850000      0.0000000000000000E+00  8.5544798522877963E-09  9.4491357328881288E-07  6.4008484338126310E-08  2.7500456749799826E-08  4.4251058601612948E-09
    44   4.1800000      0.0000000000000000E+00  8.9991412670069736E-09  1.0260932458681469E-06  5.8974147782391456E-08  2.9959459050020672E-08  4.7436295406568266E-09
    45   4.2750000      0.0000000000000000E+00  9.5683768601426854E-09  1.1174410991734431E-06  5.3403923274039449E-08  3.3043101939186508E-08  5.2968545276987948E-09
    46   4.3700000      0.0000000000000000E+00  1.0176459817098717E-08  1.2212856624795709E-06  4.7638804877961513E-08  3.6736818195027895E-08  5.8852791383776325E-09
    47   4.4650000      0.0000000000000000E+00  1.0856392805690587E-08  1.3393636229654664E-06  4.2024335296087405E-08  4.1144575729701966E-08  6.2287971826688330E-09
    48   4.5600000      0.0000000000000000E+00  1.1697426801643349E-08  1.4739856406820464E-06  3.6889759341549367E-08  4.6575377573786712E-08  6.0531396866717235E-09
    49   4.6550000      0.0000000000000000E+00  1.2530957831229613E-08  1.6287696833695370E-06  3.2528443837924919E-08  5.3107953548052601E-08  5.4717295666651879E-09
    50   4.7500000      0.0000000000000000E+00  1.2923409299588642E-08  1.8078540269730841E-06  2.9180745276863273E-08  6.0145238000632512E-08  4.9742798112966504E-09
    51   4.8450000      0.0000000000000000E+00  1.2660032719124043E-08  2.0134600148221796E-06  2.7020380768622404E-08  6.6974317820313981E-08  4.8599856871111692E-09
    52   4.9400000      0.0000000000000000E+00  1.1925787137359689E-08  2.2441524060962339E-06  2.6145044519766284E-08  7.3263919371185862E-08  5.0893142858449489E-09
    53   5.0350000      0.0000000000000000E+00  1.1150246337906519E-08  2.4958813562186190E-06  2.6571717722220429E-08  7.8647421311286138E-08  5.3929048997078350E-09
    54   5.1300000      0.0000000000000000E+00  1.0562036334535858E-08  2.7646938325772306E-06  2.8237024030216528E-08  8.2883376559094343E-08  5.6510991970851187E-09
    55   5.2250000      0.0000000000000000E+00  9.9878948619782240E-09  3.0493406198624843E-06  3.1002473836824153E-08  8.6250103039331589E-08  6.0375130190143646E-09
    56   5.3200000      0.0000000000000000E+00  9.2722422462093329E-09  3.3522590298251261E-06  3.4664251852903841E-08  8.9167658669655419E-08  6.5453330059153980E-09
    57   5.4150000      0.0000000000000000E+00  8.5277836252793716E-09  3.6781664067320924E-06  3.8966810472976494E-08  9.2009051819926821E-08  6.8381600015802213E-09
    58   5.5100000      0.0000000000000000E+00  7.8548895395887642E-09  4.0321787866842815E-06  4.3619411548820490E-08  9.5300168145219921E-08  6.7588019975402900E-09
    59   5.6050000      0.0000000000000000E+00  7.2938565125734708E-09  4.4194211988440798E-06  4.8314589435453395E-08  9.9687152852925100E-08  6.4129833873717940E-09
    60   5.7000000      0.0000000000000000E+00  6.9462794294894524E-09  4.8453395362559770E-06  5.2747396157778378E-08  1.0573343941868904E-07  5.9233787632941278E-09
    61   5.7950000      0.0000000000000000E+00  6.8049203892406838E-09  5.3152865491460928E-06  5.6634214967996450E-08  1.1377250844096010E-07  5.5227529132041765E-09
    62   5.8900000      0.0000000000000000E+00  6.6995517908313504E-09  5.8339105957602228E-06  5.9729967317175357E-08  1.2376982380778236E-07  5.5418313369196417E-09
    63   5.9850000      0.0000000000000000E+00  6.6167300615683357E-09  6.4055847960417143E-06  6.1842712189805440E-08  1.3563872479921917E-07  6.0592918217111909E-09
    64   6.0800000      0.0000000000000000E+00  7.0078597029241163E-09  7.0359729163388645E-06  6.2844744789983256E-08  1.4954425101097770E-07  6.5171915359254478E-09
    65   6.1750000      0.0000000000000000E+00  8.2108735004594948E-09  7.7325375085010041E-06  6.2679593811937787E-08  1.6589704531236968E-07  6.3924501998140587E-09
    66   6.2700000      0.0000000000000000E+00  9.8788029333104329E-09  8.5027179657129432E-06  6.1364510558827859E-08  1.8518255507146104E-07  5.8831283630466492E-09
    67   6.3650000      0.0000000000000000E+00  1.1406537852632899E-08  9.3522625600967667E-06  5.8988356666777262E-08  2.0755707032381005E-07  5.4214540445016818E-09
    68   6.4600000      0.0000000000000000E+00  1.2514036765242827E-08  1.0286534907554517E-05  5.5705158324396472E-08  2.3319698419643971E-07  5.1920238222415090E-09
    69   6.5550000      0.0000000000000000E+00  1.3754765896708435E-08  1.1315085616937579E-05  5.1723706911013296E-08  2.6210105321724178E-07  4.5442988615662408E-09
    70   6.6500000      0.0000000000000000E+00  1.5500128015617823E-08  1.2453993247380011E-05  4.7293895745081484E-08  2.9436789809818092E-07  3.0520618040720220E-09
    71   6.7450000      0.0000000000000000E+00  1.6578376472792842E-08  1.3722851423264018E-05  4.2690755318882990E-08  3.3107145602245680E-07  2.1950626398715503E-09
    72   6.8400000      0.0000000000000000E+00  1.6101147428693427E-08  1.5140744009194550E-05  3.8197112820395697E-08  3.7238338299249936E-07  2.9795366542253680E-09
    73   6.9350000      0.0000000000000000E+00  1.4536802441889270E-08  1.6722674340535038E-05  3.4086028280845170E-08  4.1711831248658807E-07  4.7147687593359676E-09
    74   7.0300000      0.0000000000000000E+00  1.2618953835863189E-08  1.8478313915379132E-05  3.0604104381915642E-08  4.6388658092701026E-07  6.4592629399472976E-09
    75   7.1250000      0.0000000000000000E+00  1.0797552670712820E-08  2.0413781342845089E-05  2.7956614732853164E-08  5.1150726697201805E-07  7.6039044427754938E-09
    76   7.2200000      0.0000000000000000E+00  9.0276801078109545E-09  2.2534288895184533E-05  2.6295461373972305E-08  5.5998589185618111E-07  8.2381677653870206E-09
    77   7.3150000      0.0000000000000000E+00  7.3096014301374348E-09  2.4848567974304714E-05  2.5710566721270910E-08  6.1043644830643152E-07  8.4974800295713966E-09
    78   7.4100000      0.0000000000000000E+00  6.0634766341227686E-09  2.7374033148536561E-05  2.6225234365419132E-08  6.6478978811802100E-07  8.0643397416477309E-09
    79   7.5050000      0.0000000000000000E+00  5.5721594376908839E-09  3.0140196615990476E-05  2.7795692532602622E-08  7.2516293006770774E-07  6.8592451943201478E-09
    80   7.6000000      0.0000000000000000E+00  5.7292057926887530E-09  3.3187551023630071E-05  3.0314797622807645E-08  7.9292200948334132E-07  5.2985239293812159E-09
    81   7.6950000      0.0000000000000000E+00  6.2636497157489563E-09  3.6561520615509766E-05  3.3619619096770411E-08  8.6871208224183737E-07  3.9653717045054845E-09
    82   7.7900000      0.0000000000000000E+00  6.9326612703507932E-09  4.0306199736744522E-05  3.7502336132190114E-08  9.5248089743221914E-07  3.2484424142017439E-09
    83   7.8850000      0.0000000000000000E+00  7.4459381461558802E-09  4.4461610583712002E-05  4.1723738535569496E-08  1.0441584460673642E-06  3.3580464182958948E-09
    84   7.9800000      0.0000000000000000E+00  7.5671584506085312E-09  4.9065505759527620E-05  4.6028520756645063E-08  1.1436908436073305E-06  4.2906414946207866E-09
    85   8.0750000      0.0000000000000000E+00  7.4694766064611428E-09  5.4156138961382231E-05  5.0161326544633781E-08  1.2505620103892239E-06  5.5559730151750774E-09
    86   8.1700000      0.0000000000000000E+00  7.5216266154587710E-09  5.9772156245149573E-05  5.3882529828148419E-08  1.3645200218409020E-06  6.5736362390964068E-09
    87   8.2650000      0.0000000000000000E+00  7.8428938504051311E-09  6.5951744308293824E-05  5.6982790868602245E-08  1.4864997868103447E-06  7.2102563834732072E-09
    88   8.3600000      0.0000000000000000E+00  8.3883457584358763E-09  7.2734878079655534E-05  5.9295564300659675E-08  1.6188286722270240E-06  7.5627986433340947E-09
    89   8.4550000      0.0000000000000000E+00  9.1816137085484054E-09  8.0168768364425439E-05  6.0706711554397026E-08  1.7652277713819590E-06  7.6079909816728240E-09
    90   8.5500000      0.0000000000000000E+00  1.0301416454353531E-08  8.8313869814638304E-05  6.1160679109392784E-08  1.9308563581819138E-06  7.2214935113676660E-09
    91   8.6450000      0.0000000000000000E+00  1.1726168682732503E-08  9.7248938319013202E-05  6.0662938625321192E-08  2.1214351957450193E-06  6.3731734704710692E-09
    92   8.7400000      0.0000000000000000E+00  1.3121628096826067E-08  1.0707423151648606E-04  5.9278579733355388E-08  2.3421894362207398E-06  5.3852986149885499E-09
    93   8.8350000      0.0000000000000000E+00  1.3999229981206831E-08  1.1791179742571907E-04  5.7127245374029766E-08  2.5975332582065793E-06  4.7300950643228587E-09
    94   8.9300000      0.0000000000000000E+00  1.4133994654042577E-08  1.2990204137904268E-04  5.4374812270994455E-08  2.8909302930390929E-06  4.5116636086862356E-09
    95   9.0250000      0.0000000000000000E+00  1.3597851230392015E-08  1.4319715793785932E-04  5.1222228377931503E-08  3.2243799628423526E-06  4.5588467049170399E-09
    96   9.1200000      0.0000000000000000E+00  1.2757906976002578E-08  1.5795424684928724E-04  4.7892337712607662E-08  3.5985602356868069E-06  4.4731199537016340E-09
    97   9.2150000      0.0000000000000000E+00  1.1833599372134921E-08  1.7433286629929342E-04  4.4615524459647936E-08  4.0132945605825900E-06  4.1730466912305913E-09
    98   9.3100000      0.0000000000000000E+00  1.0690164152097787E-08  1.9249850613913008E-04  4.1615081828244117E-08  4.4672095211702785E-06  4.1114798213560013E-09
    99   9.4050000      0.0000000000000000E+00  9.4692597509019887E-09  2.1262656015455712E-04  3.9093348811337136E-08  4.9585349587697217E-06  4.3633443271132422E-09
   100   9.5000000      0.0000000000000000E+00  8.5544672808319787E-09  2.3490257521853746E-04  3.7219400882200093E-08  5.4862672034741233E-06  4.6531268479580363E-09
   101   9.5950000      0.0000000000000000E+00  8.1411003483501598E-09  2.5951886809126492E-04  3.6119031547488329E-08  6.0505740242854001E-06  4.8278211686493133E-09
   102   9.6900000      0.0000000000000000E+00  8.0166515446661034E-09  2.8667153088688817E-04  3.5867608457302005E-08  6.6544644142183594E-06  5.1057119648463530E-09
   103   9.7850000      0.0000000000000000E+00  7.7999709597532306E-09  3.1656731935448315E-04  3.6486259980195076E-08  7.3046139455402177E-06  5.8312420520895563E-09
   104   9.8800000      0.0000000000000000E+00  7.4758593860849081E-09  3.4944351052945753E-04  3.7941622502248731E-08  8.0110282242331381E-06  6.8421193361634589E-09
   105   9.9750000      0.0000000000000000E+00  7.2797762317985196E-09  3.8559218502890775E-04  4.0148996800040813E-08  8.7866441161289932E-06  7.6796327632761689E-09
   106   10.070000      0.0000000000000000E+00  7.2852221500482909E-09  4.2537543030919808E-04  4.2978614498176069E-08  9.6463929359741404E-06  8.1465921050579008E-09
   107   10.165000      0.0000000000000000E+00  7.4326065841602802E-09  4.6922299107857412E-04  4.6264848684226011E-08  1.0605675603392147E-05  8.3333139089222183E-09
   108   10.260000      0.0000000000000000E+00  7.9045813481373415E-09  5.1761653266536032E-04  4.9817642485561612E-08  1.1678367420322231E-05  8.1429623030174028E-09
   109   10.355000      0.0000000000000000E+00  9.0120371408107473E-09  5.7107328577505679E-04  5.3435208624055913E-08  1.2876508731536984E-05  7.3182168775035736E-09
   110   10.450000      0.0000000000000000E+00  1.0662381226691387E-08  6.3014210769317760E-04  5.6917237831201153E-08  1.4211265083764913E-05  5.9688134667521689E-09
   111   10.545000      0.0000000000000000E+00  1.2260945897203230E-08  6.9541415277344927E-04  6.0078051120254859E-08  1.5693508302780780E-05  4.6390585300394517E-09
   112   10.640000      0.0000000000000000E+00  1.3132546760582070E-08  7.6753731809971356E-04  6.2758767699699178E-08  1.7334638514913194E-05  3.9465585400014920E-09
   113   10.735000      0.0000000000000000E+00  1.3212309670699136E-08  8.4722400116760566E-04  6.4837724214509538E-08  1.9147041213546869E-05  3.8487441287437973E-09
   114   10.830000      0.0000000000000000E+00  1.2835621922398397E-08  9.3525128526182957E-04  6.6238548689136599E-08  2.1144045238000123E-05  3.9416438241675949E-09
   115   10.925000      0.0000000000000000E+00  1.2131512477700949E-08  1.0324606551534339E-03  6.6935317055715030E-08  2.3340630849901977E-05  4.1950974504038744E-09
   116   11.020000      0.0000000000000000E+00  1.1192224594182995E-08  1.1397651986286964E-03  6.6954567099106399E-08  2.5754426756692540E-05  4.6218484663258326E-09
   117   11.115000      0.0000000000000000E+00  1.0123990364423695E-08  1.2581660558177003E-03  6.6374205784193027E-08  2.8406484445692236E-05  5.2064629828097897E-09
   118   11.210000      0.0000000000000000E+00  9.1536236883067313E-09  1.3887749661836406E-03  6.5319312184910241E-08  3.1321861934936023E-05  5.7140886698731433E-09
   119   11.305000      0.0000000000000000E+00  8.5638133305335954E-09  1.5328379463163816E-03  6.3955184290512778E-08  3.4529353408448462E-05  5.7399637121767120E-09
   120   11.400000      0.0000000000000000E+00  8.3003248462613256E-09  1.6917518308299934E-03  6.2478101465940365E-08  3.8059836778562242E-05  5.2949306132570382E-09
   121   11.495000      0.0000000000000000E+00  8.0863969649098995E-09  1.8670635409916302E-03  6.1104511240083101E-08  4.1945139574835053E-05  4.7465773849165083E-09
   122   11.590000      0.0000000000000000E+00  7.7210329632525665E-09  2.0604525695097800E-03  6.0059216479166457E-08  4.6219015055611034E-05  4.5450142290691019E-09
   123   11.685000      0.0000000000000000E+00  7.3581435004771755E-09  2.2737162812526733E-03  5.9563388040323890E-08  5.0918936250194596E-05  4.8101818177477703E-09
   124   11.780000      0.0000000000000000E+00  7.4040735702013958E-09  2.5087838760870368E-03  5.9823250336408941E-08  5.6088101845033833E-05  5.2721595457153769E-09
   125   11.875000      0.0000000000000000E+00  7.9787310078895131E-09  2.7677680216306108E-03  6.1020693058350802E-08  6.1777163249485302E-05  5.7839960094699031E-09
   126   11.970000      0.0000000000000000E+00  8.7975944192925636E-09  3.0530343968703695E-03  6.3306292942593469E-08  6.8043570600666636E-05  6.4695038801155294E-09
   127   12.065000      0.0000000000000000E+00  9.6510688200467506E-09  3.3672505723644818E-03  6.6795005877656671E-08  7.4948471957624147E-05  7.2408529455864103E-09
   128   12.160000      0.0000000000000000E+00  1.0509354412562255E-08  3.7133869525006720E-03  7.1564210930793784E-08  8.2553498823362547E-05  7.8149637187369437E-09
   129   12.255000      0.0000000000000000E+00  1.1309928968855491E-08  4.0946769728550381E-03  7.7654461801755787E-08  9.0919401600736825E-05  8.0456138341330147E-09
   130   12.350000      0.0000000000000000E+00  1.2017766077735374E-08  4.5145734293912622E-03  8.5073474168946686E-08  1.0010747630762353E-04  7.8479720452392070E-09
   131   12.445000      0.0000000000000000E+00  1.2676079022269572E-08  4.9767426870069671E-03  9.3803349169145417E-08  1.1018298020007037E-04  7.1466823804652587E-09
   132   12.540000      0.0000000000000000E+00  1.3207236682555161E-08  5.4851168177923884E-03  1.0380952477489640E-07  1.2121795660107468E-04  6.1300735509623630E-09
   133   12.635000      0.0000000000000000E+00  1.3295180919858802E-08  6.0439855121749700E-03  1.1505216991414908E-07  1.3329139678550051E-04  5.4031332459291075E-09
   134   12.730000      0.0000000000000000E+00  1.2857351972333295E-08  6.6580756263898803E-03  1.2750098706643036E-07  1.4648689206226296E-04  5.3328846547578148E-09
   135   12.825000      0.0000000000000000E+00  1.2329555876432553E-08  7.3325622927818308E-03  1.4115201176626958E-07  1.6088972808233899E-04  5.4887769492082446E-09
   136   12.920000      0.0000000000000000E+00  1.2001365047682133E-08  8.0729939698613220E-03  1.5604131876383774E-07  1.7658706051836871E-04  5.3460811012817285E-09
   137   13.015000      0.0000000000000000E+00  1.1571994196235451E-08  8.8851793913819772E-03  1.7225617539043219E-07  1.9367243387334620E-04  4.8106164467487403E-09
   138   13.110000      0.0000000000000000E+00  1.0158237545893713E-08  9.7751276727407691E-03  1.8994375519559053E-07  2.1225394196595652E-04  4.5568139462871048E-09
   139   13.205000      0.0000000000000000E+00  7.5021849059484172E-09  1.0749118491902354E-02  2.0931798571615944E-07  2.3246107967892288E-04  5.0106667203625412E-09
   140   13.300000      0.0000000000000000E+00  5.0636767617413021E-09  1.1813898607023062E-02  2.3065890371306068E-07  2.5444424305803360E-04  4.9740453079909220E-09
   141   13.395000      0.0000000000000000E+00  3.9618697189083372E-09  1.2976902533473162E-02  2.5431651237966406E-07  2.7836726495757201E-04  3.9245475897082504E-09
   142   13.490000      0.0000000000000000E+00  3.7933889008510038E-09  1.4246359596405767E-02  2.8071729676364226E-07  3.0439070784679884E-04  3.0323675191874390E-09
   143   13.585000      0.0000000000000000E+00  3.9996576354467889E-09  1.5631200793066607E-02  3.1036424827785257E-07  3.3265168121446764E-04  3.1408784362697588E-09
   144   13.680000      0.0000000000000000E+00  4.3837404074240623E-09  1.7140792726330161E-02  3.4382552116720481E-07  3.6325076765602958E-04  4.3135834049679013E-09
   145   13.775000      0.0000000000000000E+00  5.2123035247840084E-09  1.8784630683538427E-02  3.8172457100879598E-07  3.9625152130532304E-04  5.7963338704487153E-09
   146   13.870000      0.0000000000000000E+00  6.6593786424923832E-09  2.0572129758695979E-02  4.2471424326099079E-07  4.3169163290369825E-04  6.9055445862022166E-09
   147   13.965000      0.0000000000000000E+00  8.4357761185735962E-09  2.2512574152722592E-02  4.7350329207073432E-07  4.6959996377253304E-04  7.6356806194252519E-09
   148   14.060000      0.0000000000000000E+00  1.0342942655380298E-08  2.4615179905447281E-02  5.2885763160353604E-07  5.1001053071285417E-04  7.9835293494489342E-09
   149   14.155000      0.0000000000000000E+00  1.2426071842757133E-08  2.6889171530052103E-02  5.9156961976243891E-07  5.5296847448971145E-04  7.7309521474182687E-09
   150   14.250000      0.0000000000000000E+00  1.4626300357677343E-08  2.9343791274831710E-02  6.6240946372022610E-07  5.9852690861673648E-04  6.8237036317889408E-09
   151   14.345000      0.0000000000000000E+00  1.6650880306354522E-08  3.1988224706388284E-02  7.4212602108218613E-07  6.4674138995247888E-04  5.5389629160165135E-09
   152   14.440000      0.0000000000000000E+00  1.8176554762291015E-08  3.4831486702435625E-02  8.3143411577380756E-07  6.9766343314880031E-04  4.2932668739412967E-09
   153   14.535000      0.0000000000000000E+00  1.8975639061365130E-08  3.7882310605739981E-02  9.3097162048763764E-07  7.5133802753529267E-04  3.4457024803747166E-09
   154   14.630000      0.0000000000000000E+00  1.8743210678089515E-08  4.1149043018109843E-02  1.0413873772888032E-06  8.0780113514864718E-04  3.4397139511544334E-09
   155   14.725000      0.0000000000000000E+00  1.7346592372452125E-08  4.4639510348003369E-02  1.1633485071926200E-06  8.6707747834567053E-04  4.4024396170026361E-09
   156   14.820000      0.0000000000000000E+00  1.5104771984554055E-08  4.8360825072781638E-02  1.2975271920606844E-06  9.2918086419816956E-04  5.8190824821674605E-09
   157   14.915000      0.0000000000000000E+00  1.2498587758574463E-08  5.2319157825204646E-02  1.4444894019584365E-06  9.9412191008272960E-04  7.0113590945815569E-09
   158   15.010000      0.0000000000000000E+00  9.8438966474516845E-09  5.6519563136831853E-02  1.6046630201779514E-06  1.0619199399739140E-03  7.6610545948876788E-09
   159   15.105000      0.0000000000000000E+00  7.3356163508822341E-09  6.0965951884292539E-02  1.7785707215653430E-06  1.1326128158318329E-03  7.7777823579461248E-09
   160   15.200000      0.0000000000000000E+00  5.1815534763236214E-09  6.5661252257072020E-02  1.9667873768712436E-06  1.2062615496057374E-03  7.4806279106471411E-09
   161   15.295000      0.0000000000000000E+00  3.7088317492090251E-09  7.0607714570311106E-02  2.1698985436872017E-06  1.2829468799061994E-03  6.7430592840258216E-09
   162   15.390000      0.0000000000000000E+00  3.1586051186599297E-09  7.5807246707399370E-02  2.3886023311795417E-06  1.3627572040352484E-03  5.5543318873504724E-09
   163   15.485000      0.0000000000000000E+00  3.3871694155276866E-09  8.1261637243911056E-02  2.6234865594319589E-06  1.4457713277946111E-03  4.2848943678272256E-09
   164   15.580000      0.0000000000000000E+00  4.0554361575868872E-09  8.6972577224888548E-02  2.8748980606488183E-06  1.5320546552575432E-03  3.4341639524234916E-09
   165   15.675000      0.0000000000000000E+00  4.8421300135006246E-09  9.2941565544961954E-02  3.1428213240542513E-06  1.6216647846461806E-03  3.3955198672068252E-09
   166   15.770000      0.0000000000000000E+00  5.7419043675071399E-09  9.9169869853393572E-02  3.4267354470633649E-06  1.7146679579067446E-03  4.0751682252419069E-09
   167   15.865000      0.0000000000000000E+00  7.0418472996929932E-09  1.0565866689644371E-01  3.7248816524871266E-06  1.8111528979252091E-03  4.8225130637733851E-09
   168   15.960000      0.0000000000000000E+00  8.5467001929703436E-09  1.1240941844868964E-01  4.0339399782905615E-06  1.9112192366050906E-03  5.4586910753914291E-09
   169   16.055000      0.0000000000000000E+00  9.7147457636124701E-09  1.1942431491693908E-01  4.3492723640487689E-06  2.0149414569598525E-03  6.2050977639661469E-09
   170   16.150000      0.0000000000000000E+00  1.0300426061957603E-08  1.2670653005352014E-01  4.6650825218326470E-06  2.1223328157314136E-03  7.0938356149184491E-09
   171   16.245000      0.0000000000000000E+00  1.0572213520940642E-08  1.3426021004756658E-01  4.9755035767787175E-06  2.2333175312898171E-03  7.8106629828032903E-09
   172   16.340000      0.0000000000000000E+00  1.0990119397596132E-08  1.4209023081766220E-01  5.2731909813461451E-06  2.3477152678925482E-03  7.9833833970087619E-09
   173   16.435000      0.0000000000000000E+00  1.1604726535786908E-08  1.5020172277599864E-01  5.5499082495901988E-06  2.4652110298972749E-03  7.7763441324215262E-09
   174   16.530000      0.0000000000000000E+00  1.2205149989273410E-08  1.5859916607801228E-01  5.7962392762964254E-06  2.5852930324233602E-03  7.5773179117390042E-09
   175   16.625000      0.0000000000000000E+00  1.2777289671693299E-08  1.6728499329594509E-01  6.0029809098371507E-06  2.7071768499093186E-03  7.4060570444724055E-09
   176   16.720000      0.0000000000000000E+00  1.3397123093110901E-08  1.7625770204495617E-01  6.1625878127439240E-06  2.8297300260100803E-03  7.0302917109766349E-09
   177   16.815000      0.0000000000000000E+00  1.3812113132646158E-08  1.8550945601961483E-01  6.2681684507705705E-06  2.9514642330724741E-03  6.4996222344455103E-09
   178   16.910000      0.0000000000000000E+00  1.3588158542924726E-08  1.9502347778842261E-01  6.3137390370078794E-06  3.0705809795128535E-03  6.1222658060273430E-09
   179   17.005000      0.0000000000000000E+00  1.2730083654415525E-08  2.0477168334800747E-01  6.2946463620679533E-06  3.1851349743185252E-03  5.8976880820229358E-09
   180   17.100000      0.0000000000000000E+00  1.1748127396696758E-08  2.1471313723228583E-01  6.2056601042629790E-06  3.2932339007141773E-03  5.5181141415265365E-09
   181   17.195000      0.0000000000000000E+00  1.1164933330516138E-08  2.2479394939584615E-01  6.0478604598473641E-06  3.3932917633010592E-03  4.7649572429131520E-09
   182   17.290000      0.0000000000000000E+00  1.0926987618242986E-08  2.3494908764236763E-01  5.8360478032115308E-06  3.4842369008639892E-03  4.0135328847298972E-09
   183   17.385000      0.0000000000000000E+00  1.0692559671394416E-08  2.4510604808270520E-01  5.6022424097857809E-06  3.5655609415781234E-03  3.7944851613297041E-09
   184   17.480000      0.0000000000000000E+00  1.0429891025592043E-08  2.5518963454241100E-01  5.3887803075569384E-06  3.6371732126971330E-03  4.0430516874399326E-09
   185   17.575000      0.0000000000000000E+00  1.0124047029592873E-08  2.6512661984176816E-01  5.2483951710010342E-06  3.6990574247370541E-03  4.5667032034753383E-09
   186   17.670000      0.0000000000000000E+00  9.6783568180791824E-09  2.7484927483215121E-01  5.2327226536585654E-06  3.7510200804649983E-03  5.2191063977001958E-09
   187   17.765000      0.0000000000000000E+00  8.9786675983406149E-09  2.8429787553197955E-01  5.3699525579768196E-06  3.7925179795652180E-03  5.9675761818632484E-09
   188   17.860000      0.0000000000000000E+00  8.0026306345224973E-09  2.9342249385911084E-01  5.6485898298890804E-06  3.8224009692479802E-03  6.8998373363495438E-09
   189   17.955000      0.0000000000000000E+00  7.1643014317187135E-09  3.0218327534284417E-01  6.0201747083767600E-06  3.8385969005374876E-03  7.7172954630500476E-09
   190   18.050000      0.0000000000000000E+00  7.0289789367923934E-09  3.1054802317041685E-01  6.4087493050292300E-06  3.8382874506963345E-03  7.9717499924591418E-09
   191   18.145000      0.0000000000000000E+00  7.8600067114704898E-09  3.1848797261336320E-01  6.7260409788567372E-06  3.8186232759819905E-03  7.4405357522485883E-09
   192   18.240000      0.0000000000000000E+00  9.3321111364946853E-09  3.2597403321695151E-01  6.8982020844956852E-06  3.7774110631200956E-03  6.3772995432442068E-09
   193   18.335000      0.0000000000000000E+00  1.0674635950343166E-08  3.3297364384541889E-01  6.8968013136900758E-06  3.7137359057122492E-03  5.3792307233913199E-09
   194   18.430000      0.0000000000000000E+00  1.1334658736357381E-08  3.3944731176865661E-01  6.7550836890831959E-06  3.6287355622953849E-03  4.7718309383544049E-09
   195   18.525000      0.0000000000000000E+00  1.1283866232469234E-08  3.4534578987141784E-01  6.5513008088616864E-06  3.5262758050192025E-03  4.4719390444013172E-09
   196   18.620000      0.0000000000000000E+00  1.0672816048254033E-08  3.5060971065455410E-01  6.3790052867024734E-06  3.4129955705957055E-03  4.4879034901203906E-09
   197   18.715000      0.0000000000000000E+00  9.6956951235040509E-09  3.5517213041159068E-01  6.3380508167233727E-06  3.2977749734754190E-03  4.9197510918817207E-09
   198   18.810000      0.0000000000000000E+00  8.7106607097240776E-09  3.5896288666917464E-01  6.5169688245311422E-06  3.1908740519155975E-03  5.6212171446382393E-09
   199   18.905000      0.0000000000000000E+00  8.0688812561241478E-09  3.6191402170972781E-01  6.9631075755471235E-06  3.1031948386011183E-03  6.3413471196653821E-09
   200   19.000000      0.0000000000000000E+00  7.9108887748068891E-09  3.6397068566059509E-01  7.6812167467422666E-06  3.0440193107872972E-03  6.9146200341173876E-09
   201   19.095000      0.0000000000000000E+00  8.2139835356775452E-09  3.6510949046325791E-01  8.6597662732673622E-06  3.0165056903455126E-03  7.1632036147232795E-09
   202   19.190000      0.0000000000000000E+00  8.9395170734275070E-09  3.6535318622313401E-01  9.8835616604580076E-06  3.0148780903847330E-03  6.8289696844770862E-09
   203   19.285000      0.0000000000000000E+00  9.8913419830575896E-09  3.6476932237921561E-01  1.1320491464527056E-05  3.0266336416634415E-03  5.9746742602922147E-09
   204   19.380000      0.0000000000000000E+00  1.0579184482644183E-08  3.6345781379686315E-01  1.2902073894878751E-05  3.0385039725344780E-03  5.2551115406690509E-09
   205   19.475000      0.0000000000000000E+00  1.0660600980978281E-08  3.6153795507037634E-01  1.4524695501966862E-05  3.0408022354951394E-03  5.1764836475438541E-09
   206   19.570000      0.0000000000000000E+00  1.0241471267589294E-08  3.5913373669156801E-01  1.6064109930920768E-05  3.0318147269548430E-03  5.6672025715599287E-09
   207   19.665000      0.0000000000000000E+00  1.0011980635449031E-08  3.5636281507664247E-01  1.7398227107238938E-05  3.0207785034807267E-03  5.9838709740591737E-09
   208   19.760000      0.0000000000000000E+00  1.0451220236108207E-08  3.5333572291778159E-01  1.8397653728211999E-05  3.0254167218924711E-03  5.6759777486187343E-09
   209   19.855000      0.0000000000000000E+00  1.0866761969021832E-08  3.5015922284427625E-01  1.8994124247760251E-05  3.0658897056881395E-03  5.7555486878501996E-09
   210   19.950000      0.0000000000000000E+00  1.0973219709537147E-08  3.4693515755213389E-01  1.9209260483783549E-05  3.1592065748796056E-03  6.5875402850476680E-09
   211   20.045000      0.0000000000000000E+00  1.1620202123484888E-08  3.4375009706533149E-01  1.9138265182507638E-05  3.3158031825266708E-03  7.0020129308724463E-09
   212   20.140000      0.0000000000000000E+00  1.3136785715877988E-08  3.4065844556047931E-01  1.8916932158999817E-05  3.5392226013861022E-03  6.5149311131345945E-09
   213   20.235000      0.0000000000000000E+00  1.5044325610644729E-08  3.3767004409851276E-01  1.8693247813538958E-05  3.8284942857760187E-03  5.5160215814583915E-09
   214   20.330000      0.0000000000000000E+00  1.6409784458601197E-08  3.3475115023880891E-01  1.8575841073009610E-05  4.1795508885151119E-03  4.9046837558345292E-09
   215   20.425000      0.0000000000000000E+00  1.6632331145710915E-08  3.3183510294034035E-01  1.8583606518363837E-05  4.5843459291496930E-03  5.1723499442469082E-09
   216   20.520000      0.0000000000000000E+00  1.5950155808704889E-08  3.2883552272033706E-01  1.8673165134632601E-05  5.0302463245191584E-03  5.8848242961653401E-09
   217   20.615000      0.0000000000000000E+00  1.4822882176351601E-08  3.2566101408746573E-01  1.8780010414200975E-05  5.5007062252669051E-03  6.6245293348883560E-09
   218   20.710000      0.0000000000000000E+00  1.3619181068485018E-08  3.2223241591103752E-01  1.8863942076144815E-05  5.9744659030273621E-03  7.2801689087610559E-09
   219   20.805000      0.0000000000000000E+00  1.2698853017652555E-08  3.1849549038389879E-01  1.8910715654307740E-05  6.4240389650088827E-03  7.6885380545626499E-09
   220   20.900000      0.0000000000000000E+00  1.2304364046190782E-08  3.1442511260255035E-01  1.8946716684007711E-05  6.8171378869831267E-03  7.6023526028161189E-09
   221   20.995000      0.0000000000000000E+00  1.2377469920082188E-08  3.1002713212026772E-01  1.9034405433960097E-05  7.1203667880739814E-03  6.9427277721227674E-09
   222   21.090000      0.0000000000000000E+00  1.2594327075025833E-08  3.0534131025286609E-01  1.9239560278469940E-05  7.3027949058832699E-03  5.9550820177299116E-09
   223   21.185000      0.0000000000000000E+00  1.2709374059085921E-08  3.0044181627105115E-01  1.9620625768559900E-05  7.3397529992874815E-03  4.8913913652428058E-09
   224   21.280000      0.0000000000000000E+00  1.2525544941610791E-08  2.9543051657132796E-01  2.0180879328208229E-05  7.2171541368937931E-03  4.0845203923918326E-09
   225   21.375000      0.0000000000000000E+00  1.1823686358530812E-08  2.9042768387253631E-01  2.0868045880803118E-05  6.9347576560707244E-03  3.9864377672134166E-09
   226   21.470000      0.0000000000000000E+00  1.0641310740247570E-08  2.8556677653847545E-01  2.1575433251127089E-05  6.5067057921080768E-03  4.7272333525640687E-09
   227   21.565000      0.0000000000000000E+00  9.3487342191383599E-09  2.8098877099737946E-01  2.2147854649136323E-05  5.9606441128013977E-03  5.9461974306743114E-09
   228   21.660000      0.0000000000000000E+00  8.3794785058882062E-09  2.7682687853434806E-01  2.2426398998973687E-05  5.3358659543847105E-03  7.0916575317287763E-09
   229   21.755000      0.0000000000000000E+00  7.9849861545139128E-09  2.7318435324841500E-01  2.2298663554834972E-05  4.6811297810720196E-03  7.7395101032202517E-09
   230   21.850000      0.0000000000000000E+00  8.1414374920425477E-09  2.7011930919920840E-01  2.1759603027299105E-05  4.0504360079388329E-03  7.8074760919296963E-09
   231   21.945000      0.0000000000000000E+00  8.7481633363341226E-09  2.6764502188856332E-01  2.0933628889809489E-05  3.4975475792829976E-03  7.4274272047573852E-09
   232   22.040000      0.0000000000000000E+00  9.8533795562091353E-09  2.6574352269648349E-01  2.0051849487436261E-05  3.0704263633250326E-03  6.6700071838978790E-09
   233   22.135000      0.0000000000000000E+00  1.1454265287236634E-08  2.6438011358643354E-01  1.9369012561051046E-05  2.8063761287576948E-03  5.6811682761357819E-09
   234   22.230000      0.0000000000000000E+00  1.3342210835773870E-08  2.6350971109088900E-01  1.9094737262555477E-05  2.7306033965035391E-03  4.6852467582880870E-09
   235   22.325000      0.0000000000000000E+00  1.5008420450662182E-08  2.6308236016278619E-01  1.9321620231797223E-05  2.8547864952802263E-03  4.0429938251317338E-09
   236   22.420000      0.0000000000000000E+00  1.5793547371158492E-08  2.6305070452182705E-01  2.0031818750415744E-05  3.1759626404150262E-03  4.2833517439991635E-09
   237   22.515000      0.0000000000000000E+00  1.5675503491196161E-08  2.6337522371459249E-01  2.1149316538639000E-05  3.6772314916635818E-03  5.2423015071174773E-09
   238   22.610000      0.0000000000000000E+00  1.5103799208216441E-08  2.6402791436276896E-01  2.2570373568128623E-05  4.3288289555469895E-03  6.2989387305527152E-09
   239   22.705000      0.0000000000000000E+00  1.4319713390519673E-08  2.6499253991337901E-01  2.4211694124958347E-05  5.0909547019736988E-03  7.1092172260067734E-09
   240   22.800000      0.0000000000000000E+00  1.3238296657459432E-08  2.6625866908115203E-01  2.6007241703231238E-05  5.9183998450242125E-03  7.6975156383916723E-09
   241   22.895000      0.0000000000000000E+00  1.1767664772775898E-08  2.6781232741985522E-01  2.7889182030702737E-05  6.7669391238349046E-03  8.2138058997074388E-09
   242   22.990000      0.0000000000000000E+00  1.0298856920356836E-08  2.6962982864617413E-01  2.9804914747898347E-05  7.5977418839605071E-03  8.4142899585355352E-09
   243   23.085000      0.0000000000000000E+00  9.3861942595047407E-09  2.7167451164872319E-01  3.1692692821534918E-05  8.3795185319728797E-03  8.0105939908957385E-09
   244   23.180000      0.0000000000000000E+00  9.1431690502520648E-09  2.7389768307094692E-01  3.3472456835708789E-05  9.0903403171127394E-03  7.1940779906468048E-09
   245   23.275000      0.0000000000000000E+00  9.2990160259858421E-09  2.7624974866500324E-01  3.5059755264063934E-05  9.7150996036854623E-03  6.3659601581929438E-09
   246   23.370000      0.0000000000000000E+00  9.6571949152709148E-09  2.7869605186913105E-01  3.6358973780767982E-05  1.0242901329173390E-02  5.6138456297400053E-09
   247   23.465000      0.0000000000000000E+00  1.0203819554201412E-08  2.8122923395564919E-01  3.7240638661069975E-05  1.0665998731502847E-02  4.7521345123237131E-09
   248   23.560000      0.0000000000000000E+00  1.0749749520721428E-08  2.8387091352062965E-01  3.7603000727702165E-05  1.0978603895321263E-02  3.9313664891292800E-09
   249   23.655000      0.0000000000000000E+00  1.0971476820790712E-08  2.8665606051216258E-01  3.7387596332788230E-05  1.1177766995543480E-02  3.5538373901112839E-09
   250   23.750000      0.0000000000000000E+00  1.0747134660363399E-08  2.8960802373870814E-01  3.6576951520108409E-05  1.1265555268981981E-02  3.8148371132373001E-09
   251   23.845000      0.0000000000000000E+00  1.0419156012179395E-08  2.9272086535116815E-01  3.5266402857717506E-05  1.1250534199547977E-02  4.3437220286001996E-09
   252   23.940000      0.0000000000000000E+00  1.0395378661628995E-08  2.9595519155002442E-01  3.3664299518096551E-05  1.1147272013459948E-02  4.6644084275919179E-09
   253   24.035000      0.0000000000000000E+00  1.0540921561988086E-08  2.9924422903238196E-01  3.1992375226535899E-05  1.0974273295054860E-02  4.9810343438231556E-09
   254   24.130000      0.0000000000000000E+00  1.0596519191882640E-08  3.0250916350247764E-01  3.0456695358955211E-05  1.0751146744232769E-02  5.6151984652109570E-09
   255   24.225000      0.0000000000000000E+00  1.0523123195352536E-08  3.0568120226921702E-01  2.9207532446027162E-05  1.0494044885635904E-02  6.5923868231508560E-09
   256   24.320000      0.0000000000000000E+00  1.0482188068212577E-08  3.0871782862130104E-01  2.8344464939609702E-05  1.0213129471307224E-02  7.6541458473751917E-09
   257   24.415000      0.0000000000000000E+00  1.0709641580495061E-08  3.1160509623283228E-01  2.7906923761846486E-05  9.9144603349695555E-03  8.3470267555758951E-09
   258   24.510000      0.0000000000000000E+00  1.1079026950764317E-08  3.1435444131086082E-01  2.7837326675935761E-05  9.6045396774660993E-03  8.6069838607968672E-09
   259   24.605000      0.0000000000000000E+00  1.1264789132449456E-08  3.1700358712506516E-01  2.8053163693018850E-05  9.2925866241462714E-03  8.5820253450707209E-09
   260   24.700000      0.0000000000000000E+00  1.1094114096599338E-08  3.1961387310505207E-01  2.8467457182165911E-05  8.9908403628133193E-03  8.3327442103509134E-09
   261   24.795000      0.0000000000000000E+00  1.0694721197296100E-08  3.2225376674595640E-01  2.8956715748865252E-05  8.7145174377816839E-03  7.7640413187564867E-09
   262   24.890000      0.0000000000000000E+00  1.0375808636880657E-08  3.2497999056799065E-01  2.9486371907496670E-05  8.4800312770151095E-03  6.7154426946130439E-09
   263   24.985000      0.0000000000000000E+00  1.0147128836015324E-08  3.2783567408127184E-01  3.0135258079897377E-05  8.2992347468260098E-03  5.4622050807319315E-09
   264   25.080000      0.0000000000000000E+00  9.7513696227238933E-09  3.3086193976389283E-01  3.1000378942734262E-05  8.1739634762907354E-03  4.5957302718948995E-09
   265   25.175000      0.0000000000000000E+00  9.1479831929127147E-09  3.3410907876018464E-01  3.2238180049218175E-05  8.0940581143518400E-03  4.3632793503617249E-09
   266   25.270000      0.0000000000000000E+00  8.4760941866914857E-09  3.3764063662987126E-01  3.4018740749674102E-05  8.0386759317840062E-03  4.6633597933749143E-09
   267   25.365000      0.0000000000000000E+00  7.7654419595104659E-09  3.4152897423333139E-01  3.6472873532959345E-05  7.9807386722803627E-03  5.4111526841214462E-09
   268   25.460000      0.0000000000000000E+00  7.0873271638461929E-09  3.4584575049663863E-01  3.9748668503737989E-05  7.8931748553037161E-03  6.4139422177003567E-09
   269   25.555000      0.0000000000000000E+00  6.6412134134945028E-09  3.5065451134730352E-01  4.3924157002123469E-05  7.7548190613731917E-03  7.3348607005523220E-09
   270   25.650000      0.0000000000000000E+00  6.5419341143756054E-09  3.5600882130130151E-01  4.8845708046965125E-05  7.5539382537042239E-03  7.9812335797505943E-09
   271   25.745000      0.0000000000000000E+00  6.7655146130404039E-09  3.6195012569352364E-01  5.4142649403751969E-05  7.2901094656033609E-03  8.3887626756460892E-09
   272   25.840000      0.0000000000000000E+00  7.4571736984926744E-09  3.6849754633868176E-01  5.9342986326814699E-05  6.9743309680574544E-03  8.4047557189806085E-09
   273   25.935000      0.0000000000000000E+00  8.9431307604037026E-09  3.7562295061351286E-01  6.3912029444357482E-05  6.6321783264910285E-03  7.5298437362378943E-09
   274   26.030000      0.0000000000000000E+00  1.1013212186376788E-08  3.8322656145246242E-01  6.7438122945787191E-05  6.3075076047009633E-03  5.8101166970441854E-09
   275   26.125000      0.0000000000000000E+00  1.2843783411037484E-08  3.9113807233384451E-01  6.9808674194721392E-05  6.0553264152496400E-03  4.0648821893906071E-09
   276   26.220000      0.0000000000000000E+00  1.3607565435934182E-08  3.9914193005222770E-01  7.1147100371583510E-05  5.9266446888821345E-03  3.3111230372759176E-09
   277   26.315000      0.0000000000000000E+00  1.3279847795536302E-08  4.0701130026296667E-01  7.1739120880931050E-05  5.9556282853022134E-03  3.7692078771387857E-09
   278   26.410000      0.0000000000000000E+00  1.2881623124175390E-08  4.1454397898803574E-01  7.2093874530941725E-05  6.1501413251305800E-03  4.2094503857346056E-09
   279   26.505000      0.0000000000000000E+00  1.2642769704586470E-08  4.2158943692201722E-01  7.2771626435476773E-05  6.4872351163747458E-03  4.1948079336974378E-09
   280   26.600000      0.0000000000000000E+00  1.1663512357692681E-08  4.2805508884745652E-01  7.4378222573334016E-05  6.9188028802734287E-03  4.7873667087754305E-09
   281   26.695000      0.0000000000000000E+00  9.9441556367642073E-09  4.3389769112470389E-01  7.7412390793615021E-05  7.3833982653575825E-03  6.1111267100049116E-09
   282   26.790000      0.0000000000000000E+00  8.2948258564063243E-09  4.3911548766842956E-01  8.1951895535171832E-05  7.8190969306326154E-03  7.4265427293772127E-09
   283   26.885000      0.0000000000000000E+00  7.3422192575843116E-09  4.4374486779538391E-01  8.7738282552821708E-05  8.1771474508708000E-03  8.0060397117460790E-09
   284   26.980000      0.0000000000000000E+00  6.9600544155161008E-09  4.4785353662769939E-01  9.4174091347584766E-05  8.4336803682068303E-03  7.8132453425014934E-09
   285   27.075000      0.0000000000000000E+00  6.4193451898010288E-09  4.5152881565918990E-01  1.0048025747804474E-04  8.5962880224634622E-03  7.6981619134070550E-09
   286   27.170000      0.0000000000000000E+00  5.5738753940100783E-09  4.5486645419467076E-01  1.0631554295943533E-04  8.6999637008917316E-03  8.0519884902259987E-09
   287   27.265000      0.0000000000000000E+00  4.9301250200531695E-09  4.5795991868279029E-01  1.1175432176004383E-04  8.7951701382665178E-03  8.6013654176526590E-09
   288   27.360000      0.0000000000000000E+00  4.9209504270105909E-09  4.6089192318490096E-01  1.1703442506882328E-04  8.9323864174416668E-03  9.0332889504210490E-09
   289   27.455000      0.0000000000000000E+00  5.5792269595906739E-09  4.6373052506474244E-01  1.2232120131938054E-04  9.1484317430345474E-03  9.2500763962909549E-09
   290   27.550000      0.0000000000000000E+00  6.6974928726269229E-09  4.6653169072518996E-01  1.2704960897955345E-04  9.4572177330981538E-03  9.2220695332024628E-09
   291   27.645000      0.0000000000000000E+00  8.0830361022179246E-09  4.6934784925532819E-01  1.3028896060672876E-04  9.8443761179468764E-03  8.8166895240115005E-09
   292   27.740000      0.0000000000000000E+00  9.5306552309324177E-09  4.7223134503501485E-01  1.3136158775839906E-04  1.0268943412291323E-02  8.0151522887702389E-09
   293   27.835000      0.0000000000000000E+00  1.0908419324141789E-08  4.7522589000670301E-01  1.3043565284272184E-04  1.0670150764068617E-02  6.9017369479917437E-09
   294   27.930000      0.0000000000000000E+00  1.2248620550367953E-08  4.7834568940947442E-01  1.2870655404739916E-04  1.0983889922629220E-02  5.5284632415247748E-09
   295   28.025000      0.0000000000000000E+00  1.3444209860167624E-08  4.8155638220982894E-01  1.2781417577123548E-04  1.1158762046887906E-02  4.2259287340517879E-09
   296   28.120000      0.0000000000000000E+00  1.4183633789190919E-08  4.8476456055141992E-01  1.2870787611239066E-04  1.1168021518049706E-02  3.5326513233755804E-09
   297   28.215000      0.0000000000000000E+00  1.4227565162907620E-08  4.8781627501929070E-01  1.3071557488206101E-04  1.1020126710944824E-02  3.7588094761658267E-09
   298   28.310000      0.0000000000000000E+00  1.3628070902156783E-08  4.9051896530657513E-01  1.3161095964890501E-04  1.0757958111265202E-02  4.7957101860125246E-09
   299   28.405000      0.0000000000000000E+00  1.2807645879088746E-08  4.9268848562819284E-01  1.2923826204285597E-04  1.0444785906801419E-02  6.1171977372820770E-09
   300   28.500000      0.0000000000000000E+00  1.2286052150289948E-08  4.9419675958306830E-01  1.2342610790590678E-04  1.0145621371577249E-02  7.0967992728619390E-09
   301   28.595000      0.0000000000000000E+00  1.2184926274481325E-08  4.9500077598502340E-01  1.1676845319910363E-04  9.9112838909154611E-03  7.5185723954691616E-09
   302   28.690000      0.0000000000000000E+00  1.2252960454444824E-08  4.9514998901552493E-01  1.1329467895873284E-04  9.7688051345749660E-03  7.4717519925953234E-09
   303   28.785000      0.0000000000000000E+00  1.2151021654633093E-08  4.9477071180057913E-01  1.1654939389142399E-04  9.7216810460764337E-03  7.1853997260358468E-09
   304   28.880000      0.0000000000000000E+00  1.1823407730264158E-08  4.9403159970374660E-01  1.2782395483005527E-04  9.7635431803413924E-03  6.7762992336437037E-09
   305   28.975000      0.0000000000000000E+00  1.1547997409109481E-08  4.9311100081233478E-01  1.4559723149447070E-04  9.8928311065104094E-03  6.1033536395063267E-09
   306   29.070000      0.0000000000000000E+00  1.1263127083944456E-08  4.9218167653596229E-01  1.6566728000099080E-04  1.0114885061416262E-02  5.4561456909382309E-09
   307   29.165000      0.0000000000000000E+00  1.0696332685241712E-08  4.9140787155771659E-01  1.8236098654286510E-04  1.0435911465953461E-02  5.2881663335510338E-09
   308   29.260000      0.0000000000000000E+00  9.8717387019059880E-09  4.9094183474464032E-01  1.9071045074208512E-04  1.0847614542797673E-02  5.5842922920581300E-09
   309   29.355000      0.0000000000000000E+00  9.0259599197624165E-09  4.9090088091209588E-01  1.8887293973379374E-04  1.1325996192745495E-02  6.1007107518815678E-09
   310   29.450000      0.0000000000000000E+00  8.5168270246976846E-09  4.9132846965887933E-01  1.7933749115292506E-04  1.1839435149467009E-02  6.4914534560115333E-09
   311   29.545000      0.0000000000000000E+00  8.4829605386779840E-09  4.9215905175466707E-01  1.6771830536718420E-04  1.2364644244563669E-02  6.7110749896831912E-09
   312   29.640000      0.0000000000000000E+00  8.8837949090764207E-09  4.9321525095647445E-01  1.5983717847483389E-04  1.2900493455157354E-02  6.8277273977070330E-09
   313   29.735000      0.0000000000000000E+00  9.7565139703904313E-09  4.9424223029584341E-01  1.5991076943977695E-04  1.3465750703779892E-02  6.7038720942772169E-09
   314   29.830000      0.0000000000000000E+00  1.1044381999669401E-08  4.9495799908046811E-01  1.6976962973954285E-04  1.4094166042256851E-02  6.2969477572123085E-09
   315   29.925000      0.0000000000000000E+00  1.2411268025807797E-08  4.9510718282493138E-01  1.8904777016640160E-04  1.4817216505304102E-02  5.8893222287108344E-09
   316   30.020000      0.0000000000000000E+00  1.3508814054835251E-08  4.9451289028508061E-01  2.1571895883833972E-04  1.5641409504424438E-02  5.7728032699634085E-09
   317   30.115000      0.0000000000000000E+00  1.4367760812008914E-08  4.9312466755693923E-01  2.4606934957707038E-04  1.6527676985135718E-02  5.7686840558631484E-09
   318   30.210000      0.0000000000000000E+00  1.5130673725538356E-08  4.9104900865563206E-01  2.7577935869707479E-04  1.7378450617022888E-02  5.5746502370747244E-09
   319   30.305000      0.0000000000000000E+00  1.5703703623479536E-08  4.8853790134299208E-01  3.0078213231626150E-04  1.8050413050959158E-02  5.2504599262913212E-09
   320   30.400000      0.0000000000000000E+00  1.5821820551170648E-08  4.8592694839900175E-01  3.1825709189855632E-04  1.8393304722081137E-02  5.2196223420536242E-09
   321   30.495000      0.0000000000000000E+00  1.5430079132878458E-08  4.8354513318663517E-01  3.2697298020460848E-04  1.8299103184108368E-02  5.7613967588316893E-09
   322   30.590000      0.0000000000000000E+00  1.4970130607488787E-08  4.8162913804370355E-01  3.2649020307038567E-04  1.7742624882794718E-02  6.4045753877828281E-09
   323   30.685000      0.0000000000000000E+00  1.4768884042199748E-08  4.8026742997280292E-01  3.1712515196480930E-04  1.6794313405326135E-02  6.6554024580929225E-09
   324   30.780000      0.0000000000000000E+00  1.4736515581856696E-08  4.7938356528769543E-01  2.9942343320436653E-04  1.5607324171034992E-02  6.4977652490634356E-09
   325   30.875000      0.0000000000000000E+00  1.4566307669515144E-08  4.7875738763485853E-01  2.7455255395736713E-04  1.4389724304741065E-02  6.2231372588221224E-09
   326   30.970000      0.0000000000000000E+00  1.3858150411663625E-08  4.7807952907477369E-01  2.4460274282171138E-04  1.3367513290897899E-02  6.2619373038225587E-09
   327   31.065000      0.0000000000000000E+00  1.2559176696292042E-08  4.7703064061719086E-01  2.1330680059150674E-04  1.2746774748068691E-02  6.5642667330305791E-09
   328   31.160000      0.0000000000000000E+00  1.0963037892863459E-08  4.7536499218371137E-01  1.8543202557354512E-04  1.2678282812925446E-02  6.7410357013179961E-09
   329   31.255000      0.0000000000000000E+00  9.4115583047837790E-09  4.7296576417932923E-01  1.6495405844497063E-04  1.3236200591530762E-02  6.5706425493198358E-09
   330   31.350000      0.0000000000000000E+00  8.1288177691042393E-09  4.6985482328834610E-01  1.5361543637932437E-04  1.4411646209597395E-02  6.1416907494842193E-09
   331   31.445000      0.0000000000000000E+00  7.1785749820936618E-09  4.6615956907087625E-01  1.5079379224901886E-04  1.6123162726947929E-02  5.7377742729122427E-09
   332   31.540000      0.0000000000000000E+00  6.7204055940809092E-09  4.6205361176731830E-01  1.5427364905991624E-04  1.8241134599097996E-02  5.3030783125736132E-09
   333   31.635000      0.0000000000000000E+00  6.8465428312259547E-09  4.5769792858645303E-01  1.6186588725081933E-04  2.0614212176393778E-02  4.6115570147778062E-09
   334   31.730000      0.0000000000000000E+00  7.2005731848487510E-09  4.5320436773083456E-01  1.7256739760635923E-04  2.3088003338891432E-02  3.8909032154510916E-09
   335   31.825000      0.0000000000000000E+00  7.3323992717700245E-09  4.4863520379423633E-01  1.8611308767222577E-04  2.5515533589496365E-02  3.5892206363451853E-09
   336   31.920000      0.0000000000000000E+00  7.2415026782243462E-09  4.4404339153819938E-01  2.0252578973695810E-04  2.7754469585502498E-02  3.7653224298224323E-09
   337   32.015000      0.0000000000000000E+00  7.1216837646897583E-09  4.3951959304846666E-01  2.2117622375671987E-04  2.9667476545639511E-02  4.3218677898447837E-09
   338   32.110000      0.0000000000000000E+00  7.0576190316272544E-09  4.3520694836849183E-01  2.4132524312659999E-04  3.1138765371699531E-02  5.1968594213081585E-09
   339   32.205000      0.0000000000000000E+00  7.1142108994988628E-09  4.3127782938689008E-01  2.6165530116434229E-04  3.2098386057783146E-02  6.2055888881334290E-09
   340   32.300000      0.0000000000000000E+00  7.4438781115082028E-09  4.2789518622897149E-01  2.8077536975542358E-04  3.2533963731582398E-02  7.0291249028183190E-09
   341   32.395000      0.0000000000000000E+00  8.1461103909364094E-09  4.2517175516013311E-01  2.9776625040245515E-04  3.2486495267975778E-02  7.5206128778216804E-09
   342   32.490000      0.0000000000000000E+00  9.1324111484024229E-09  4.2313828452300595E-01  3.1193472106342998E-04  3.2035060498270887E-02  7.8848634508797193E-09
   343   32.585000      0.0000000000000000E+00  1.0497911048215333E-08  4.2174320293639911E-01  3.2351189887252693E-04  3.1273157007943662E-02  8.0663065551468437E-09
   344   32.680000      0.0000000000000000E+00  1.2555340937652874E-08  4.2088774706718662E-01  3.3307986073163442E-04  3.0286357094064898E-02  7.6191363752735721E-09
   345   32.775000      0.0000000000000000E+00  1.5373795776178046E-08  4.2047731903622804E-01  3.4093948481186742E-04  2.9131327110731454E-02  6.2580919635328180E-09
   346   32.870000      0.0000000000000000E+00  1.8218395256330985E-08  4.2045939213689110E-01  3.4648925743027920E-04  2.7828947279460382E-02  4.4900452733765786E-09
   347   32.965000      0.0000000000000000E+00  1.9536169225767180E-08  4.2084122905485088E-01  3.4884345260461822E-04  2.6361851044670571E-02  3.8959728450152295E-09
   348   33.060000      0.0000000000000000E+00  1.8950921017209106E-08  4.2167649048180378E-01  3.4696559301874112E-04  2.4685113948279366E-02  4.8822969889280385E-09
   349   33.155000      0.0000000000000000E+00  1.7726489570054265E-08  4.2302506661079858E-01  3.4056851423573296E-04  2.2750240778601188E-02  6.1165281216674903E-09
   350   33.250000      0.0000000000000000E+00  1.6574322652645490E-08  4.2491264829201408E-01  3.3045399263781383E-04  2.0536655397752429E-02  7.0975826821546489E-09
   351   33.345000      0.0000000000000000E+00  1.5354632370149791E-08  4.2731364951205264E-01  3.1772618811649574E-04  1.8073150577857355E-02  8.1197592653219238E-09
   352   33.440000      0.0000000000000000E+00  1.3791147799034834E-08  4.3015246990665779E-01  3.0373937390335693E-04  1.5443054402748044E-02  9.3711365596897936E-09
   353   33.535000      0.0000000000000000E+00  1.1968097687375362E-08  4.3330498346418622E-01  2.8941207771034897E-04  1.2776156866426950E-02  1.0626768761550619E-08
   354   33.630000      0.0000000000000000E+00  1.0644054200790409E-08  4.3660209200830935E-01  2.7549445052006720E-04  1.0227139380401196E-02  1.0933731713855941E-08
   355   33.725000      0.0000000000000000E+00  1.0169075714949841E-08  4.3983376963477916E-01  2.6244029264144587E-04  7.9561316064356152E-03  1.0004198893666889E-08
   356   33.820000      0.0000000000000000E+00  1.0204220805976023E-08  4.4275522369286585E-01  2.5074804198160002E-04  6.1146808535377170E-03  8.4214983693260615E-09
   357   33.915000      0.0000000000000000E+00  1.0359360427417630E-08  4.4510559409557526E-01  2.4136875881921864E-04  4.8309239383241822E-03  6.8297611587791157E-09
   358   34.010000      0.0000000000000000E+00  1.0448767534247567E-08  4.4663851176788083E-01  2.3580860047462554E-04  4.1875453565002217E-03  5.6231701366462689E-09
   359   34.105000      0.0000000000000000E+00  1.0400019342055631E-08  4.4714781545853716E-01  2.3616965938693180E-04  4.2033700321806563E-03  4.9965274169018583E-09
   360   34.200000      0.0000000000000000E+00  1.0239963072693874E-08  4.4647721635235416E-01  2.4418616240701359E-04  4.8342250099846114E-03  4.9230778332538580E-09
   361   34.295000      0.0000000000000000E+00  1.0121403679665806E-08  4.4452998190403759E-01  2.6053706642110736E-04  5.9846393096527660E-03  5.1187243922447632E-09
   362   34.390000      0.0000000000000000E+00  1.0113942046613714E-08  4.4128965248231372E-01  2.8441952382255922E-04  7.5215329250675617E-03  5.2940331268025576E-09
   363   34.485000      0.0000000000000000E+00  1.0064125624628039E-08  4.3684829658825175E-01  3.1447146583196738E-04  9.2846586524702977E-03  5.3801685281201091E-09
   364   34.580000      0.0000000000000000E+00  9.8291324397238127E-09  4.3142351114144423E-01  3.4898417781018231E-04  1.1094578711952791E-02  5.3195030223246065E-09
   365   34.675000      0.0000000000000000E+00  9.4358992429839643E-09  4.2533424991763424E-01  3.8540863316989049E-04  1.2764288822881593E-02  5.0452654495670273E-09
   366   34.770000      0.0000000000000000E+00  9.0714131587136637E-09  4.1892828394076098E-01  4.1991888138886974E-04  1.4122420907730783E-02  4.5720178282120447E-09
   367   34.865000      0.0000000000000000E+00  8.8745635729801121E-09  4.1248317113830285E-01  4.4819629399938765E-04  1.5050416384001369E-02  4.0851303615816594E-09
   368   34.960000      0.0000000000000000E+00  8.7106257733611621E-09  4.0613554599564206E-01  4.6675817114094945E-04  1.5516405145721862E-02  3.9351233921773048E-09
   369   35.055000      0.0000000000000000E+00  8.3852651699216239E-09  3.9988342771889196E-01  4.7419444500326134E-04  1.5578065874274558E-02  4.3575206945393327E-09
   370   35.150000      0.0000000000000000E+00  8.0474456984835916E-09  3.9363617744364510E-01  4.7138153269789100E-04  1.5359268711636698E-02  5.1168677995267539E-09
   371   35.245000      0.0000000000000000E+00  7.9608370177578971E-09  3.8727947214800640E-01  4.6130005206978408E-04  1.5017469215842089E-02  5.8428680196195842E-09
   372   35.340000      0.0000000000000000E+00  8.1957568432280779E-09  3.8074893956919259E-01  4.4861135262699983E-04  1.4693386481990145E-02  6.2683618835758887E-09
   373   35.435000      0.0000000000000000E+00  8.5226466412006862E-09  3.7409019605070287E-01  4.3850351760420041E-04  1.4460124820659340E-02  6.3729175046042755E-09
   374   35.530000      0.0000000000000000E+00  8.5429958590657377E-09  3.6748491186623639E-01  4.3494033238386547E-04  1.4291272417857976E-02  6.5232743125031101E-09
   375   35.625000      0.0000000000000000E+00  8.3567874697419450E-09  3.6121873664747539E-01  4.4059479944902954E-04  1.4072160940049080E-02  6.7275381145827069E-09
   376   35.720000      0.0000000000000000E+00  8.3917839143929234E-09  3.5558628657422475E-01  4.5919544162880853E-04  1.3663498568565316E-02  6.7057075284339481E-09
   377   35.815000      0.0000000000000000E+00  8.6953185822657192E-09  3.5078262787710091E-01  4.9694920919422325E-04  1.2984896396322812E-02  6.5797600392318584E-09
   378   35.910000      0.0000000000000000E+00  9.0449376094367503E-09  3.4684655034483486E-01  5.6038768934848408E-04  1.2066989156436369E-02  6.5692824948279009E-09
   379   36.005000      0.0000000000000000E+00  9.2041042513589306E-09  3.4367735901357360E-01  6.5157012882899952E-04  1.1043484371839309E-02  6.7973772675909750E-09
   380   36.100000      0.0000000000000000E+00  9.2126588894581902E-09  3.4110625440651243E-01  7.6398412551991618E-04  1.0090825555011352E-02  7.0371994806957009E-09
   381   36.195000      0.0000000000000000E+00  9.1678001936238195E-09  3.3897984021060595E-01  8.8335446850231793E-04  9.3509733784420245E-03  7.0732062777975015E-09
   382   36.290000      0.0000000000000000E+00  9.0137610624856441E-09  3.3721299762847839E-01  9.9083606752103036E-04  8.8891061639898329E-03  7.0291658831991441E-09
   383   36.385000      0.0000000000000000E+00  8.8853535701055819E-09  3.3580096996793807E-01  1.0667018395144497E-03  8.6983826219613602E-03  6.9451787467011750E-09
   384   36.480000      0.0000000000000000E+00  9.1801228139660724E-09  3.3480879811527453E-01  1.0978499217669171E-03  8.7334323036423727E-03  6.6310259425858312E-09
   385   36.575000      0.0000000000000000E+00  1.0118646730293502E-08  3.3434938205224729E-01  1.0866795509015593E-03  8.9439349696367604E-03  6.0092910183680662E-09
   386   36.670000      0.0000000000000000E+00  1.1336927359538374E-08  3.3454002818306550E-01  1.0521475578461092E-03  9.2983718214593291E-03  5.5001136932079855E-09
   387   36.765000      0.0000000000000000E+00  1.2317093003051913E-08  3.3544226633820595E-01  1.0184041221687240E-03  9.7909420510645939E-03  5.5457939061364221E-09
   388   36.860000      0.0000000000000000E+00  1.3044196253825209E-08  3.3701786903995978E-01  9.9329030867474871E-04  1.0427933187165376E-02  5.9728265302361572E-09
   389   36.955000      0.0000000000000000E+00  1.3940355413577920E-08  3.3912760855647217E-01  9.6144563162623006E-04  1.1202976046100684E-02  6.1746890236265390E-09
   390   37.050000      0.0000000000000000E+00  1.5181665521038946E-08  3.4156371427547366E-01  9.0133344122731861E-04  1.2083625029484832E-02  5.8292707667424821E-09
   391   37.145000      0.0000000000000000E+00  1.6201184328966490E-08  3.4409577951094461E-01  8.0894960165946552E-04  1.3013549992769878E-02  5.4733470842577664E-09
   392   37.240000      0.0000000000000000E+00  1.6494015809357822E-08  3.4651349381973190E-01  7.0518187945397886E-04  1.3931121856814561E-02  5.5495925938945758E-09
   393   37.335000      0.0000000000000000E+00  1.6174036049156050E-08  3.4866357597285519E-01  6.1732521515429537E-04  1.4793951168984500E-02  5.8540072806367603E-09
   394   37.430000      0.0000000000000000E+00  1.5560458190439052E-08  3.5047403592831022E-01  5.5908432079674036E-04  1.5603599883655018E-02  6.0738152656390854E-09
   395   37.525000      0.0000000000000000E+00  1.4845266645026596E-08  3.5195738771028229E-01  5.2736415871579832E-04  1.6417674255602595E-02  6.0648791884192295E-09
   396   37.620000      0.0000000000000000E+00  1.3870824203629659E-08  3.5319881514935453E-01  5.1422903072079575E-04  1.7334955816223831E-02  6.1883649031544593E-09
   397   37.715000      0.0000000000000000E+00  1.2569225254384568E-08  3.5434973217590443E-01  5.1823144334955864E-04  1.8448581341520595E-02  6.7539772460138371E-09
   398   37.810000      0.0000000000000000E+00  1.1287485355015114E-08  3.5563279925013930E-01  5.4392763621913601E-04  1.9786627639023259E-02  7.4796919503720841E-09
   399   37.905000      0.0000000000000000E+00  1.0358172901465013E-08  3.5733327237706675E-01  5.9461868705058352E-04  2.1275003239770732E-02  7.9437875686773420E-09
   400   38.000000      0.0000000000000000E+00  9.8453095106025091E-09  3.5975241459711299E-01  6.6520674416868653E-04  2.2745305858866471E-02  7.9479843361238718E-09
   401   38.095000      0.0000000000000000E+00  9.5079205985613602E-09  3.6313022066189732E-01  7.4225429536026004E-04  2.3983342805464151E-02  7.7373415976554854E-09
   402   38.190000      0.0000000000000000E+00  9.1089738519815077E-09  3.6756962126763998E-01  8.0985390638558532E-04  2.4800122929137917E-02  7.6458993267577266E-09
   403   38.285000      0.0000000000000000E+00  8.8112735442169709E-09  3.7299410751027295E-01  8.5668275203929466E-04  2.5097596303558220E-02  7.5402020304144020E-09
   404   38.380000      0.0000000000000000E+00  8.9249902944166325E-09  3.7914685179784824E-01  8.7981555210803685E-04  2.4905733838155881E-02  7.0892566867589384E-09
   405   38.475000      0.0000000000000000E+00  9.4389692895689476E-09  3.8563892757722917E-01  8.8398953547187990E-04  2.4369052040513071E-02  6.3370703193021529E-09
   406   38.570000      0.0000000000000000E+00  1.0104052376847009E-08  3.9204718892542190E-01  8.7679750850071204E-04  2.3675873797859081E-02  5.5261143340852868E-09
   407   38.665000      0.0000000000000000E+00  1.0573464398345490E-08  3.9800611354563076E-01  8.6539787473658813E-04  2.2981673638057268E-02  4.9431441171049135E-09
   408   38.760000      0.0000000000000000E+00  1.0574900894439902E-08  4.0322823336418340E-01  8.5371506222547836E-04  2.2387540608968151E-02  4.8688874669878406E-09
   409   38.855000      0.0000000000000000E+00  1.0274995678367210E-08  4.0746006282922348E-01  8.4312741748250792E-04  2.1974180672644429E-02  5.2601912544550329E-09
   410   38.950000      0.0000000000000000E+00  1.0182658467865384E-08  4.1044916218359556E-01  8.3257290172021256E-04  2.1831090274034393E-02  5.7050110370848005E-09
   411   39.045000      0.0000000000000000E+00  1.0593621589232882E-08  4.1197508204374728E-01  8.2010109985264791E-04  2.2035189831438554E-02  5.8013647452463640E-09
   412   39.140000      0.0000000000000000E+00  1.1174079014405559E-08  4.1191835157598500E-01  8.0514458496397259E-04  2.2596267156181647E-02  5.6854001660980285E-09
   413   39.235000      0.0000000000000000E+00  1.1322441204918630E-08  4.1030518845435610E-01  7.8779929488780086E-04  2.3423762433750380E-02  5.8100890083118953E-09
   414   39.330000      0.0000000000000000E+00  1.0787886127674924E-08  4.0729940182795643E-01  7.7042177910204707E-04  2.4338010745742787E-02  6.2836817830853515E-09
   415   39.425000      0.0000000000000000E+00  9.9942441650525225E-09  4.0315172222767476E-01  7.5800199250552450E-04  2.5111971970389658E-02  6.6628696311379829E-09
   416   39.520000      0.0000000000000000E+00  9.9746374680730537E-09  3.9812497435445887E-01  7.5615792167939072E-04  2.5530062613284055E-02  5.9795864342735844E-09
   417   39.615000      0.0000000000000000E+00  1.0719348588656100E-08  3.9242185667671403E-01  7.6939471272213095E-04  2.5453381102937368E-02  4.5693259437504163E-09
   418   39.710000      0.0000000000000000E+00  1.0968043196961560E-08  3.8615748475366901E-01  8.0068028887413871E-04  2.4865943716180595E-02  4.1330584869438318E-09
   419   39.805000      0.0000000000000000E+00  1.0433036318221791E-08  3.7940044340964718E-01  8.4944859682851981E-04  2.3875222131673226E-02  4.9423494611626223E-09
   420   39.900000      0.0000000000000000E+00  9.7099811505707418E-09  3.7225937491947625E-01  9.1043788965804347E-04  2.2666116855968164E-02  6.2138988896153904E-09
   421   39.995000      0.0000000000000000E+00  9.1646685591410843E-09  3.6495369270878614E-01  9.7590381011242752E-04  2.1435621030493672E-02  7.4820486654992159E-09
   422   40.090000      0.0000000000000000E+00  8.8447102735625824E-09  3.5781258286054279E-01  1.0393395477489955E-03  2.0348146995139940E-02  8.5775185693928709E-09
