! Kinetic energy for species "positrons-down"
  Iter        Time          Total Par.             Kin. Energy
     0   0.0000000             128000  7.5671547859492172E-01
     1  0.95000000E-01         128000  7.5671540558838091E-01
     2  0.19000000             128000  7.5671518766593349E-01
     3  0.28500000             128000  7.5671482805395274E-01
     4  0.38000000             128000  7.5671433183624415E-01
     5  0.47500000             128000  7.5671370570518603E-01
     6  0.57000000             128000  7.5671295798720772E-01
     7  0.66500000             128000  7.5671209862669264E-01
     8  0.76000000             128000  7.5671113885905017E-01
     9  0.85500000             128000  7.5671009085454666E-01
    10  0.95000000             128000  7.5670896773763019E-01
    11   1.0450000             128000  7.5670778380534687E-01
    12   1.1400000             128000  7.5670655440997414E-01
    13   1.2350000             128000  7.5670529546462684E-01
    14   1.3300000             128000  7.5670402307990825E-01
    15   1.4250000             128000  7.5670275360213846E-01
    16   1.5200000             128000  7.5670150372229084E-01
    17   1.6150000             128000  7.5670029014781959E-01
    18   1.7100000             128000  7.5669912884130131E-01
    19   1.8050000             128000  7.5669803451930706E-01
    20   1.9000000             128000  7.5669702090021207E-01
    21   1.9950000             128000  7.5669610110895891E-01
    22   2.0900000             128000  7.5669528728727709E-01
    23   2.1850000             128000  7.5669458954096447E-01
    24   2.2800000             128000  7.5669401546269732E-01
    25   2.3750000             128000  7.5669357097504131E-01
    26   2.4700000             128000  7.5669326152593797E-01
    27   2.5650000             128000  7.5669309208761959E-01
    28   2.6600000             128000  7.5669306604203712E-01
    29   2.7550000             128000  7.5669318439958255E-01
    30   2.8500000             128000  7.5669344580305387E-01
    31   2.9450000             128000  7.5669384656829775E-01
    32   3.0400000             128000  7.5669438074509499E-01
    33   3.1350000             128000  7.5669504081447325E-01
    34   3.2300000             128000  7.5669581848714196E-01
    35   3.3250000             128000  7.5669670444206849E-01
    36   3.4200000             128000  7.5669768729096953E-01
    37   3.5150000             128000  7.5669875326265024E-01
    38   3.6100000             128000  7.5669988719850545E-01
    39   3.7050000             128000  7.5670107388087904E-01
    40   3.8000000             128000  7.5670229849313053E-01
    41   3.8950000             128000  7.5670354610739343E-01
    42   3.9900000             128000  7.5670480104988069E-01
    43   4.0850000             128000  7.5670604684124043E-01
    44   4.1800000             128000  7.5670726667410271E-01
    45   4.2750000             128000  7.5670844388275049E-01
    46   4.3700000             128000  7.5670956190690430E-01
    47   4.4650000             128000  7.5671060418073210E-01
    48   4.5600000             128000  7.5671155501548459E-01
    49   4.6550000             128000  7.5671240101567372E-01
    50   4.7500000             128000  7.5671313113047611E-01
    51   4.8450000             128000  7.5671373546683951E-01
    52   4.9400000             128000  7.5671420517408905E-01
    53   5.0350000             128000  7.5671453369801778E-01
    54   5.1300000             128000  7.5671471720939310E-01
    55   5.2250000             128000  7.5671475344162109E-01
    56   5.3200000             128000  7.5671464049140424E-01
    57   5.4150000             128000  7.5671437688362253E-01
    58   5.5100000             128000  7.5671396269222124E-01
    59   5.6050000             128000  7.5671340049099989E-01
    60   5.7000000             128000  7.5671269507990058E-01
    61   5.7950000             128000  7.5671185254200801E-01
    62   5.8900000             128000  7.5671088014752486E-01
    63   5.9850000             128000  7.5670978706721015E-01
    64   6.0800000             128000  7.5670858435785116E-01
    65   6.1750000             128000  7.5670728404578114E-01
    66   6.2700000             128000  7.5670589889251128E-01
    67   6.3650000             128000  7.5670444317823038E-01
    68   6.4600000             128000  7.5670293257738774E-01
    69   6.5550000             128000  7.5670138200175552E-01
    70   6.6500000             128000  7.5669980342327192E-01
    71   6.7450000             128000  7.5669820648844555E-01
    72   6.8400000             128000  7.5669660151100393E-01
    73   6.9350000             128000  7.5669500145611623E-01
    74   7.0300000             128000  7.5669342100703796E-01
    75   7.1250000             128000  7.5669187417754447E-01
    76   7.2200000             128000  7.5669037243557447E-01
    77   7.3150000             128000  7.5668892376723362E-01
    78   7.4100000             128000  7.5668753255569809E-01
    79   7.5050000             128000  7.5668620003327924E-01
    80   7.6000000             128000  7.5668492460785708E-01
    81   7.6950000             128000  7.5668370180222155E-01
    82   7.7900000             128000  7.5668252442548645E-01
    83   7.8850000             128000  7.5668138342604929E-01
    84   7.9800000             128000  7.5668026905327590E-01
    85   8.0750000             128000  7.5667917136824658E-01
    86   8.1700000             128000  7.5667807938309140E-01
    87   8.2650000             128000  7.5667697932966638E-01
    88   8.3600000             128000  7.5667585320388153E-01
    89   8.4550000             128000  7.5667467801120414E-01
    90   8.5500000             128000  7.5667342558674111E-01
    91   8.6450000             128000  7.5667206256465014E-01
    92   8.7400000             128000  7.5667054951057233E-01
    93   8.8350000             128000  7.5666883941139274E-01
    94   8.9300000             128000  7.5666687808995126E-01
    95   9.0250000             128000  7.5666460789892964E-01
    96   9.1200000             128000  7.5666197164056803E-01
    97   9.2150000             128000  7.5665891286430254E-01
    98   9.3100000             128000  7.5665537303031627E-01
    99   9.4050000             128000  7.5665128923572100E-01
   100   9.5000000             128000  7.5664659466264084E-01
   101   9.5950000             128000  7.5664122068897066E-01
   102   9.6900000             128000  7.5663509820302033E-01
   103   9.7850000             128000  7.5662815612840806E-01
   104   9.8800000             128000  7.5662031650770034E-01
   105   9.9750000             128000  7.5661148777006981E-01
   106   10.070000             128000  7.5660156013516600E-01
   107   10.165000             128000  7.5659040670951894E-01
   108   10.260000             128000  7.5657788956907712E-01
   109   10.355000             128000  7.5656386547191579E-01
   110   10.450000             128000  7.5654818609251218E-01
   111   10.545000             128000  7.5653069336946543E-01
   112   10.640000             128000  7.5651121539220667E-01
   113   10.735000             128000  7.5648956595228511E-01
   114   10.830000             128000  7.5646554466484028E-01
   115   10.925000             128000  7.5643893384680527E-01
   116   11.020000             128000  7.5640949407591496E-01
   117   11.115000             128000  7.5637696283236777E-01
   118   11.210000             128000  7.5634105484543590E-01
   119   11.305000             128000  7.5630145746795763E-01
   120   11.400000             128000  7.5625781974468098E-01
   121   11.495000             128000  7.5620974489774140E-01
   122   11.590000             128000  7.5615679630680122E-01
   123   11.685000             128000  7.5609851123664928E-01
   124   11.780000             128000  7.5603440238701303E-01
   125   11.875000             128000  7.5596393643178561E-01
   126   11.970000             128000  7.5588650410401959E-01
   127   12.065000             128000  7.5580140642154614E-01
   128   12.160000             128000  7.5570786320979833E-01
   129   12.255000             128000  7.5560502905917315E-01
   130   12.350000             128000  7.5549200322314680E-01
   131   12.445000             128000  7.5536783055603240E-01
   132   12.540000             128000  7.5523149030814085E-01
   133   12.635000             128000  7.5508187025505058E-01
   134   12.730000             128000  7.5491773875393098E-01
   135   12.825000             128000  7.5473773638309516E-01
   136   12.920000             128000  7.5454039467309020E-01
   137   13.015000             128000  7.5432416944567215E-01
   138   13.110000             128000  7.5408746626266343E-01
   139   13.205000             128000  7.5382863103842235E-01
   140   13.300000             128000  7.5354589170991870E-01
   141   13.395000             128000  7.5323727758795145E-01
   142   13.490000             128000  7.5290057695904422E-01
   143   13.585000             128000  7.5253337590958702E-01
   144   13.680000             128000  7.5213316239974026E-01
   145   13.775000             128000  7.5169742911094017E-01
   146   13.870000             128000  7.5122371010886657E-01
   147   13.965000             128000  7.5070954558127223E-01
   148   14.060000             128000  7.5015243414703114E-01
   149   14.155000             128000  7.4954982972779982E-01
   150   14.250000             128000  7.4889917902958159E-01
   151   14.345000             128000  7.4819795655679899E-01
   152   14.440000             128000  7.4744366846461330E-01
   153   14.535000             128000  7.4663383624844148E-01
   154   14.630000             128000  7.4576600533769122E-01
   155   14.725000             128000  7.4483781376834179E-01
   156   14.820000             128000  7.4384710044161984E-01
   157   14.915000             128000  7.4279198044702555E-01
   158   15.010000             128000  7.4167083467235750E-01
   159   15.105000             128000  7.4048225387830158E-01
   160   15.200000             128000  7.3922502012548186E-01
   161   15.295000             128000  7.3789813283387229E-01
   162   15.390000             128000  7.3650081586526928E-01
   163   15.485000             128000  7.3503248233267238E-01
   164   15.580000             128000  7.3349271328551058E-01
   165   15.675000             128000  7.3188126475367765E-01
   166   15.770000             128000  7.3019806945856081E-01
   167   15.865000             128000  7.2844324216697620E-01
   168   15.960000             128000  7.2661708686385906E-01
   169   16.055000             128000  7.2472009729293396E-01
   170   16.150000             128000  7.2275296566204472E-01
   171   16.245000             128000  7.2071662458969787E-01
   172   16.340000             128000  7.1861242146207149E-01
   173   16.435000             128000  7.1644246068614126E-01
   174   16.530000             128000  7.1420999664264817E-01
   175   16.625000             128000  7.1191977464192524E-01
   176   16.720000             128000  7.0957846551684778E-01
   177   16.815000             128000  7.0719538287891082E-01
   178   16.910000             128000  7.0478323842197499E-01
   179   17.005000             128000  7.0235861902510344E-01
   180   17.100000             128000  6.9994210097784682E-01
   181   17.195000             128000  6.9755786191358204E-01
   182   17.290000             128000  6.9523258047402337E-01
   183   17.385000             128000  6.9299372050729968E-01
   184   17.480000             128000  6.9086755214626838E-01
   185   17.575000             128000  6.8887733943473861E-01
   186   17.670000             128000  6.8704192192116187E-01
   187   17.765000             128000  6.8537432855210034E-01
   188   17.860000             128000  6.8388036615030856E-01
   189   17.955000             128000  6.8255821917111470E-01
   190   18.050000             128000  6.8139981021387475E-01
   191   18.145000             128000  6.8039307273614469E-01
   192   18.240000             128000  6.7952394801267701E-01
   193   18.335000             128000  6.7877827430776372E-01
   194   18.430000             128000  6.7814375462682008E-01
   195   18.525000             128000  6.7761126517919834E-01
   196   18.620000             128000  6.7717523653473566E-01
   197   18.715000             128000  6.7683356572990538E-01
   198   18.810000             128000  6.7658755068664100E-01
   199   18.905000             128000  6.7644175984232269E-01
   200   19.000000             128000  6.7640088115165575E-01
   201   19.095000             128000  6.7646140004261879E-01
   202   19.190000             128000  6.7660275014515991E-01
   203   19.285000             128000  6.7678483322154948E-01
   204   19.380000             128000  6.7695076536441090E-01
   205   19.475000             128000  6.7703052002536357E-01
   206   19.570000             128000  6.7694593422796556E-01
   207   19.665000             128000  6.7661648938159180E-01
   208   19.760000             128000  6.7596650698076877E-01
   209   19.855000             128000  6.7493407403734484E-01
   210   19.950000             128000  6.7347851353287702E-01
   211   20.045000             128000  6.7158578729005480E-01
   212   20.140000             128000  6.6927047570298148E-01
   213   20.235000             128000  6.6657145520310168E-01
   214   20.330000             128000  6.6354528115763445E-01
   215   20.425000             128000  6.6026304733831931E-01
   216   20.520000             128000  6.5680632825127416E-01
   217   20.615000             128000  6.5325820891362296E-01
   218   20.710000             128000  6.4969558916651482E-01
   219   20.805000             128000  6.4618756364495478E-01
   220   20.900000             128000  6.4279659028831460E-01
   221   20.995000             128000  6.3957863596729303E-01
   222   21.090000             128000  6.3658229126229759E-01
   223   21.185000             128000  6.3384867306636727E-01
   224   21.280000             128000  6.3141281259972959E-01
   225   21.375000             128000  6.2930423768659383E-01
   226   21.470000             128000  6.2754432874250554E-01
   227   21.565000             128000  6.2614217708138786E-01
   228   21.660000             128000  6.2509411133699178E-01
   229   21.755000             128000  6.2438900767793337E-01
   230   21.850000             128000  6.2401611334059437E-01
   231   21.945000             128000  6.2396946451190227E-01
   232   22.040000             128000  6.2424577198426834E-01
   233   22.135000             128000  6.2484032495881892E-01
   234   22.230000             128000  6.2574601184102296E-01
   235   22.325000             128000  6.2695355827175137E-01
   236   22.420000             128000  6.2845103672133984E-01
   237   22.515000             128000  6.3022598920135686E-01
   238   22.610000             128000  6.3227112041871092E-01
   239   22.705000             128000  6.3458822929226533E-01
   240   22.800000             128000  6.3718717578516659E-01
   241   22.895000             128000  6.4008221911987451E-01
   242   22.990000             128000  6.4328842142164200E-01
   243   23.085000             128000  6.4681828368460637E-01
   244   23.180000             128000  6.5067783205553387E-01
   245   23.275000             128000  6.5486236837529743E-01
   246   23.370000             128000  6.5935259150386338E-01
   247   23.465000             128000  6.6411160970795047E-01
   248   23.560000             128000  6.6908621824931136E-01
   249   23.655000             128000  6.7421612849766877E-01
   250   23.750000             128000  6.7944657769142547E-01
   251   23.845000             128000  6.8473548882497648E-01
   252   23.940000             128000  6.9005352333085157E-01
   253   24.035000             128000  6.9538020510758569E-01
   254   24.130000             128000  7.0069632615151090E-01
   255   24.225000             128000  7.0597409403123779E-01
   256   24.320000             128000  7.1117226646243803E-01
   257   24.415000             128000  7.1624019644789882E-01
   258   24.510000             128000  7.2112380047007107E-01
   259   24.605000             128000  7.2576621792854623E-01
   260   24.700000             128000  7.3010696036598377E-01
   261   24.795000             128000  7.3408539318306321E-01
   262   24.890000             128000  7.3764505960983273E-01
   263   24.985000             128000  7.4073399256604411E-01
   264   25.080000             128000  7.4330334395670594E-01
   265   25.175000             128000  7.4530707333228785E-01
   266   25.270000             128000  7.4670363976850385E-01
   267   25.365000             128000  7.4746037009404620E-01
   268   25.460000             128000  7.4755708033497104E-01
   269   25.555000             128000  7.4698549414257331E-01
   270   25.650000             128000  7.4574830520767699E-01
   271   25.745000             128000  7.4386014626484198E-01
   272   25.840000             128000  7.4134793948752731E-01
   273   25.935000             128000  7.3825284946389891E-01
   274   26.030000             128000  7.3463385565775985E-01
   275   26.125000             128000  7.3056928736853444E-01
   276   26.220000             128000  7.2615586119174891E-01
   277   26.315000             128000  7.2150343286335916E-01
   278   26.410000             128000  7.1672433091499110E-01
   279   26.505000             128000  7.1192240232329618E-01
   280   26.600000             128000  7.0718743148323138E-01
   281   26.695000             128000  7.0259110313021844E-01
   282   26.790000             128000  6.9817759986782979E-01
   283   26.885000             128000  6.9395669721429443E-01
   284   26.980000             128000  6.8990970798534090E-01
   285   27.075000             128000  6.8600316732808253E-01
   286   27.170000             128000  6.8220294621410160E-01
   287   27.265000             128000  6.7848701223372343E-01
   288   27.360000             128000  6.7485289511260960E-01
   289   27.455000             128000  6.7131663974374001E-01
   290   27.550000             128000  6.6790613987638592E-01
   291   27.645000             128000  6.6465269668018900E-01
   292   27.740000             128000  6.6158586573048650E-01
   293   27.835000             128000  6.5873427786243832E-01
   294   27.930000             128000  6.5613026875389768E-01
   295   28.025000             128000  6.5381121276465226E-01
   296   28.120000             128000  6.5181320188962533E-01
   297   28.215000             128000  6.5016400081022951E-01
   298   28.310000             128000  6.4887709806339311E-01
   299   28.405000             128000  6.4794272262036556E-01
   300   28.500000             128000  6.4732124171180216E-01
   301   28.595000             128000  6.4694514773736245E-01
   302   28.690000             128000  6.4672700895859014E-01
   303   28.785000             128000  6.4657022110997975E-01
   304   28.880000             128000  6.4637589552510488E-01
   305   28.975000             128000  6.4604080202826697E-01
   306   29.070000             128000  6.4545432349199627E-01
   307   29.165000             128000  6.4449993545560869E-01
   308   29.260000             128000  6.4305980643330629E-01
   309   29.355000             128000  6.4102268407996010E-01
   310   29.450000             128000  6.3829859242985221E-01
   311   29.545000             128000  6.3483792110055115E-01
   312   29.640000             128000  6.3064058814730273E-01
   313   29.735000             128000  6.2575529419434028E-01
   314   29.830000             128000  6.2027742228931915E-01
   315   29.925000             128000  6.1434042698369473E-01
   316   30.020000             128000  6.0809910590510441E-01
   317   30.115000             128000  6.0171023728097017E-01
   318   30.210000             128000  5.9531603260909183E-01
   319   30.305000             128000  5.8903757231044507E-01
   320   30.400000             128000  5.8297873047832549E-01
   321   30.495000             128000  5.7723338016535575E-01
   322   30.590000             128000  5.7189138456953237E-01
   323   30.685000             128000  5.6704401856639253E-01
   324   30.780000             128000  5.6278802077426393E-01
   325   30.875000             128000  5.5922656313683194E-01
   326   30.970000             128000  5.5646344832313510E-01
   327   31.065000             128000  5.5458752973477132E-01
   328   31.160000             128000  5.5365914597844845E-01
   329   31.255000             128000  5.5370935135186949E-01
   330   31.350000             128000  5.5474546467170860E-01
   331   31.445000             128000  5.5676044727724494E-01
   332   31.540000             128000  5.5974466052319971E-01
   333   31.635000             128000  5.6368962168230619E-01
   334   31.730000             128000  5.6858291202409150E-01
   335   31.825000             128000  5.7439989206192055E-01
   336   31.920000             128000  5.8109259113573919E-01
   337   32.015000             128000  5.8857851323480026E-01
   338   32.110000             128000  5.9673640498432046E-01
   339   32.205000             128000  6.0541244103025893E-01
   340   32.300000             128000  6.1443263999946440E-01
   341   32.395000             128000  6.2361737646870818E-01
   342   32.490000             128000  6.3279784582319965E-01
   343   32.585000             128000  6.4182946058726476E-01
   344   32.680000             128000  6.5059565047762113E-01
   345   32.775000             128000  6.5900481543979961E-01
   346   32.870000             128000  6.6698540196560474E-01
   347   32.965000             128000  6.7448070412377126E-01
   348   33.060000             128000  6.8144672256313887E-01
   349   33.155000             128000  6.8785227967591123E-01
   350   33.250000             128000  6.9367718322778193E-01
   351   33.345000             128000  6.9891172591805284E-01
   352   33.440000             128000  7.0355891346404786E-01
   353   33.535000             128000  7.0763670597919126E-01
   354   33.630000             128000  7.1118306471426473E-01
   355   33.725000             128000  7.1426031872342466E-01
   356   33.820000             128000  7.1695081630445157E-01
   357   33.915000             128000  7.1934533184927285E-01
   358   34.010000             128000  7.2153251676315922E-01
   359   34.105000             128000  7.2359689826436391E-01
   360   34.200000             128000  7.2561959035360335E-01
   361   34.295000             128000  7.2766767662123555E-01
   362   34.390000             128000  7.2977490681543600E-01
   363   34.485000             128000  7.3192519715389115E-01
   364   34.580000             128000  7.3404906724345487E-01
   365   34.675000             128000  7.3604012701947341E-01
   366   34.770000             128000  7.3778857452018709E-01
   367   34.865000             128000  7.3921838300988929E-01
   368   34.960000             128000  7.4030353662444104E-01
   369   35.055000             128000  7.4105690820722536E-01
   370   35.150000             128000  7.4151624730932486E-01
   371   35.245000             128000  7.4173604475090382E-01
   372   35.340000             128000  7.4177674995754583E-01
   373   35.435000             128000  7.4169215601316363E-01
   374   35.530000             128000  7.4151673888098801E-01
   375   35.625000             128000  7.4125974361768732E-01
   376   35.720000             128000  7.4090871611823861E-01
   377   35.815000             128000  7.4043090780227949E-01
   378   35.910000             128000  7.3977904989807186E-01
   379   36.005000             128000  7.3891690017226375E-01
   380   36.100000             128000  7.3785077568516366E-01
   381   36.195000             128000  7.3664191753800123E-01
   382   36.290000             128000  7.3539054829533002E-01
   383   36.385000             128000  7.3420491205686578E-01
   384   36.480000             128000  7.3317417774530846E-01
   385   36.575000             128000  7.3235073744948376E-01
   386   36.670000             128000  7.3174645459820553E-01
   387   36.765000             128000  7.3135897687473839E-01
   388   36.860000             128000  7.3122407655605537E-01
   389   36.955000             128000  7.3143990081782662E-01
   390   37.050000             128000  7.3212547516429316E-01
   391   37.145000             128000  7.3334653491510937E-01
   392   37.240000             128000  7.3506935579756849E-01
   393   37.335000             128000  7.3717282944476969E-01
   394   37.430000             128000  7.3949782141889597E-01
   395   37.525000             128000  7.4188975411889979E-01
   396   37.620000             128000  7.4420894312520536E-01
   397   37.715000             128000  7.4631954551622603E-01
   398   37.810000             128000  7.4808435509350724E-01
   399   37.905000             128000  7.4937834119992341E-01
   400   38.000000             128000  7.5010500742517794E-01
   401   38.095000             128000  7.5019870263438238E-01
   402   38.190000             128000  7.4961769289836777E-01
   403   38.285000             128000  7.4833999775266369E-01
   404   38.380000             128000  7.4637014643975264E-01
   405   38.475000             128000  7.4374660641668111E-01
   406   38.570000             128000  7.4053273260614183E-01
   407   38.665000             128000  7.3679678712912278E-01
   408   38.760000             128000  7.3259485332654495E-01
   409   38.855000             128000  7.2796259078425285E-01
   410   38.950000             128000  7.2291668105572837E-01
   411   39.045000             128000  7.1746240270847617E-01
   412   39.140000             128000  7.1160664816873642E-01
   413   39.235000             128000  7.0537642293166458E-01
   414   39.330000             128000  6.9883714418962761E-01
   415   39.425000             128000  6.9209792353130561E-01
   416   39.520000             128000  6.8529930274140327E-01
   417   39.615000             128000  6.7859132725830351E-01
   418   39.710000             128000  6.7211310842950578E-01
   419   39.805000             128000  6.6598450751898741E-01
   420   39.900000             128000  6.6030767750054842E-01
   421   39.995000             128000  6.5516817723748844E-01
   422   40.090000             128000  6.5062955868309613E-01
