! Kinetic energy for species "electrons-up"
  Iter        Time          Total Par.             Kin. Energy
     0   0.0000000             128000  7.5645771830779696E-01
     1  0.95000000E-01         128000  7.5645764525119086E-01
     2  0.19000000             128000  7.5645742723365661E-01
     3  0.28500000             128000  7.5645706750073327E-01
     4  0.38000000             128000  7.5645657105073272E-01
     5  0.47500000             128000  7.5645594444118958E-01
     6  0.57000000             128000  7.5645519576716347E-01
     7  0.66500000             128000  7.5645433475828971E-01
     8  0.76000000             128000  7.5645337271254098E-01
     9  0.85500000             128000  7.5645232218319225E-01
    10  0.95000000             128000  7.5645119677864925E-01
    11   1.0450000             128000  7.5645001120330413E-01
    12   1.1400000             128000  7.5644878107961755E-01
    13   1.2350000             128000  7.5644752238351809E-01
    14   1.3300000             128000  7.5644625106949892E-01
    15   1.4250000             128000  7.5644498315588593E-01
    16   1.5200000             128000  7.5644373473984272E-01
    17   1.6150000             128000  7.5644252170426818E-01
    18   1.7100000             128000  7.5644135954832792E-01
    19   1.8050000             128000  7.5644026336215719E-01
    20   1.9000000             128000  7.5643924745033853E-01
    21   1.9950000             128000  7.5643832474440265E-01
    22   2.0900000             128000  7.5643750667296772E-01
    23   2.1850000             128000  7.5643680343310926E-01
    24   2.2800000             128000  7.5643622400300004E-01
    25   2.3750000             128000  7.5643577583545207E-01
    26   2.4700000             128000  7.5643546467390643E-01
    27   2.5650000             128000  7.5643529448118585E-01
    28   2.6600000             128000  7.5643526729880040E-01
    29   2.7550000             128000  7.5643538328131221E-01
    30   2.8500000             128000  7.5643564084373360E-01
    31   2.9450000             128000  7.5643603638154744E-01
    32   3.0400000             128000  7.5643656398364778E-01
    33   3.1350000             128000  7.5643721613664683E-01
    34   3.2300000             128000  7.5643798467188206E-01
    35   3.3250000             128000  7.5643886036322749E-01
    36   3.4200000             128000  7.5643983187846342E-01
    37   3.5150000             128000  7.5644088600712589E-01
    38   3.6100000             128000  7.5644200884372459E-01
    39   3.7050000             128000  7.5644318617934936E-01
    40   3.8000000             128000  7.5644440297386284E-01
    41   3.8950000             128000  7.5644564303403605E-01
    42   3.9900000             128000  7.5644688928031956E-01
    43   4.0850000             128000  7.5644812432337671E-01
    44   4.1800000             128000  7.5644933116145374E-01
    45   4.2750000             128000  7.5645049359881877E-01
    46   4.3700000             128000  7.5645159596549383E-01
    47   4.4650000             128000  7.5645262273439484E-01
    48   4.5600000             128000  7.5645355898683087E-01
    49   4.6550000             128000  7.5645439119085944E-01
    50   4.7500000             128000  7.5645510721848530E-01
    51   4.8450000             128000  7.5645569636009014E-01
    52   4.9400000             128000  7.5645615043583447E-01
    53   5.0350000             128000  7.5645646459533711E-01
    54   5.1300000             128000  7.5645663601982849E-01
    55   5.2250000             128000  7.5645666190851490E-01
    56   5.3200000             128000  7.5645653924365142E-01
    57   5.4150000             128000  7.5645626607383942E-01
    58   5.5100000             128000  7.5645584251713582E-01
    59   5.6050000             128000  7.5645527117810452E-01
    60   5.7000000             128000  7.5645455734809430E-01
    61   5.7950000             128000  7.5645370843184812E-01
    62   5.8900000             128000  7.5645273263592139E-01
    63   5.9850000             128000  7.5645163834979867E-01
    64   6.0800000             128000  7.5645043470792095E-01
    65   6.1750000             128000  7.5644913231591104E-01
    66   6.2700000             128000  7.5644774378896185E-01
    67   6.3650000             128000  7.5644628400016922E-01
    68   6.4600000             128000  7.5644476862938159E-01
    69   6.5550000             128000  7.5644321094077349E-01
    70   6.6500000             128000  7.5644162027556072E-01
    71   6.7450000             128000  7.5644000480874540E-01
    72   6.8400000             128000  7.5643837557529969E-01
    73   6.9350000             128000  7.5643674705756947E-01
    74   7.0300000             128000  7.5643513441130872E-01
    75   7.1250000             128000  7.5643355095817855E-01
    76   7.2200000             128000  7.5643200731041915E-01
    77   7.3150000             128000  7.5643051082329915E-01
    78   7.4100000             128000  7.5642906503807628E-01
    79   7.5050000             128000  7.5642766979923082E-01
    80   7.6000000             128000  7.5642632180320657E-01
    81   7.6950000             128000  7.5642501528219797E-01
    82   7.7900000             128000  7.5642374312338745E-01
    83   7.8850000             128000  7.5642249771368530E-01
    84   7.9800000             128000  7.5642127037525420E-01
    85   8.0750000             128000  7.5642005019280689E-01
    86   8.1700000             128000  7.5641882382328252E-01
    87   8.2650000             128000  7.5641757578749758E-01
    88   8.3600000             128000  7.5641628767152469E-01
    89   8.4550000             128000  7.5641493668282300E-01
    90   8.5500000             128000  7.5641349527580248E-01
    91   8.6450000             128000  7.5641193135038609E-01
    92   8.7400000             128000  7.5641020692658878E-01
    93   8.8350000             128000  7.5640827606832584E-01
    94   8.9300000             128000  7.5640608552789357E-01
    95   9.0250000             128000  7.5640357859157303E-01
    96   9.1200000             128000  7.5640069834960388E-01
    97   9.2150000             128000  7.5639738782457910E-01
    98   9.3100000             128000  7.5639358837039494E-01
    99   9.4050000             128000  7.5638923853703388E-01
   100   9.5000000             128000  7.5638427402602260E-01
   101   9.5950000             128000  7.5637862866673800E-01
   102   9.6900000             128000  7.5637223556882927E-01
   103   9.7850000             128000  7.5636502596295907E-01
   104   9.8800000             128000  7.5635692388234654E-01
   105   9.9750000             128000  7.5634783881907186E-01
   106   10.070000             128000  7.5633766116745704E-01
   107   10.165000             128000  7.5632626354909138E-01
   108   10.260000             128000  7.5631350718869117E-01
   109   10.355000             128000  7.5629924865647569E-01
   110   10.450000             128000  7.5628334076775316E-01
   111   10.545000             128000  7.5626562614636295E-01
   112   10.640000             128000  7.5624593027491227E-01
   113   10.735000             128000  7.5622406146219068E-01
   114   10.830000             128000  7.5619981532677139E-01
   115   10.925000             128000  7.5617297497007652E-01
   116   11.020000             128000  7.5614330449552369E-01
   117   11.115000             128000  7.5611054229146246E-01
   118   11.210000             128000  7.5607439824998934E-01
   119   11.305000             128000  7.5603455115426754E-01
   120   11.400000             128000  7.5599064253985993E-01
   121   11.495000             128000  7.5594227154344051E-01
   122   11.590000             128000  7.5588899847032431E-01
   123   11.685000             128000  7.5583035493312845E-01
   124   11.780000             128000  7.5576584546447823E-01
   125   11.875000             128000  7.5569492925536719E-01
   126   11.970000             128000  7.5561699192091170E-01
   127   12.065000             128000  7.5553132994528671E-01
   128   12.160000             128000  7.5543715717323334E-01
   129   12.255000             128000  7.5533362186914021E-01
   130   12.350000             128000  7.5521981940194149E-01
   131   12.445000             128000  7.5509479365003451E-01
   132   12.540000             128000  7.5495752338426159E-01
   133   12.635000             128000  7.5480689426259406E-01
   134   12.730000             128000  7.5464167083152089E-01
   135   12.825000             128000  7.5446048929258547E-01
   136   12.920000             128000  7.5426187795215816E-01
   137   13.015000             128000  7.5404429278918927E-01
   138   13.110000             128000  7.5380614414624048E-01
   139   13.205000             128000  7.5354578617142232E-01
   140   13.300000             128000  7.5326145592378824E-01
   141   13.395000             128000  7.5295119127272403E-01
   142   13.490000             128000  7.5261278962464484E-01
   143   13.585000             128000  7.5224384910895647E-01
   144   13.680000             128000  7.5184187282928927E-01
   145   13.775000             128000  7.5140436886472406E-01
   146   13.870000             128000  7.5092888486355247E-01
   147   13.965000             128000  7.5041297413091390E-01
   148   14.060000             128000  7.4985415005663358E-01
   149   14.155000             128000  7.4924988285948124E-01
   150   14.250000             128000  7.4859763624608955E-01
   151   14.345000             128000  7.4789490365952671E-01
   152   14.440000             128000  7.4713921410687822E-01
   153   14.535000             128000  7.4632811433224888E-01
   154   14.630000             128000  7.4545917242395976E-01
   155   14.725000             128000  7.4453004320945326E-01
   156   14.820000             128000  7.4353857692864311E-01
   157   14.915000             128000  7.4248289569437498E-01
   158   15.010000             128000  7.4136138218005865E-01
   159   15.105000             128000  7.4017262057379818E-01
   160   15.200000             128000  7.3891537370608629E-01
   161   15.295000             128000  7.3758860472126186E-01
   162   15.390000             128000  7.3619148267158563E-01
   163   15.485000             128000  7.3472334952606477E-01
   164   15.580000             128000  7.3318370066004857E-01
   165   15.675000             128000  7.3157218804174495E-01
   166   15.770000             128000  7.2988861069465005E-01
   167   15.865000             128000  7.2813291072535913E-01
   168   15.960000             128000  7.2630518228877916E-01
   169   16.055000             128000  7.2440568583909692E-01
   170   16.150000             128000  7.2243487825759201E-01
   171   16.245000             128000  7.2039347138902365E-01
   172   16.340000             128000  7.1828260817840417E-01
   173   16.435000             128000  7.1610420297270450E-01
   174   16.530000             128000  7.1386136144892998E-01
   175   16.625000             128000  7.1155878541924900E-01
   176   16.720000             128000  7.0920325995405664E-01
   177   16.815000             128000  7.0680439730294709E-01
   178   16.910000             128000  7.0437540478830307E-01
   179   17.005000             128000  7.0193356134354623E-01
   180   17.100000             128000  6.9950032293058440E-01
   181   17.195000             128000  6.9710087178096902E-01
   182   17.290000             128000  6.9476288299358202E-01
   183   17.385000             128000  6.9251461759360777E-01
   184   17.480000             128000  6.9038272593300187E-01
   185   17.575000             128000  6.8839028394493251E-01
   186   17.670000             128000  6.8655541267575826E-01
   187   17.765000             128000  6.8489010443794873E-01
   188   17.860000             128000  6.8339902872367597E-01
   189   17.955000             128000  6.8207936556235760E-01
   190   18.050000             128000  6.8092253047480422E-01
   191   18.145000             128000  6.7991678842318570E-01
   192   18.240000             128000  6.7904928024561007E-01
   193   18.335000             128000  6.7830756059831321E-01
   194   18.430000             128000  6.7768096249632281E-01
   195   18.525000             128000  6.7716131399459811E-01
   196   18.620000             128000  6.7674270469278386E-01
   197   18.715000             128000  6.7642066089225428E-01
   198   18.810000             128000  6.7619197806168230E-01
   199   18.905000             128000  6.7605567516937026E-01
   200   19.000000             128000  6.7601153759455956E-01
   201   19.095000             128000  6.7605352728677193E-01
   202   19.190000             128000  6.7616276536316910E-01
   203   19.285000             128000  6.7630604837199382E-01
   204   19.380000             128000  6.7643713256815496E-01
   205   19.475000             128000  6.7649704495198848E-01
   206   19.570000             128000  6.7641623028254938E-01
   207   19.665000             128000  6.7611919852341174E-01
   208   19.760000             128000  6.7553128949199293E-01
   209   19.855000             128000  6.7458740782255600E-01
   210   19.950000             128000  6.7324021459041106E-01
   211   20.045000             128000  6.7146702666448121E-01
   212   20.140000             128000  6.6927329240900812E-01
   213   20.235000             128000  6.6668970085746548E-01
   214   20.330000             128000  6.6376716409658554E-01
   215   20.425000             128000  6.6057443876200506E-01
   216   20.520000             128000  6.5719353344371489E-01
   217   20.615000             128000  6.5370965342414933E-01
   218   20.710000             128000  6.5020227457689517E-01
   219   20.805000             128000  6.4674226726216855E-01
   220   20.900000             128000  6.4339260977788104E-01
   221   20.995000             128000  6.4020896619324352E-01
   222   21.090000             128000  6.3723917965684296E-01
   223   21.185000             128000  6.3452345124006193E-01
   224   21.280000             128000  6.3209612462466114E-01
   225   21.375000             128000  6.2998667546081011E-01
   226   21.470000             128000  6.2821740674738136E-01
   227   21.565000             128000  6.2679936275015169E-01
   228   21.660000             128000  6.2573165343523662E-01
   229   21.755000             128000  6.2500634124766274E-01
   230   21.850000             128000  6.2461563570734302E-01
   231   21.945000             128000  6.2455569837801361E-01
   232   22.040000             128000  6.2482423006443621E-01
   233   22.135000             128000  6.2541662709703227E-01
   234   22.230000             128000  6.2632540518371782E-01
   235   22.325000             128000  6.2754065998312514E-01
   236   22.420000             128000  6.2904960442928626E-01
   237   22.515000             128000  6.3083830756434189E-01
   238   22.610000             128000  6.3289686073393181E-01
   239   22.705000             128000  6.3522334070004782E-01
   240   22.800000             128000  6.3782347980107390E-01
   241   22.895000             128000  6.4070795440083372E-01
   242   22.990000             128000  6.4388954106414320E-01
   243   23.085000             128000  6.4738016959713984E-01
   244   23.180000             128000  6.5118721400631441E-01
   245   23.275000             128000  6.5530912647042039E-01
   246   23.370000             128000  6.5973106966638595E-01
   247   23.465000             128000  6.6442154110144225E-01
   248   23.560000             128000  6.6933347124367726E-01
   249   23.655000             128000  6.7441290524063136E-01
   250   23.750000             128000  6.7961040650588211E-01
   251   23.845000             128000  6.8488701034285593E-01
   252   23.940000             128000  6.9021399350908674E-01
   253   24.035000             128000  6.9556943682831296E-01
   254   24.130000             128000  7.0093132510346634E-01
   255   24.225000             128000  7.0626870602519154E-01
   256   24.320000             128000  7.1153765148355741E-01
   257   24.415000             128000  7.1668510019862741E-01
   258   24.510000             128000  7.2165375211409566E-01
   259   24.605000             128000  7.2638209980568957E-01
   260   24.700000             128000  7.3080410334651247E-01
   261   24.795000             128000  7.3485395021012256E-01
   262   24.890000             128000  7.3847171060595374E-01
   263   24.985000             128000  7.4160442623159850E-01
   264   25.080000             128000  7.4420507823527760E-01
   265   25.175000             128000  7.4623193179896574E-01
   266   25.270000             128000  7.4764894776915014E-01
   267   25.365000             128000  7.4842887616942966E-01
   268   25.460000             128000  7.4855560298878943E-01
   269   25.555000             128000  7.4802237531003346E-01
   270   25.650000             128000  7.4683100204115771E-01
   271   25.745000             128000  7.4499389389232906E-01
   272   25.840000             128000  7.4253529235234972E-01
   273   25.935000             128000  7.3949477630454818E-01
   274   26.030000             128000  7.3593253584826313E-01
   275   26.125000             128000  7.3192958550839182E-01
   276   26.220000             128000  7.2758348846162135E-01
   277   26.315000             128000  7.2300058480174245E-01
   278   26.410000             128000  7.1828451117303793E-01
   279   26.505000             128000  7.1352855983083630E-01
   280   26.600000             128000  7.0881548598509647E-01
   281   26.695000             128000  7.0421680051273561E-01
   282   26.790000             128000  6.9978366770329536E-01
   283   26.885000             128000  6.9553652852212344E-01
   284   26.980000             128000  6.9146662851343810E-01
   285   27.075000             128000  6.8754490653705647E-01
   286   27.170000             128000  6.8373256348455491E-01
   287   27.265000             128000  6.7999408007920303E-01
   288   27.360000             128000  6.7630676108939725E-01
   289   27.455000             128000  6.7266595244913485E-01
   290   27.550000             128000  6.6908432886399494E-01
   291   27.645000             128000  6.6558685062933676E-01
   292   27.740000             128000  6.6220697268663331E-01
   293   27.835000             128000  6.5898596051352376E-01
   294   27.930000             128000  6.5597510755798938E-01
   295   28.025000             128000  6.5323422956381094E-01
   296   28.120000             128000  6.5082471292890198E-01
   297   28.215000             128000  6.4880136516725107E-01
   298   28.310000             128000  6.4720241454621519E-01
   299   28.405000             128000  6.4603475000440080E-01
   300   28.500000             128000  6.4526378773411674E-01
   301   28.595000             128000  6.4481724005462149E-01
   302   28.690000             128000  6.4459772192860409E-01
   303   28.785000             128000  6.4449596864604664E-01
   304   28.880000             128000  6.4439666217973079E-01
   305   28.975000             128000  6.4417533105825342E-01
   306   29.070000             128000  6.4369773415536602E-01
   307   29.165000             128000  6.4282865460166883E-01
   308   29.260000             128000  6.4144435287795587E-01
   309   29.355000             128000  6.3944433531834088E-01
   310   29.450000             128000  6.3676248266858138E-01
   311   29.545000             128000  6.3337420948780887E-01
   312   29.640000             128000  6.2929281947240701E-01
   313   29.735000             128000  6.2456218941667119E-01
   314   29.830000             128000  6.1925652143263732E-01
   315   29.925000             128000  6.1348157959545468E-01
   316   30.020000             128000  6.0736944567645712E-01
   317   30.115000             128000  6.0106615723344792E-01
   318   30.210000             128000  5.9471576396896908E-01
   319   30.305000             128000  5.8844666001043611E-01
   320   30.400000             128000  5.8236711249500983E-01
   321   30.495000             128000  5.7657100554127161E-01
   322   30.590000             128000  5.7114780253030739E-01
   323   30.685000             128000  5.6619084951177767E-01
   324   30.780000             128000  5.6180276414963537E-01
   325   30.875000             128000  5.5809539373061978E-01
   326   30.970000             128000  5.5518027304141349E-01
   327   31.065000             128000  5.5315256488006426E-01
   328   31.160000             128000  5.5207877202562272E-01
   329   31.255000             128000  5.5199387073676576E-01
   330   31.350000             128000  5.5290415243781088E-01
   331   31.445000             128000  5.5479553529350534E-01
   332   31.540000             128000  5.5764660075847416E-01
   333   31.635000             128000  5.6143793541760534E-01
   334   31.730000             128000  5.6615369857646924E-01
   335   31.825000             128000  5.7177645946133082E-01
   336   31.920000             128000  5.7827323947767340E-01
   337   32.015000             128000  5.8557695949290212E-01
   338   32.110000             128000  5.9357601440265650E-01
   339   32.205000             128000  6.0211898123893348E-01
   340   32.300000             128000  6.1102863806645491E-01
   341   32.395000             128000  6.2011938342730633E-01
   342   32.490000             128000  6.2921905207178408E-01
   343   32.585000             128000  6.3818677081945041E-01
   344   32.680000             128000  6.4691470994601086E-01
   345   32.775000             128000  6.5531896684277335E-01
   346   32.870000             128000  6.6333045968622728E-01
   347   32.965000             128000  6.7088921810143765E-01
   348   33.060000             128000  6.7794518440404472E-01
   349   33.155000             128000  6.8446266354914087E-01
   350   33.250000             128000  6.9042089525444217E-01
   351   33.345000             128000  6.9581148726668174E-01
   352   33.440000             128000  7.0063634872702485E-01
   353   33.535000             128000  7.0490859140315076E-01
   354   33.630000             128000  7.0865758751847774E-01
   355   33.725000             128000  7.1193401762262276E-01
   356   33.820000             128000  7.1480813040784386E-01
   357   33.915000             128000  7.1735939530740367E-01
   358   34.010000             128000  7.1966331324596666E-01
   359   34.105000             128000  7.2178469158909608E-01
   360   34.200000             128000  7.2377974243143028E-01
   361   34.295000             128000  7.2569620156935155E-01
   362   34.390000             128000  7.2756552498177851E-01
   363   34.485000             128000  7.2939240300078811E-01
   364   34.580000             128000  7.3114690194009935E-01
   365   34.675000             128000  7.3276579504433448E-01
   366   34.770000             128000  7.3417134046338761E-01
   367   34.865000             128000  7.3530274925884975E-01
   368   34.960000             128000  7.3613514605194852E-01
   369   35.055000             128000  7.3667571286641786E-01
   370   35.150000             128000  7.3695572896332606E-01
   371   35.245000             128000  7.3702289735350057E-01
   372   35.340000             128000  7.3693092934414284E-01
   373   35.435000             128000  7.3672947495359931E-01
   374   35.530000             128000  7.3645080705977617E-01
   375   35.625000             128000  7.3610646748307751E-01
   376   35.720000             128000  7.3570907862344059E-01
   377   35.815000             128000  7.3530345139227604E-01
   378   35.910000             128000  7.3497720493842134E-01
   379   36.005000             128000  7.3483640851139609E-01
   380   36.100000             128000  7.3496417896064048E-01
   381   36.195000             128000  7.3539930480640581E-01
   382   36.290000             128000  7.3614327642011823E-01
   383   36.385000             128000  7.3717154954294561E-01
   384   36.480000             128000  7.3843605527497780E-01
   385   36.575000             128000  7.3986724605242982E-01
   386   36.670000             128000  7.4138202598300262E-01
   387   36.765000             128000  7.4290042834161341E-01
   388   36.860000             128000  7.4436597918511793E-01
   389   36.955000             128000  7.4575425956256769E-01
   390   37.050000             128000  7.4707127412935237E-01
   391   37.145000             128000  7.4835168662494178E-01
   392   37.240000             128000  7.4965432385722097E-01
   393   37.335000             128000  7.5104025071122260E-01
   394   37.430000             128000  7.5252951113493849E-01
   395   37.525000             128000  7.5406351041508779E-01
   396   37.620000             128000  7.5550664700625858E-01
   397   37.715000             128000  7.5668711408525169E-01
   398   37.810000             128000  7.5744359910457648E-01
   399   37.905000             128000  7.5765347085569612E-01
   400   38.000000             128000  7.5724296944256764E-01
   401   38.095000             128000  7.5618933928255339E-01
   402   38.190000             128000  7.5451645409721202E-01
   403   38.285000             128000  7.5227927582203447E-01
   404   38.380000             128000  7.4954143774565141E-01
   405   38.475000             128000  7.4635209406453695E-01
   406   38.570000             128000  7.4272775637057920E-01
   407   38.665000             128000  7.3864991968446336E-01
   408   38.760000             128000  7.3408106248061222E-01
   409   38.855000             128000  7.2898909347810159E-01
   410   38.950000             128000  7.2336681816513082E-01
   411   39.045000             128000  7.1723927323404801E-01
   412   39.140000             128000  7.1066176873330100E-01
   413   39.235000             128000  7.0371660949053205E-01
   414   39.330000             128000  6.9650828311610247E-01
   415   39.425000             128000  6.8915613791305330E-01
   416   39.520000             128000  6.8178800268996897E-01
   417   39.615000             128000  6.7453296614447766E-01
   418   39.710000             128000  6.6751180669920684E-01
   419   39.805000             128000  6.6082694678559017E-01
   420   39.900000             128000  6.5455434515322364E-01
   421   39.995000             128000  6.4873974410665913E-01
   422   40.090000             128000  6.4340330867756235E-01
