! Kinetic energy for species "electrons-down"
  Iter        Time          Total Par.             Kin. Energy
     0   0.0000000             128000  7.5648081853632176E-01
     1  0.95000000E-01         128000  7.5648088974401517E-01
     2  0.19000000             128000  7.5648110269606161E-01
     3  0.28500000             128000  7.5648145516438992E-01
     4  0.38000000             128000  7.5648194303606320E-01
     5  0.47500000             128000  7.5648256026784433E-01
     6  0.57000000             128000  7.5648329905360123E-01
     7  0.66500000             128000  7.5648414992815993E-01
     8  0.76000000             128000  7.5648510180322881E-01
     9  0.85500000             128000  7.5648614217699550E-01
    10  0.95000000             128000  7.5648725751996460E-01
    11   1.0450000             128000  7.5648843358722107E-01
    12   1.1400000             128000  7.5648965554590852E-01
    13   1.2350000             128000  7.5649090799124941E-01
    14   1.3300000             128000  7.5649217492818877E-01
    15   1.4250000             128000  7.5649343983537831E-01
    16   1.5200000             128000  7.5649468593356217E-01
    17   1.6150000             128000  7.5649589658379091E-01
    18   1.7100000             128000  7.5649705570468351E-01
    19   1.8050000             128000  7.5649814820503591E-01
    20   1.9000000             128000  7.5649916016140495E-01
    21   1.9950000             128000  7.5650007843413403E-01
    22   2.0900000             128000  7.5650089032503876E-01
    23   2.1850000             128000  7.5650158428326864E-01
    24   2.2800000             128000  7.5650215128784160E-01
    25   2.3750000             128000  7.5650258530397174E-01
    26   2.4700000             128000  7.5650288224690443E-01
    27   2.5650000             128000  7.5650303872037450E-01
    28   2.6600000             128000  7.5650305182789923E-01
    29   2.7550000             128000  7.5650291995947638E-01
    30   2.8500000             128000  7.5650264370707399E-01
    31   2.9450000             128000  7.5650222629148201E-01
    32   3.0400000             128000  7.5650167328195250E-01
    33   3.1350000             128000  7.5650099189059927E-01
    34   3.2300000             128000  7.5650019057532503E-01
    35   3.3250000             128000  7.5649927937081984E-01
    36   3.4200000             128000  7.5649827042963191E-01
    37   3.5150000             128000  7.5649717782068771E-01
    38   3.6100000             128000  7.5649601637684527E-01
    39   3.7050000             128000  7.5649480068958430E-01
    40   3.8000000             128000  7.5649354543724767E-01
    41   3.8950000             128000  7.5649226635124545E-01
    42   3.9900000             128000  7.5649097986292357E-01
    43   4.0850000             128000  7.5648970139103033E-01
    44   4.1800000             128000  7.5648844473278609E-01
    45   4.2750000             128000  7.5648722378184008E-01
    46   4.3700000             128000  7.5648605426103588E-01
    47   4.4650000             128000  7.5648495273713379E-01
    48   4.5600000             128000  7.5648393364727928E-01
    49   4.6550000             128000  7.5648300760141918E-01
    50   4.7500000             128000  7.5648218272306034E-01
    51   4.8450000             128000  7.5648146736084565E-01
    52   4.9400000             128000  7.5648087110650919E-01
    53   5.0350000             128000  7.5648040312286269E-01
    54   5.1300000             128000  7.5648006971972381E-01
    55   5.2250000             128000  7.5647987345201761E-01
    56   5.3200000             128000  7.5647981402048159E-01
    57   5.4150000             128000  7.5647988968463609E-01
    58   5.5100000             128000  7.5648009771442593E-01
    59   5.6050000             128000  7.5648043341923743E-01
    60   5.7000000             128000  7.5648088920039602E-01
    61   5.7950000             128000  7.5648145541390932E-01
    62   5.8900000             128000  7.5648212209190691E-01
    63   5.9850000             128000  7.5648287876435782E-01
    64   6.0800000             128000  7.5648371234533485E-01
    65   6.1750000             128000  7.5648460632765580E-01
    66   6.2700000             128000  7.5648554286357816E-01
    67   6.3650000             128000  7.5648650500039105E-01
    68   6.4600000             128000  7.5648747606382638E-01
    69   6.5550000             128000  7.5648843739920979E-01
    70   6.6500000             128000  7.5648936791528965E-01
    71   6.7450000             128000  7.5649024600931947E-01
    72   6.8400000             128000  7.5649105127276917E-01
    73   6.9350000             128000  7.5649176445317723E-01
    74   7.0300000             128000  7.5649236711389456E-01
    75   7.1250000             128000  7.5649284256972604E-01
    76   7.2200000             128000  7.5649317702058516E-01
    77   7.3150000             128000  7.5649335845085464E-01
    78   7.4100000             128000  7.5649337314861764E-01
    79   7.5050000             128000  7.5649320302346013E-01
    80   7.6000000             128000  7.5649282679154717E-01
    81   7.6950000             128000  7.5649222433853025E-01
    82   7.7900000             128000  7.5649138046513098E-01
    83   7.8850000             128000  7.5649028486150560E-01
    84   7.9800000             128000  7.5648892874133833E-01
    85   8.0750000             128000  7.5648730194770497E-01
    86   8.1700000             128000  7.5648539387090374E-01
    87   8.2650000             128000  7.5648319674751197E-01
    88   8.3600000             128000  7.5648070650093791E-01
    89   8.4550000             128000  7.5647791935832653E-01
    90   8.5500000             128000  7.5647482784902353E-01
    91   8.6450000             128000  7.5647141973165222E-01
    92   8.7400000             128000  7.5646767895099043E-01
    93   8.8350000             128000  7.5646358607381503E-01
    94   8.9300000             128000  7.5645911813392130E-01
    95   9.0250000             128000  7.5645424942055495E-01
    96   9.1200000             128000  7.5644895319554761E-01
    97   9.2150000             128000  7.5644320262908193E-01
    98   9.3100000             128000  7.5643696994492771E-01
    99   9.4050000             128000  7.5643022452996389E-01
   100   9.5000000             128000  7.5642293165571428E-01
   101   9.5950000             128000  7.5641505324580161E-01
   102   9.6900000             128000  7.5640655002031121E-01
   103   9.7850000             128000  7.5639738088659025E-01
   104   9.8800000             128000  7.5638749607584854E-01
   105   9.9750000             128000  7.5637682743681967E-01
   106   10.070000             128000  7.5636528360543953E-01
   107   10.165000             128000  7.5635275285050940E-01
   108   10.260000             128000  7.5633910972365015E-01
   109   10.355000             128000  7.5632422064192739E-01
   110   10.450000             128000  7.5630794494874354E-01
   111   10.545000             128000  7.5629012988825794E-01
   112   10.640000             128000  7.5627060304869631E-01
   113   10.735000             128000  7.5624916950211318E-01
   114   10.830000             128000  7.5622561576673408E-01
   115   10.925000             128000  7.5619971430476196E-01
   116   11.020000             128000  7.5617122161310690E-01
   117   11.115000             128000  7.5613986959231405E-01
   118   11.210000             128000  7.5610535504629517E-01
   119   11.305000             128000  7.5606733264774084E-01
   120   11.400000             128000  7.5602541444566229E-01
   121   11.495000             128000  7.5597917484136667E-01
   122   11.590000             128000  7.5592815603166930E-01
   123   11.685000             128000  7.5587186920819249E-01
   124   11.780000             128000  7.5580978996041326E-01
   125   11.875000             128000  7.5574134727770925E-01
   126   11.970000             128000  7.5566590642190201E-01
   127   12.065000             128000  7.5558275283587717E-01
   128   12.160000             128000  7.5549108994758363E-01
   129   12.255000             128000  7.5539005432954631E-01
   130   12.350000             128000  7.5527873346730789E-01
   131   12.445000             128000  7.5515616716751865E-01
   132   12.540000             128000  7.5502132825152612E-01
   133   12.635000             128000  7.5487309327851992E-01
   134   12.730000             128000  7.5471021964128115E-01
   135   12.825000             128000  7.5453134466534699E-01
   136   12.920000             128000  7.5433501263636904E-01
   137   13.015000             128000  7.5411971387894894E-01
   138   13.110000             128000  7.5388390344703393E-01
   139   13.205000             128000  7.5362597645117801E-01
   140   13.300000             128000  7.5334420896117127E-01
   141   13.395000             128000  7.5303670019326119E-01
   142   13.490000             128000  7.5270135189143628E-01
   143   13.585000             128000  7.5233589950519053E-01
   144   13.680000             128000  7.5193798413851265E-01
   145   13.775000             128000  7.5150523613005560E-01
   146   13.870000             128000  7.5103533960908686E-01
   147   13.965000             128000  7.5052605848808573E-01
   148   14.060000             128000  7.4997522006103645E-01
   149   14.155000             128000  7.4938067214560755E-01
   150   14.250000             128000  7.4874025651144205E-01
   151   14.345000             128000  7.4805183611484360E-01
   152   14.440000             128000  7.4731336842929996E-01
   153   14.535000             128000  7.4652298033524023E-01
   154   14.630000             128000  7.4567900237003659E-01
   155   14.725000             128000  7.4477996459955964E-01
   156   14.820000             128000  7.4382459884779184E-01
   157   14.915000             128000  7.4281189928926827E-01
   158   15.010000             128000  7.4174123812285431E-01
   159   15.105000             128000  7.4061244358619371E-01
   160   15.200000             128000  7.3942573484514518E-01
   161   15.295000             128000  7.3818152500546530E-01
   162   15.390000             128000  7.3688020832887580E-01
   163   15.485000             128000  7.3552205373462054E-01
   164   15.580000             128000  7.3410721163083281E-01
   165   15.675000             128000  7.3263574359509187E-01
   166   15.770000             128000  7.3110759927051383E-01
   167   15.865000             128000  7.2952247381377999E-01
   168   15.960000             128000  7.2787952785005849E-01
   169   16.055000             128000  7.2617710101461785E-01
   170   16.150000             128000  7.2441259387466450E-01
   171   16.245000             128000  7.2258250358521070E-01
   172   16.340000             128000  7.2068241957057078E-01
   173   16.435000             128000  7.1870698423924018E-01
   174   16.530000             128000  7.1665010790223360E-01
   175   16.625000             128000  7.1450554289810753E-01
   176   16.720000             128000  7.1226763968457973E-01
   177   16.815000             128000  7.0993204407653532E-01
   178   16.910000             128000  7.0749623202828360E-01
   179   17.005000             128000  7.0495994991513333E-01
   180   17.100000             128000  7.0232548344449930E-01
   181   17.195000             128000  6.9959756644987459E-01
   182   17.290000             128000  6.9678291417520111E-01
   183   17.385000             128000  6.9388976641537725E-01
   184   17.480000             128000  6.9092790585370112E-01
   185   17.575000             128000  6.8790915878843450E-01
   186   17.670000             128000  6.8484798580808381E-01
   187   17.765000             128000  6.8176180450624457E-01
   188   17.860000             128000  6.7867107932171600E-01
   189   17.955000             128000  6.7559933651355297E-01
   190   18.050000             128000  6.7257300991197633E-01
   191   18.145000             128000  6.6962075785934794E-01
   192   18.240000             128000  6.6677249980272280E-01
   193   18.335000             128000  6.6405880256493444E-01
   194   18.430000             128000  6.6151069720345634E-01
   195   18.525000             128000  6.5915980409953567E-01
   196   18.620000             128000  6.5703799440918020E-01
   197   18.715000             128000  6.5517587120458431E-01
   198   18.810000             128000  6.5360157154624998E-01
   199   18.905000             128000  6.5234134765462182E-01
   200   19.000000             128000  6.5141909421033262E-01
   201   19.095000             128000  6.5085359167013501E-01
   202   19.190000             128000  6.5065787119254181E-01
   203   19.285000             128000  6.5084114140496696E-01
   204   19.380000             128000  6.5140930826868981E-01
   205   19.475000             128000  6.5236620070343498E-01
   206   19.570000             128000  6.5371857547159495E-01
   207   19.665000             128000  6.5547857541988419E-01
   208   19.760000             128000  6.5765825399944622E-01
   209   19.855000             128000  6.6026047394499221E-01
   210   19.950000             128000  6.6327163460540983E-01
   211   20.045000             128000  6.6665987659105808E-01
   212   20.140000             128000  6.7038170645148587E-01
   213   20.235000             128000  6.7439153161067222E-01
   214   20.330000             128000  6.7864606974879038E-01
   215   20.425000             128000  6.8310715661252219E-01
   216   20.520000             128000  6.8774645550785873E-01
   217   20.615000             128000  6.9254492289827230E-01
   218   20.710000             128000  6.9748528367843843E-01
   219   20.805000             128000  7.0254704340799601E-01
   220   20.900000             128000  7.0770550734446669E-01
   221   20.995000             128000  7.1292752154583905E-01
   222   21.090000             128000  7.1816378862087293E-01
   223   21.185000             128000  7.2334442588203995E-01
   224   21.280000             128000  7.2838284820387411E-01
   225   21.375000             128000  7.3318371529423976E-01
   226   21.470000             128000  7.3764706774450395E-01
   227   21.565000             128000  7.4167164625925219E-01
   228   21.660000             128000  7.4516463674932465E-01
   229   21.755000             128000  7.4805336234914166E-01
   230   21.850000             128000  7.5029011329890760E-01
   231   21.945000             128000  7.5184945804855940E-01
   232   22.040000             128000  7.5272297556018142E-01
   233   22.135000             128000  7.5291701008540568E-01
   234   22.230000             128000  7.5245302179378037E-01
   235   22.325000             128000  7.5136554191496296E-01
   236   22.420000             128000  7.4969773162343389E-01
   237   22.515000             128000  7.4749521474417746E-01
   238   22.610000             128000  7.4479735047141427E-01
   239   22.705000             128000  7.4163138110369609E-01
   240   22.800000             128000  7.3801513079631320E-01
   241   22.895000             128000  7.3396364294519678E-01
   242   22.990000             128000  7.2949324803695659E-01
   243   23.085000             128000  7.2462485010917810E-01
   244   23.180000             128000  7.1938743543066375E-01
   245   23.275000             128000  7.1381776902989413E-01
   246   23.370000             128000  7.0795618500919888E-01
   247   23.465000             128000  7.0184169230123883E-01
   248   23.560000             128000  6.9550917151717651E-01
   249   23.655000             128000  6.8899154811306795E-01
   250   23.750000             128000  6.8232391782914281E-01
   251   23.845000             128000  6.7554381760316518E-01
   252   23.940000             128000  6.6869123237121908E-01
   253   24.035000             128000  6.6181301289518379E-01
   254   24.130000             128000  6.5496534675880813E-01
   255   24.225000             128000  6.4820899423581257E-01
   256   24.320000             128000  6.4160353051704178E-01
   257   24.415000             128000  6.3520592091275629E-01
   258   24.510000             128000  6.2906831448484202E-01
   259   24.605000             128000  6.2323117776420267E-01
   260   24.700000             128000  6.1771980244134572E-01
   261   24.795000             128000  6.1255203295830685E-01
   262   24.890000             128000  6.0774967741893837E-01
   263   24.985000             128000  6.0334080055692330E-01
   264   25.080000             128000  5.9935445831533385E-01
   265   25.175000             128000  5.9581505356725928E-01
   266   25.270000             128000  5.9273681203068618E-01
   267   25.365000             128000  5.9012048317997934E-01
   268   25.460000             128000  5.8795514240877134E-01
   269   25.555000             128000  5.8622154344948574E-01
   270   25.650000             128000  5.8489254649006073E-01
   271   25.745000             128000  5.8393265095483149E-01
   272   25.840000             128000  5.8330243450800556E-01
   273   25.935000             128000  5.8296767907724867E-01
   274   26.030000             128000  5.8290461002240757E-01
   275   26.125000             128000  5.8309687371523333E-01
   276   26.220000             128000  5.8353104432978331E-01
   277   26.315000             128000  5.8419531379399858E-01
   278   26.410000             128000  5.8507821120561943E-01
   279   26.505000             128000  5.8616648473860322E-01
   280   26.600000             128000  5.8744408431198925E-01
   281   26.695000             128000  5.8889437163679514E-01
   282   26.790000             128000  5.9050370618683679E-01
   283   26.885000             128000  5.9226065373130476E-01
   284   26.980000             128000  5.9415080447577251E-01
   285   27.075000             128000  5.9615265481192381E-01
   286   27.170000             128000  5.9823614144613901E-01
   287   27.265000             128000  6.0036209116721007E-01
   288   27.360000             128000  6.0248431702837002E-01
   289   27.455000             128000  6.0455381468933400E-01
   290   27.550000             128000  6.0652026486548749E-01
   291   27.645000             128000  6.0833287000687819E-01
   292   27.740000             128000  6.0994628856787658E-01
   293   27.835000             128000  6.1132825154876957E-01
   294   27.930000             128000  6.1246127146814322E-01
   295   28.025000             128000  6.1334042761226915E-01
   296   28.120000             128000  6.1397592336470308E-01
   297   28.215000             128000  6.1439921151197696E-01
   298   28.310000             128000  6.1466182556753213E-01
   299   28.405000             128000  6.1482821315653002E-01
   300   28.500000             128000  6.1496964226092210E-01
   301   28.595000             128000  6.1515501333383893E-01
   302   28.690000             128000  6.1543894465192572E-01
   303   28.785000             128000  6.1585700763576612E-01
   304   28.880000             128000  6.1643248028084552E-01
   305   28.975000             128000  6.1719024361934760E-01
   306   29.070000             128000  6.1816662000647171E-01
   307   29.165000             128000  6.1940873461960488E-01
   308   29.260000             128000  6.2096863166835392E-01
   309   29.355000             128000  6.2289704220845432E-01
   310   29.450000             128000  6.2524350697551911E-01
   311   29.545000             128000  6.2806643392392347E-01
   312   29.640000             128000  6.3143988172333809E-01
   313   29.735000             128000  6.3544098805309979E-01
   314   29.830000             128000  6.4012198047721491E-01
   315   29.925000             128000  6.4548880129352337E-01
   316   30.020000             128000  6.5149512210529248E-01
   317   30.115000             128000  6.5804275696392023E-01
   318   30.210000             128000  6.6498472976847767E-01
   319   30.305000             128000  6.7213396491393373E-01
   320   30.400000             128000  6.7927620817554124E-01
   321   30.495000             128000  6.8618623900718190E-01
   322   30.590000             128000  6.9264955797590977E-01
   323   30.685000             128000  6.9848693197438294E-01
   324   30.780000             128000  7.0357079578250781E-01
   325   30.875000             128000  7.0782553495957379E-01
   326   30.970000             128000  7.1121941928821431E-01
   327   31.065000             128000  7.1375028036333865E-01
   328   31.160000             128000  7.1542021048667481E-01
   329   31.255000             128000  7.1621309637446506E-01
   330   31.350000             128000  7.1609487681236705E-01
   331   31.445000             128000  7.1503279717900203E-01
   332   31.540000             128000  7.1301594240053090E-01
   333   31.635000             128000  7.1006611946959408E-01
   334   31.730000             128000  7.0623778513038582E-01
   335   31.825000             128000  7.0160748081808377E-01
   336   31.920000             128000  6.9625525793816245E-01
   337   32.015000             128000  6.9025511212078927E-01
   338   32.110000             128000  6.8368362913391945E-01
   339   32.205000             128000  6.7663411570967291E-01
   340   32.300000             128000  6.6922441083892692E-01
   341   32.395000             128000  6.6159549643848736E-01
   342   32.490000             128000  6.5389798434837265E-01
   343   32.585000             128000  6.4626627617633192E-01
   344   32.680000             128000  6.3879911990117266E-01
   345   32.775000             128000  6.3155908990834164E-01
   346   32.870000             128000  6.2458701731641841E-01
   347   32.965000             128000  6.1791709397417016E-01
   348   33.060000             128000  6.1158419362484429E-01
   349   33.155000             128000  6.0562492202536822E-01
   350   33.250000             128000  6.0007261143378521E-01
   351   33.345000             128000  5.9494680502673092E-01
   352   33.440000             128000  5.9024311574959698E-01
   353   33.535000             128000  5.8593836778350616E-01
   354   33.630000             128000  5.8200155700237322E-01
   355   33.725000             128000  5.7839933700351620E-01
   356   33.820000             128000  5.7510117433300567E-01
   357   33.915000             128000  5.7208634462301733E-01
   358   34.010000             128000  5.6935054773579852E-01
   359   34.105000             128000  5.6690965853341224E-01
   360   34.200000             128000  5.6479806527758125E-01
   361   34.295000             128000  5.6306259868553243E-01
   362   34.390000             128000  5.6175594908950821E-01
   363   34.485000             128000  5.6092587570279284E-01
   364   34.580000             128000  5.6060323774066356E-01
   365   34.675000             128000  5.6080021282768200E-01
   366   34.770000             128000  5.6151733497953482E-01
   367   34.865000             128000  5.6274856833283649E-01
   368   34.960000             128000  5.6448261051864179E-01
   369   35.055000             128000  5.6670226849674354E-01
   370   35.150000             128000  5.6937785661958884E-01
   371   35.245000             128000  5.7245201950153690E-01
   372   35.340000             128000  5.7582871537971370E-01
   373   35.435000             128000  5.7938311073115711E-01
   374   35.530000             128000  5.8298558712576209E-01
   375   35.625000             128000  5.8652076805160980E-01
   376   35.720000             128000  5.8989433940577829E-01
   377   35.815000             128000  5.9303269992100627E-01
   378   35.910000             128000  5.9587927703486832E-01
   379   36.005000             128000  5.9838869614561840E-01
   380   36.100000             128000  6.0052443050889326E-01
   381   36.195000             128000  6.0225796045796010E-01
   382   36.290000             128000  6.0356584987515971E-01
   383   36.385000             128000  6.0442835083094715E-01
   384   36.480000             128000  6.0482640267293541E-01
   385   36.575000             128000  6.0473540935235881E-01
   386   36.670000             128000  6.0412840180141825E-01
   387   36.765000             128000  6.0299228446479791E-01
   388   36.860000             128000  6.0134206086517450E-01
   389   36.955000             128000  5.9922251702703866E-01
   390   37.050000             128000  5.9670218375692263E-01
   391   37.145000             128000  5.9386805763881600E-01
   392   37.240000             128000  5.9081977336994673E-01
   393   37.335000             128000  5.8765860261712977E-01
   394   37.430000             128000  5.8447442459103982E-01
   395   37.525000             128000  5.8133899764912511E-01
   396   37.620000             128000  5.7830783757078086E-01
   397   37.715000             128000  5.7542352775999073E-01
   398   37.810000             128000  5.7271674364461078E-01
   399   37.905000             128000  5.7020963614278786E-01
   400   38.000000             128000  5.6792719170442385E-01
   401   38.095000             128000  5.6591403230769644E-01
   402   38.190000             128000  5.6424155830758405E-01
   403   38.285000             128000  5.6299647521782104E-01
   404   38.380000             128000  5.6226548776863949E-01
   405   38.475000             128000  5.6213043433722187E-01
   406   38.570000             128000  5.6266880352479787E-01
   407   38.665000             128000  5.6395427311772450E-01
   408   38.760000             128000  5.6606197747363218E-01
   409   38.855000             128000  5.6907333255317172E-01
   410   38.950000             128000  5.7306928164340221E-01
   411   39.045000             128000  5.7811323486040145E-01
   412   39.140000             128000  5.8423077148687796E-01
   413   39.235000             128000  5.9139262559872119E-01
   414   39.330000             128000  5.9950685332800946E-01
   415   39.425000             128000  6.0842777599146647E-01
   416   39.520000             128000  6.1797974211090345E-01
   417   39.615000             128000  6.2798072432234220E-01
   418   39.710000             128000  6.3825131427426807E-01
   419   39.805000             128000  6.4860412297297698E-01
   420   39.900000             128000  6.5882235776471265E-01
   421   39.995000             128000  6.6864809627770494E-01
   422   40.090000             128000  6.7780381267244150E-01
