! Kinetic energy for species "positrons-up"
  Iter        Time          Total Par.             Kin. Energy
     0   0.0000000             128000  7.5664215734851226E-01
     1  0.95000000E-01         128000  7.5664222858050645E-01
     2  0.19000000             128000  7.5664244163519478E-01
     3  0.28500000             128000  7.5664279434321102E-01
     4  0.38000000             128000  7.5664328266596015E-01
     5  0.47500000             128000  7.5664390063257292E-01
     6  0.57000000             128000  7.5664464042286328E-01
     7  0.66500000             128000  7.5664549249570090E-01
     8  0.76000000             128000  7.5664644580501927E-01
     9  0.85500000             128000  7.5664748805435100E-01
    10  0.95000000             128000  7.5664860586353599E-01
    11   1.0450000             128000  7.5664978486275847E-01
    12   1.1400000             128000  7.5665100981008671E-01
    13   1.2350000             128000  7.5665226478026826E-01
    14   1.3300000             128000  7.5665353345031616E-01
    15   1.4250000             128000  7.5665479945138969E-01
    16   1.5200000             128000  7.5665604663583519E-01
    17   1.6150000             128000  7.5665725909312087E-01
    18   1.7100000             128000  7.5665842104285952E-01
    19   1.8050000             128000  7.5665951706160917E-01
    20   1.9000000             128000  7.5666053270780687E-01
    21   1.9950000             128000  7.5666145484829483E-01
    22   2.0900000             128000  7.5666227135147457E-01
    23   2.1850000             128000  7.5666297094091728E-01
    24   2.2800000             128000  7.5666354381475887E-01
    25   2.3750000             128000  7.5666398239288246E-01
    26   2.4700000             128000  7.5666428147963138E-01
    27   2.5650000             128000  7.5666443803802286E-01
    28   2.6600000             128000  7.5666445081912304E-01
    29   2.7550000             128000  7.5666431973199411E-01
    30   2.8500000             128000  7.5666404542003263E-01
    31   2.9450000             128000  7.5666362986478741E-01
    32   3.0400000             128000  7.5666307761168694E-01
    33   3.1350000             128000  7.5666239611528785E-01
    34   3.2300000             128000  7.5666159474217776E-01
    35   3.3250000             128000  7.5666068374558715E-01
    36   3.4200000             128000  7.5665967436731152E-01
    37   3.5150000             128000  7.5665857944337678E-01
    38   3.6100000             128000  7.5665741327000102E-01
    39   3.7050000             128000  7.5665619091182446E-01
    40   3.8000000             128000  7.5665492808235735E-01
    41   3.8950000             128000  7.5665364142195379E-01
    42   3.9900000             128000  7.5665234786832114E-01
    43   4.0850000             128000  7.5665106333894694E-01
    44   4.1800000             128000  7.5664980255976477E-01
    45   4.2750000             128000  7.5664858027145232E-01
    46   4.3700000             128000  7.5664741173941097E-01
    47   4.4650000             128000  7.5664631164391105E-01
    48   4.5600000             128000  7.5664529303527450E-01
    49   4.6550000             128000  7.5664436755528586E-01
    50   4.7500000             128000  7.5664354586984262E-01
    51   4.8450000             128000  7.5664283752795103E-01
    52   4.9400000             128000  7.5664225105332306E-01
    53   5.0350000             128000  7.5664179420936328E-01
    54   5.1300000             128000  7.5664147315281305E-01
    55   5.2250000             128000  7.5664129109620781E-01
    56   5.3200000             128000  7.5664124857945270E-01
    57   5.4150000             128000  7.5664134488480417E-01
    58   5.5100000             128000  7.5664157797569143E-01
    59   5.6050000             128000  7.5664194267208207E-01
    60   5.7000000             128000  7.5664242980595620E-01
    61   5.7950000             128000  7.5664302818886919E-01
    62   5.8900000             128000  7.5664372746256059E-01
    63   5.9850000             128000  7.5664451812235078E-01
    64   6.0800000             128000  7.5664538832573291E-01
    65   6.1750000             128000  7.5664632175206381E-01
    66   6.2700000             128000  7.5664729960943578E-01
    67   6.3650000             128000  7.5664830401327732E-01
    68   6.4600000             128000  7.5664931836403793E-01
    69   6.5550000             128000  7.5665032507050090E-01
    70   6.6500000             128000  7.5665130412377923E-01
    71   6.7450000             128000  7.5665223376148483E-01
    72   6.8400000             128000  7.5665309188897534E-01
    73   6.9350000             128000  7.5665385734859725E-01
    74   7.0300000             128000  7.5665451084097035E-01
    75   7.1250000             128000  7.5665503524256050E-01
    76   7.2200000             128000  7.5665541563779815E-01
    77   7.3150000             128000  7.5665563901155375E-01
    78   7.4100000             128000  7.5665569214679551E-01
    79   7.5050000             128000  7.5665555825632136E-01
    80   7.6000000             128000  7.5665521652378787E-01
    81   7.6950000             128000  7.5665464633403956E-01
    82   7.7900000             128000  7.5665383165897193E-01
    83   7.8850000             128000  7.5665276095744360E-01
    84   7.9800000             128000  7.5665142410910835E-01
    85   8.0750000             128000  7.5664981096835693E-01
    86   8.1700000             128000  7.5664791295577960E-01
    87   8.2650000             128000  7.5664572499026961E-01
    88   8.3600000             128000  7.5664324466484056E-01
    89   8.4550000             128000  7.5664046871411639E-01
    90   8.5500000             128000  7.5663738982299078E-01
    91   8.6450000             128000  7.5663399604242487E-01
    92   8.7400000             128000  7.5663027168908847E-01
    93   8.8350000             128000  7.5662619768860173E-01
    94   8.9300000             128000  7.5662175182120595E-01
    95   9.0250000             128000  7.5661691022888355E-01
    96   9.1200000             128000  7.5661164915067769E-01
    97   9.2150000             128000  7.5660594494205347E-01
    98   9.3100000             128000  7.5659977257766919E-01
    99   9.4050000             128000  7.5659310396771828E-01
   100   9.5000000             128000  7.5658590689910854E-01
   101   9.5950000             128000  7.5657814556233105E-01
   102   9.6900000             128000  7.5656978242191508E-01
   103   9.7850000             128000  7.5656077768710706E-01
   104   9.8800000             128000  7.5655108295072915E-01
   105   9.9750000             128000  7.5654063210300238E-01
   106   10.070000             128000  7.5652933674187628E-01
   107   10.165000             128000  7.5651708880736368E-01
   108   10.260000             128000  7.5650376662053831E-01
   109   10.355000             128000  7.5648923941326762E-01
   110   10.450000             128000  7.5647336780284624E-01
   111   10.545000             128000  7.5645599989798917E-01
   112   10.640000             128000  7.5643696563484664E-01
   113   10.735000             128000  7.5641607372250852E-01
   114   10.830000             128000  7.5639311245654639E-01
   115   10.925000             128000  7.5636785131007289E-01
   116   11.020000             128000  7.5634004037335889E-01
   117   11.115000             128000  7.5630940668791291E-01
   118   11.210000             128000  7.5627564671473835E-01
   119   11.305000             128000  7.5623841668369929E-01
   120   11.400000             128000  7.5619732749557822E-01
   121   11.495000             128000  7.5615194891428406E-01
   122   11.590000             128000  7.5610181810801280E-01
   123   11.685000             128000  7.5604644294657275E-01
   124   11.780000             128000  7.5598529587185614E-01
   125   11.875000             128000  7.5591780037616796E-01
   126   11.970000             128000  7.5584331430117357E-01
   127   12.065000             128000  7.5576111684434522E-01
   128   12.160000             128000  7.5567040758935944E-01
   129   12.255000             128000  7.5557031895171312E-01
   130   12.350000             128000  7.5545993136638656E-01
   131   12.445000             128000  7.5533827608655058E-01
   132   12.540000             128000  7.5520431921076470E-01
   133   12.635000             128000  7.5505693408356467E-01
   134   12.730000             128000  7.5489487801814970E-01
   135   12.825000             128000  7.5471679026520699E-01
   136   12.920000             128000  7.5452121825584029E-01
   137   13.015000             128000  7.5430665648985706E-01
   138   13.110000             128000  7.5407156465182668E-01
   139   13.205000             128000  7.5381434195347463E-01
   140   13.300000             128000  7.5353326850947355E-01
   141   13.395000             128000  7.5322644970062336E-01
   142   13.490000             128000  7.5289179696117015E-01
   143   13.585000             128000  7.5252705840801948E-01
   144   13.680000             128000  7.5212988982585027E-01
   145   13.775000             128000  7.5169793859904388E-01
   146   13.870000             128000  7.5122890958689625E-01
   147   13.965000             128000  7.5072059137028901E-01
   148   14.060000             128000  7.5017083821760422E-01
   149   14.155000             128000  7.4957752470615746E-01
   150   14.250000             128000  7.4893851674016276E-01
   151   14.345000             128000  7.4825169778015932E-01
   152   14.440000             128000  7.4751504383023337E-01
   153   14.535000             128000  7.4672670038409183E-01
   154   14.630000             128000  7.4588501446341238E-01
   155   14.725000             128000  7.4498852534883797E-01
   156   14.820000             128000  7.4403596427740060E-01
   157   14.915000             128000  7.4302631459964885E-01
   158   15.010000             128000  7.4195892549445164E-01
   159   15.105000             128000  7.4083358739861960E-01
   160   15.200000             128000  7.3965046815941682E-01
   161   15.295000             128000  7.3840992031521069E-01
   162   15.390000             128000  7.3711226882807035E-01
   163   15.485000             128000  7.3575770087768333E-01
   164   15.580000             128000  7.3434627275516051E-01
   165   15.675000             128000  7.3287794828055342E-01
   166   15.770000             128000  7.3135258846983608E-01
   167   15.865000             128000  7.2976982028194037E-01
   168   15.960000             128000  7.2812876371870683E-01
   169   16.055000             128000  7.2642775072027810E-01
   170   16.150000             128000  7.2466421571252049E-01
   171   16.245000             128000  7.2283474156037286E-01
   172   16.340000             128000  7.2093506672605689E-01
   173   16.435000             128000  7.1896005574528232E-01
   174   16.530000             128000  7.1690391558279232E-01
   175   16.625000             128000  7.1476075801264649E-01
   176   16.720000             128000  7.1252533862762368E-01
   177   16.815000             128000  7.1019374450770845E-01
   178   16.910000             128000  7.0776391839277442E-01
   179   17.005000             128000  7.0523607696202495E-01
   180   17.100000             128000  7.0261294971917188E-01
   181   17.195000             128000  6.9989964842598085E-01
   182   17.290000             128000  6.9710313757772058E-01
   183   17.385000             128000  6.9423170063521011E-01
   184   17.480000             128000  6.9129490559678630E-01
   185   17.575000             128000  6.8830406665495625E-01
   186   17.670000             128000  6.8527279718734146E-01
   187   17.765000             128000  6.8221737710500741E-01
   188   17.860000             128000  6.7915700112479249E-01
   189   17.955000             128000  6.7611395935354379E-01
   190   18.050000             128000  6.7311358096456408E-01
   191   18.145000             128000  6.7018362818300448E-01
   192   18.240000             128000  6.6735339173988328E-01
   193   18.335000             128000  6.6465300799151694E-01
   194   18.430000             128000  6.6211316070023918E-01
   195   18.525000             128000  6.5976518267208772E-01
   196   18.620000             128000  6.5764065919117187E-01
   197   18.715000             128000  6.5576982516220317E-01
   198   18.810000             128000  6.5418033110193741E-01
   199   18.905000             128000  6.5289762258894379E-01
   200   19.000000             128000  6.5194450393886250E-01
   201   19.095000             128000  6.5133899672307871E-01
   202   19.190000             128000  6.5109408066892938E-01
   203   19.285000             128000  6.5121985586959985E-01
   204   19.380000             128000  6.5172462489478455E-01
   205   19.475000             128000  6.5261592168301685E-01
   206   19.570000             128000  6.5390421969063250E-01
   207   19.665000             128000  6.5560433195434764E-01
   208   19.760000             128000  6.5772977072486305E-01
   209   19.855000             128000  6.6028414033869876E-01
   210   19.950000             128000  6.6325500130924242E-01
   211   20.045000             128000  6.6661317295413336E-01
   212   20.140000             128000  6.7031940041129212E-01
   213   20.235000             128000  6.7433241415377376E-01
   214   20.330000             128000  6.7861090176322647E-01
   215   20.425000             128000  6.8311449211187425E-01
   216   20.520000             128000  6.8780846214410274E-01
   217   20.615000             128000  6.9266480746481074E-01
   218   20.710000             128000  6.9765698075844818E-01
   219   20.805000             128000  7.0275722207850366E-01
   220   20.900000             128000  7.0793708086114693E-01
   221   20.995000             128000  7.1316363654117165E-01
   222   21.090000             128000  7.1839151262860779E-01
   223   21.185000             128000  7.2355712162113650E-01
   224   21.280000             128000  7.2858071153778958E-01
   225   21.375000             128000  7.3337251618052723E-01
   226   21.470000             128000  7.3783574121364714E-01
   227   21.565000             128000  7.4186992284869924E-01
   228   21.660000             128000  7.4538120840499267E-01
   229   21.755000             128000  7.4829457736166993E-01
   230   21.850000             128000  7.5055912422418591E-01
   231   21.945000             128000  7.5214543423040703E-01
   232   22.040000             128000  7.5304041621031881E-01
   233   22.135000             128000  7.5324582855822730E-01
   234   22.230000             128000  7.5278004724711778E-01
   235   22.325000             128000  7.5167709178882214E-01
   236   22.420000             128000  7.4998225553518605E-01
   237   22.515000             128000  7.4774497243266214E-01
   238   22.610000             128000  7.4500807008404857E-01
   239   22.705000             128000  7.4179987906370615E-01
   240   22.800000             128000  7.3813645906971648E-01
   241   22.895000             128000  7.3402955316845730E-01
   242   22.990000             128000  7.2949255766548515E-01
   243   23.085000             128000  7.2454551071698070E-01
   244   23.180000             128000  7.1921922787052117E-01
   245   23.275000             128000  7.1355414590879307E-01
   246   23.370000             128000  7.0759495350314983E-01
   247   23.465000             128000  7.0138489751426136E-01
   248   23.560000             128000  6.9496245683649061E-01
   249   23.655000             128000  6.8836340479533165E-01
   250   23.750000             128000  6.8162487661884075E-01
   251   23.845000             128000  6.7478503198576711E-01
   252   23.940000             128000  6.6788252375754653E-01
   253   24.035000             128000  6.6096111027422522E-01
   254   24.130000             128000  6.5407261509009040E-01
   255   24.225000             128000  6.4727301476366272E-01
   256   24.320000             128000  6.4061776986102181E-01
   257   24.415000             128000  6.3416105532857037E-01
   258   24.510000             128000  6.2795391994241689E-01
   259   24.605000             128000  6.2203790218536648E-01
   260   24.700000             128000  6.1644183945549602E-01
   261   24.795000             128000  6.1118907626363717E-01
   262   24.890000             128000  6.0630757168088889E-01
   263   24.985000             128000  6.0183086625960946E-01
   264   25.080000             128000  5.9779215037486289E-01
   265   25.175000             128000  5.9421854991653167E-01
   266   25.270000             128000  5.9112582003628222E-01
   267   25.365000             128000  5.8851504335961013E-01
   268   25.460000             128000  5.8637401617134854E-01
   269   25.555000             128000  5.8468069589347071E-01
   270   25.650000             128000  5.8340446912423971E-01
   271   25.745000             128000  5.8250643275791325E-01
   272   25.840000             128000  5.8194402378817034E-01
   273   25.935000             128000  5.8168000569117873E-01
   274   26.030000             128000  5.8168761640961519E-01
   275   26.125000             128000  5.8194750273678553E-01
   276   26.220000             128000  5.8244297593253069E-01
   277   26.315000             128000  5.8315860091012695E-01
   278   26.410000             128000  5.8407959267333909E-01
   279   26.505000             128000  5.8519064489188266E-01
   280   26.600000             128000  5.8647569235696606E-01
   281   26.695000             128000  5.8792048793707907E-01
   282   26.790000             128000  5.8951537785494312E-01
   283   26.885000             128000  5.9125317166305602E-01
   284   26.980000             128000  5.9312277183243822E-01
   285   27.075000             128000  5.9510381519246924E-01
   286   27.170000             128000  5.9716444782906586E-01
   287   27.265000             128000  5.9926141463530169E-01
   288   27.360000             128000  6.0134432486000211E-01
   289   27.455000             128000  6.0336280718111213E-01
   290   27.550000             128000  6.0526987702105672E-01
   291   27.645000             128000  6.0702123030016497E-01
   292   27.740000             128000  6.0857669711207774E-01
   293   27.835000             128000  6.0990370310938458E-01
   294   27.930000             128000  6.1097817734780191E-01
   295   28.025000             128000  6.1178629468502599E-01
   296   28.120000             128000  6.1233359848789570E-01
   297   28.215000             128000  6.1265484505619416E-01
   298   28.310000             128000  6.1281098779753629E-01
   299   28.405000             128000  6.1287408338401006E-01
   300   28.500000             128000  6.1291246975421587E-01
   301   28.595000             128000  6.1298139797260864E-01
   302   28.690000             128000  6.1311958748561701E-01
   303   28.785000             128000  6.1335354429282751E-01
   304   28.880000             128000  6.1370790885271742E-01
   305   28.975000             128000  6.1421468540588398E-01
   306   29.070000             128000  6.1491493955217957E-01
   307   29.165000             128000  6.1585724204763403E-01
   308   29.260000             128000  6.1710086914888618E-01
   309   29.355000             128000  6.1871992407364274E-01
   310   29.450000             128000  6.2080127607960600E-01
   311   29.545000             128000  6.2343790948873634E-01
   312   29.640000             128000  6.2671780049369208E-01
   313   29.735000             128000  6.3070684097768770E-01
   314   29.830000             128000  6.3543230375387294E-01
   315   29.925000             128000  6.4087784470340825E-01
   316   30.020000             128000  6.4698754463604691E-01
   317   30.115000             128000  6.5366632527012791E-01
   318   30.210000             128000  6.6077794483643015E-01
   319   30.305000             128000  6.6814873301934707E-01
   320   30.400000             128000  6.7557778364146193E-01
   321   30.495000             128000  6.8284835164727586E-01
   322   30.590000             128000  6.8974338357208387E-01
   323   30.685000             128000  6.9606799778061423E-01
   324   30.780000             128000  7.0166742408322080E-01
   325   30.875000             128000  7.0643553040621221E-01
   326   30.970000             128000  7.1031574118054142E-01
   327   31.065000             128000  7.1329146992501613E-01
   328   31.160000             128000  7.1536389067738115E-01
   329   31.255000             128000  7.1652752446323509E-01
   330   31.350000             128000  7.1675956226094850E-01
   331   31.445000             128000  7.1602275802076987E-01
   332   31.540000             128000  7.1427536346894049E-01
   333   31.635000             128000  7.1148916206594826E-01
   334   31.730000             128000  7.0767708387389372E-01
   335   31.825000             128000  7.0291173881526026E-01
   336   31.920000             128000  6.9731613323874631E-01
   337   32.015000             128000  6.9103750627180349E-01
   338   32.110000             128000  6.8421783668830405E-01
   339   32.205000             128000  6.7696978369123961E-01
   340   32.300000             128000  6.6936998137529191E-01
   341   32.395000             128000  6.6147887527921179E-01
   342   32.490000             128000  6.5337122238605383E-01
   343   32.585000             128000  6.4515708989447007E-01
   344   32.680000             128000  6.3698066157640298E-01
   345   32.775000             128000  6.2899499042222407E-01
   346   32.870000             128000  6.2133076607600835E-01
   347   32.965000             128000  6.1407333193998614E-01
   348   33.060000             128000  6.0725990070827485E-01
   349   33.155000             128000  6.0089463530819232E-01
   350   33.250000             128000  5.9497092806238072E-01
   351   33.345000             128000  5.8948157529314105E-01
   352   33.440000             128000  5.8441670045406513E-01
   353   33.535000             128000  5.7976547253507638E-01
   354   33.630000             128000  5.7551857265951578E-01
   355   33.725000             128000  5.7166655897303709E-01
   356   33.820000             128000  5.6819897397360375E-01
   357   33.915000             128000  5.6510670795813489E-01
   358   34.010000             128000  5.6238763872984987E-01
   359   34.105000             128000  5.6005468270320935E-01
   360   34.200000             128000  5.5813946426386063E-01
   361   34.295000             128000  5.5668784506841229E-01
   362   34.390000             128000  5.5574961897522779E-01
   363   34.485000             128000  5.5536378633277972E-01
   364   34.580000             128000  5.5554573437646537E-01
   365   34.675000             128000  5.5628736227374165E-01
   366   34.770000             128000  5.5756472115676547E-01
   367   34.865000             128000  5.5934237027993983E-01
   368   34.960000             128000  5.6157708793990846E-01
   369   35.055000             128000  5.6422405790553043E-01
   370   35.150000             128000  5.6723753560524415E-01
   371   35.245000             128000  5.7055954731179692E-01
   372   35.340000             128000  5.7410763826495081E-01
   373   35.435000             128000  5.7777749404683942E-01
   374   35.530000             128000  5.8145671910611896E-01
   375   35.625000             128000  5.8503825332845039E-01
   376   35.720000             128000  5.8842992554741791E-01
   377   35.815000             128000  5.9156070890142942E-01
   378   35.910000             128000  5.9437963694087592E-01
   379   36.005000             128000  5.9684808363791819E-01
   380   36.100000             128000  5.9893554013473493E-01
   381   36.195000             128000  6.0061728658416513E-01
   382   36.290000             128000  6.0186956721641682E-01
   383   36.385000             128000  6.0266855981509138E-01
   384   36.480000             128000  6.0299038379494130E-01
   385   36.575000             128000  6.0280664043634014E-01
   386   36.670000             128000  6.0208774332966941E-01
   387   36.765000             128000  6.0081973661480492E-01
   388   36.860000             128000  5.9902048021664200E-01
   389   36.955000             128000  5.9674372695130495E-01
   390   37.050000             128000  5.9407295907410518E-01
   391   37.145000             128000  5.9111400364113376E-01
   392   37.240000             128000  5.8798810869053353E-01
   393   37.335000             128000  5.8481722389052027E-01
   394   37.430000             128000  5.8170330160095729E-01
   395   37.525000             128000  5.7871630697446186E-01
   396   37.620000             128000  5.7589736325628371E-01
   397   37.715000             128000  5.7326914384394789E-01
   398   37.810000             128000  5.7084289930497889E-01
   399   37.905000             128000  5.6862389580322592E-01
   400   38.000000             128000  5.6662323847235285E-01
   401   38.095000             128000  5.6487246425530746E-01
   402   38.190000             128000  5.6343006667748929E-01
   403   38.285000             128000  5.6237294408733518E-01
   404   38.380000             128000  5.6178336733566225E-01
   405   38.475000             128000  5.6174577920275359E-01
   406   38.570000             128000  5.6234449997177904E-01
   407   38.665000             128000  5.6365704225421864E-01
   408   38.760000             128000  5.6575239058604510E-01
   409   38.855000             128000  5.6869498599699986E-01
   410   38.950000             128000  5.7254657731984093E-01
   411   39.045000             128000  5.7735970221416211E-01
   412   39.140000             128000  5.8316462407432290E-01
   413   39.235000             128000  5.8995266894064480E-01
   414   39.330000             128000  5.9766162385358612E-01
   415   39.425000             128000  6.0617559064810922E-01
   416   39.520000             128000  6.1534240127013595E-01
   417   39.615000             128000  6.2499465223470962E-01
   418   39.710000             128000  6.3495589874169156E-01
   419   39.805000             128000  6.4502885525153797E-01
   420   39.900000             128000  6.5497831408105611E-01
   421   39.995000             128000  6.6452571439718611E-01
   422   40.090000             128000  6.7337270000858829E-01
