! EM field energy per field component
  Iter        Time                          B1                      B2                      B3                      E1                      E2                      E3
     0   0.0000000      0.0000000000000000E+00  0.0000000000000000E+00  0.0000000000000000E+00  0.0000000000000000E+00  0.0000000000000000E+00  0.0000000000000000E+00
     1  0.95000000E-01  0.0000000000000000E+00  6.9855035162140081E-11  5.7941344730319168E-11  9.2615994029043539E-10  1.1149803871626637E-09  8.3258720066596017E-10
     2  0.19000000      0.0000000000000000E+00  7.6374842843190990E-10  6.6282230561704161E-10  3.6497442393265792E-09  3.6341098540061610E-09  2.3661205375430370E-09
     3  0.28500000      0.0000000000000000E+00  2.2107296925644381E-09  2.1248978754291522E-09  8.0105451233827270E-09  6.6132842191398359E-09  3.6736576108677458E-09
     4  0.38000000      0.0000000000000000E+00  3.7348028361548081E-09  4.1883776812945682E-09  1.3753318415003289E-08  9.7700895042759757E-09  4.8533111061283797E-09
     5  0.47500000      0.0000000000000000E+00  5.0918615926782364E-09  6.7535703087083763E-09  2.0543553663461312E-08  1.2740056302222659E-08  5.7981385264650410E-09
     6  0.57000000      0.0000000000000000E+00  6.3896907343050663E-09  9.7628245147524020E-09  2.7988080411121269E-08  1.5254368930370302E-08  6.3795457481578430E-09
     7  0.66500000      0.0000000000000000E+00  7.6995873329270942E-09  1.2819653000816464E-08  3.5659199029317745E-08  1.7519299189091326E-08  6.6510041294131686E-09
     8  0.76000000      0.0000000000000000E+00  9.0455585841115995E-09  1.5623598012932935E-08  4.3120817090679222E-08  1.9638010434296338E-08  6.5809612195518683E-09
     9  0.85500000      0.0000000000000000E+00  1.0185300410833033E-08  1.8342991187195838E-08  4.9954938981505350E-08  2.1209996519742061E-08  6.3801506899339473E-09
    10  0.95000000      0.0000000000000000E+00  1.1049272465647382E-08  2.1206845194005921E-08  5.5786880708955198E-08  2.1940844076235828E-08  6.0627424410164753E-09
    11   1.0450000      0.0000000000000000E+00  1.1820813053442148E-08  2.4348659644514595E-08  6.0307622239953719E-08  2.1847205602301090E-08  5.4134395683593338E-09
    12   1.1400000      0.0000000000000000E+00  1.2323922340878144E-08  2.7998397733004235E-08  6.3291959505751017E-08  2.0899457897102038E-08  4.7456488215536844E-09
    13   1.2350000      0.0000000000000000E+00  1.2334384202083451E-08  3.2185640354602487E-08  6.4611232501122152E-08  1.9196190424086927E-08  4.3910997569666084E-09
    14   1.3300000      0.0000000000000000E+00  1.1923312558257003E-08  3.6449331896998965E-08  6.4239940342449510E-08  1.7190344738328512E-08  4.2476516450635623E-09
    15   1.4250000      0.0000000000000000E+00  1.1148950693061525E-08  4.0265318643276583E-08  6.2255882545332762E-08  1.5235587924638733E-08  4.2992135605150939E-09
    16   1.5200000      0.0000000000000000E+00  1.0253774091839767E-08  4.3496845965885622E-08  5.8833821501913656E-08  1.3300082775576956E-08  4.3807282514040041E-09
    17   1.6150000      0.0000000000000000E+00  9.5064107470507093E-09  4.6312384459358992E-08  5.4233129327806189E-08  1.1379773459504793E-08  4.3175967544354391E-09
    18   1.7100000      0.0000000000000000E+00  8.8209136085508727E-09  4.9230614997501741E-08  4.8780285983527521E-08  9.4269787397060347E-09  4.3117482690921160E-09
    19   1.8050000      0.0000000000000000E+00  8.1913621492514503E-09  5.2817454656589839E-08  4.2847404410212209E-08  7.3163383954177555E-09  4.2877078420867060E-09
    20   1.9000000      0.0000000000000000E+00  7.6508426275140848E-09  5.6918075358016039E-08  3.6828144762264838E-08  5.3591999938968491E-09  4.0136663686551934E-09
    21   1.9950000      0.0000000000000000E+00  6.9328895399260985E-09  6.0800580612941193E-08  3.1112568817041671E-08  4.0377665326778523E-09  3.7267051665032967E-09
    22   2.0900000      0.0000000000000000E+00  6.0228317603428924E-09  6.3870769264458588E-08  2.6062563656790131E-08  3.5141117924191024E-09  3.5478321578378378E-09
    23   2.1850000      0.0000000000000000E+00  5.2566872965248578E-09  6.5914455064542653E-08  2.1989347155721701E-08  3.7959921344887676E-09  3.3167278315215793E-09
    24   2.2800000      0.0000000000000000E+00  4.6559880220367474E-09  6.7148842590693127E-08  1.9134522184474894E-08  4.8524167348438483E-09  3.2611915807666136E-09
    25   2.3750000      0.0000000000000000E+00  4.0516157160407373E-09  6.8342314493646439E-08  1.7655858784626336E-08  6.3785848683491800E-09  3.6652395457426750E-09
    26   2.4700000      0.0000000000000000E+00  3.4749749428904054E-09  7.0484930610781730E-08  1.7618624174508738E-08  7.9257083050256754E-09  4.3876101389781665E-09
    27   2.5650000      0.0000000000000000E+00  3.0654376324169846E-09  7.4103042000158136E-08  1.8993032984617538E-08  9.2958598791601897E-09  5.1567552326504516E-09
    28   2.6600000      0.0000000000000000E+00  3.1500798764720327E-09  7.9077346738503342E-08  2.1657818403593236E-08  1.0356854278669728E-08  5.5302764525488960E-09
    29   2.7550000      0.0000000000000000E+00  3.8720916373823839E-09  8.4799786493463471E-08  2.5409564958529853E-08  1.1009129525574826E-08  5.3088393934455390E-09
    30   2.8500000      0.0000000000000000E+00  4.8315035811729760E-09  9.0543202684182906E-08  2.9977242081535566E-08  1.1514485778260008E-08  4.9545001458921523E-09
    31   2.9450000      0.0000000000000000E+00  5.8222133328638064E-09  9.6284123117867692E-08  3.5040934244632090E-08  1.2071356563572220E-08  4.5955926826277317E-09
    32   3.0400000      0.0000000000000000E+00  6.8442078927442811E-09  1.0280494720009219E-07  4.0253497488427592E-08  1.2520749217526253E-08  4.0807283151679295E-09
    33   3.1350000      0.0000000000000000E+00  7.5679190044117192E-09  1.1076247686803964E-07  4.5263658509439864E-08  1.2775224670979305E-08  3.7595973437198993E-09
    34   3.2300000      0.0000000000000000E+00  7.7995373406923562E-09  1.2001856635282702E-07  4.9739052582144287E-08  1.3091904318600761E-08  3.9160626006351194E-09
    35   3.3250000      0.0000000000000000E+00  7.7759913261763292E-09  1.2993603314392275E-07  5.3387761313257091E-08  1.3649408328587830E-08  4.3640624132576119E-09
    36   3.4200000      0.0000000000000000E+00  7.7671361412550223E-09  1.3979226478049141E-07  5.5976882076721440E-08  1.4453269967839582E-08  4.8360285309139698E-09
    37   3.5150000      0.0000000000000000E+00  7.8197329981798742E-09  1.4912817190647920E-07  5.7347007470726076E-08  1.5610899479604664E-08  5.1664985975320321E-09
    38   3.6100000      0.0000000000000000E+00  7.6378762095671665E-09  1.5840229117939871E-07  5.7421707862314625E-08  1.7068061568781268E-08  5.5337605497735302E-09
    39   3.7050000      0.0000000000000000E+00  7.0613173532041823E-09  1.6904251497478611E-07  5.6211431976217431E-08  1.8383444886715021E-08  6.0424956438791973E-09
    40   3.8000000      0.0000000000000000E+00  6.4605768488134548E-09  1.8237428570474046E-07  5.3811674859251372E-08  1.9197131596149744E-08  6.2813351596351167E-09
    41   3.8950000      0.0000000000000000E+00  6.0338377636629715E-09  1.9874382272885423E-07  5.0395602284415402E-08  1.9548199372786921E-08  6.1607745142389421E-09
    42   3.9900000      0.0000000000000000E+00  5.6676618629119912E-09  2.1783281152997697E-07  4.6201650118817672E-08  1.9478122156342234E-08  5.9755013952648922E-09
    43   4.0850000      0.0000000000000000E+00  5.5645956533273066E-09  2.3923414373796126E-07  4.1516992848992701E-08  1.8858272873941156E-08  5.4989260178126559E-09
    44   4.1800000      0.0000000000000000E+00  5.8571720807289816E-09  2.6244993946748401E-07  3.6657980612587677E-08  1.7851536233783136E-08  4.5248967095893404E-09
    45   4.2750000      0.0000000000000000E+00  6.3424199548943537E-09  2.8700943233645597E-07  3.1948936310402479E-08  1.6739178448048678E-08  3.2672643849286711E-09
    46   4.3700000      0.0000000000000000E+00  6.7830833438560361E-09  3.1251587858490423E-07  2.7700641625324369E-08  1.5553846274602459E-08  2.0492395581427810E-09
    47   4.4650000      0.0000000000000000E+00  6.9062786605147306E-09  3.3828458483730736E-07  2.4190007319436297E-08  1.4509943516545297E-08  1.3917423064625685E-09
    48   4.5600000      0.0000000000000000E+00  6.7429871635553541E-09  3.6375516861697559E-07  2.1642204746681415E-08  1.3785012379153511E-08  1.5000636069126849E-09
    49   4.6550000      0.0000000000000000E+00  6.6828834367197537E-09  3.8892293459908324E-07  2.0216475110689223E-08  1.3237620442573061E-08  2.0249933041093281E-09
    50   4.7500000      0.0000000000000000E+00  6.8103837743574798E-09  4.1379320739543187E-07  1.9996414785899888E-08  1.2844378619234640E-08  2.8437417162222138E-09
    51   4.8450000      0.0000000000000000E+00  7.0376139585646629E-09  4.3794707912161484E-07  2.0985340448087180E-08  1.2872926808437497E-08  3.9260926745007767E-09
    52   4.9400000      0.0000000000000000E+00  7.5415714821399080E-09  4.6118824974648486E-07  2.3107076430849338E-08  1.3385360592523117E-08  4.8500016692348263E-09
    53   5.0350000      0.0000000000000000E+00  8.2778019450583803E-09  4.8437795214909403E-07  2.6211992940986336E-08  1.3985877208059718E-08  5.4681030033860691E-09
    54   5.1300000      0.0000000000000000E+00  8.9126895247375431E-09  5.0915829651663922E-07  3.0087799664027909E-08  1.4401945375018237E-08  5.9852196808397392E-09
    55   5.2250000      0.0000000000000000E+00  9.3618160447991447E-09  5.3711857592050337E-07  3.4474425705443576E-08  1.4694506850445438E-08  6.2653049119403056E-09
    56   5.3200000      0.0000000000000000E+00  9.5586408880288960E-09  5.6915133906102806E-07  3.9081869188619222E-08  1.5001110871862598E-08  6.2417960718725125E-09
    57   5.4150000      0.0000000000000000E+00  9.4146008104098798E-09  6.0524518295225778E-07  4.3609791145334543E-08  1.5410847176536105E-08  6.0536553327302102E-09
    58   5.5100000      0.0000000000000000E+00  9.0589561618871863E-09  6.4476272597031684E-07  4.7767530758237792E-08  1.5959107125939541E-08  5.6982705248964111E-09
    59   5.6050000      0.0000000000000000E+00  8.4493584688034988E-09  6.8694194803510587E-07  5.1293253900580768E-08  1.6600722071720687E-08  5.4539655731696046E-09
    60   5.7000000      0.0000000000000000E+00  7.5748333450594858E-09  7.3127366495443044E-07  5.3970948901921963E-08  1.7211784847721647E-08  5.4695275879884072E-09
    61   5.7950000      0.0000000000000000E+00  6.7164902313327491E-09  7.7765229750562917E-07  5.5644142163204751E-08  1.7598125772525848E-08  5.3578397404273152E-09
    62   5.8900000      0.0000000000000000E+00  5.8751461196090170E-09  8.2635447047835662E-07  5.6225490192462720E-08  1.7533014344344781E-08  5.0368394652975565E-09
    63   5.9850000      0.0000000000000000E+00  4.9047412904051881E-09  8.7780592053465447E-07  5.5701616384241814E-08  1.7125213901786386E-08  4.6868923224310352E-09
    64   6.0800000      0.0000000000000000E+00  3.9471538165571010E-09  9.3252447348093516E-07  5.4132954481967720E-08  1.6908286363950811E-08  4.2676411515686019E-09
    65   6.1750000      0.0000000000000000E+00  3.1663775221860743E-09  9.9120969509083650E-07  5.1648666133233281E-08  1.7165780743181562E-08  3.8588500038638956E-09
    66   6.2700000      0.0000000000000000E+00  2.7605695818946885E-09  1.0541836786357555E-06  4.8436982210853466E-08  1.7717220529474640E-08  3.4632771446383679E-09
    67   6.3650000      0.0000000000000000E+00  2.7573181903865313E-09  1.1208743325996606E-06  4.4731771147620223E-08  1.8437895539471074E-08  3.1353617693060034E-09
    68   6.4600000      0.0000000000000000E+00  2.9238630045391954E-09  1.1907801181490786E-06  4.0796227613597410E-08  1.9399406905670965E-08  3.1702628227773304E-09
    69   6.5550000      0.0000000000000000E+00  3.5998906276641894E-09  1.2650805349772087E-06  3.6904828251433138E-08  2.0364004670814232E-08  3.0509190632430025E-09
    70   6.6500000      0.0000000000000000E+00  4.9473861638715817E-09  1.3460525834970910E-06  3.3324619635936385E-08  2.1349144248931414E-08  2.3608919589057060E-09
    71   6.7450000      0.0000000000000000E+00  5.8532057746051174E-09  1.4350570404124854E-06  3.0297236524209738E-08  2.3280440780858288E-08  2.2765139689482019E-09
    72   6.8400000      0.0000000000000000E+00  5.7116605325109222E-09  1.5323455168152183E-06  2.8022916892052452E-08  2.6417174851272208E-08  3.3591243779292567E-09
    73   6.9350000      0.0000000000000000E+00  5.1506666617358728E-09  1.6375492012376006E-06  2.6647494497684209E-08  2.9918468898383592E-08  4.7678464305313588E-09
    74   7.0300000      0.0000000000000000E+00  4.6928155918171962E-09  1.7501002928258088E-06  2.6253145629882625E-08  3.3142006263815388E-08  5.9895113025307449E-09
    75   7.1250000      0.0000000000000000E+00  4.6741563189100498E-09  1.8702937355708718E-06  2.6853538168147950E-08  3.5650080951222894E-08  6.7609468867677222E-09
    76   7.2200000      0.0000000000000000E+00  5.3404939409090208E-09  1.9990861843067703E-06  2.8393731225779659E-08  3.6950648741811350E-08  6.8692543780285826E-09
    77   7.3150000      0.0000000000000000E+00  6.5885759199461965E-09  2.1363760249046433E-06  3.0754590574580467E-08  3.7035412362452485E-08  6.4407043722607327E-09
    78   7.4100000      0.0000000000000000E+00  8.2130756184014597E-09  2.2804460722833237E-06  3.3761571769607307E-08  3.6551787495138136E-08  5.5596707844991324E-09
    79   7.5050000      0.0000000000000000E+00  9.7817313569497208E-09  2.4296771694515980E-06  3.7197206962836961E-08  3.6049635646108303E-08  4.5401284336525065E-09
    80   7.6000000      0.0000000000000000E+00  1.0809199023237007E-08  2.5841254231496808E-06  4.0816302490032141E-08  3.5730134865370303E-08  3.8731325559181235E-09
    81   7.6950000      0.0000000000000000E+00  1.1386512208770697E-08  2.7453256506389045E-06  4.4362944374907166E-08  3.5841168865657756E-08  3.4701995248119737E-09
    82   7.7900000      0.0000000000000000E+00  1.1722821543731887E-08  2.9153541321403802E-06  4.7588097889934303E-08  3.6475363239347814E-08  3.2009553096514125E-09
    83   7.8850000      0.0000000000000000E+00  1.1723444434767332E-08  3.0960279592383881E-06  5.0266515822566305E-08  3.7427945398443552E-08  3.2950257637048970E-09
    84   7.9800000      0.0000000000000000E+00  1.1373446128939791E-08  3.2885940175471108E-06  5.2211871832354925E-08  3.8618046129889535E-08  3.7317538954091460E-09
    85   8.0750000      0.0000000000000000E+00  1.0633217219442362E-08  3.4940504245298961E-06  5.3289112572564657E-08  4.0251007797378076E-08  4.4477826047167763E-09
    86   8.1700000      0.0000000000000000E+00  9.5203948503006830E-09  3.7134894143785179E-06  5.3423150777301704E-08  4.2297399856126094E-08  5.3290746684941603E-09
    87   8.2650000      0.0000000000000000E+00  8.3410629504923721E-09  3.9475339339031820E-06  5.2603497129263092E-08  4.4587638536357699E-08  5.9237663124507993E-09
    88   8.3600000      0.0000000000000000E+00  7.1515443158659896E-09  4.1963210319125278E-06  5.0884504357298088E-08  4.6992500680497821E-08  6.1492320647205042E-09
    89   8.4550000      0.0000000000000000E+00  5.8521505714726451E-09  4.4611716688527317E-06  4.8381169293580156E-08  4.9095051599035918E-08  6.1642889553379265E-09
    90   8.5500000      0.0000000000000000E+00  4.6666828034666175E-09  4.7459295078909856E-06  4.5260780321900651E-08  5.0514797256919007E-08  5.7676047157098569E-09
    91   8.6450000      0.0000000000000000E+00  3.7082592962327961E-09  5.0560038272300609E-06  4.1731089134524400E-08  5.1286926849669348E-08  4.9994638476784386E-09
    92   8.7400000      0.0000000000000000E+00  2.8914155148154274E-09  5.3949477413724735E-06  3.8025898792114785E-08  5.1506103427904979E-08  4.2355386906858198E-09
    93   8.8350000      0.0000000000000000E+00  2.4132473323072470E-09  5.7605643072771481E-06  3.4389068297377141E-08  5.1215946968895732E-08  3.4838758556148785E-09
    94   8.9300000      0.0000000000000000E+00  2.4271963766275363E-09  6.1444551395180379E-06  3.1057901655062264E-08  5.0755159830383371E-08  2.7027956566934558E-09
    95   9.0250000      0.0000000000000000E+00  2.6855062104918822E-09  6.5367984979613407E-06  2.8247128010694485E-08  5.0735472858715744E-08  2.1973733635363376E-09
    96   9.1200000      0.0000000000000000E+00  2.8965717587057213E-09  6.9330763046733473E-06  2.6134553155540394E-08  5.1730821880266908E-08  2.1807983269515408E-09
    97   9.2150000      0.0000000000000000E+00  2.8495717569418948E-09  7.3376318673830676E-06  2.4849372982046534E-08  5.4369944200292890E-08  2.7754344274324040E-09
    98   9.3100000      0.0000000000000000E+00  2.6664002745357555E-09  7.7623131669248633E-06  2.4463802673461271E-08  5.9216517556582718E-08  3.7926266941800239E-09
    99   9.4050000      0.0000000000000000E+00  2.8777792733131303E-09  8.2216308315196131E-06  2.4988686252156417E-08  6.6266345982537639E-08  4.5630949551906656E-09
   100   9.5000000      0.0000000000000000E+00  3.5701709177197020E-09  8.7271164218303718E-06  2.6373360927745502E-08  7.5284668654839453E-08  4.9633996192692397E-09
   101   9.5950000      0.0000000000000000E+00  4.4475158382111938E-09  9.2846362925340339E-06  2.8509791871740705E-08  8.6059741589275572E-08  5.2925242361873894E-09
   102   9.6900000      0.0000000000000000E+00  5.5232938678492782E-09  9.8953792629566006E-06  3.1240538360204255E-08  9.8052260237225408E-08  5.3947151146398394E-09
   103   9.7850000      0.0000000000000000E+00  6.7327153307557051E-09  1.0557719325344758E-05  3.4369939083024852E-08  1.1038012461296770E-07  5.2280935001004402E-09
   104   9.8800000      0.0000000000000000E+00  7.7272042518698286E-09  1.1268317237065465E-05  3.7677934685270394E-08  1.2240672850263675E-07  5.1354885653259680E-09
   105   9.9750000      0.0000000000000000E+00  8.2941571582301155E-09  1.2023892123835224E-05  4.0935487395485489E-08  1.3386753611558787E-07  5.3201895016863366E-09
   106   10.070000      0.0000000000000000E+00  8.4886861038784216E-09  1.2824218125555507E-05  4.3920436881798970E-08  1.4449722154659159E-07  5.7140808085671469E-09
   107   10.165000      0.0000000000000000E+00  8.6094646581948250E-09  1.3673910732150381E-05  4.6432770861211514E-08  1.5414258709274967E-07  5.9493303135535722E-09
   108   10.260000      0.0000000000000000E+00  8.8032162452208579E-09  1.4580889139659380E-05  4.8308259090198512E-08  1.6280661775290744E-07  5.8095330759019570E-09
   109   10.355000      0.0000000000000000E+00  8.8199780279625678E-09  1.5551850592912254E-05  4.9429493133401032E-08  1.7022518574167474E-07  5.6047381630653133E-09
   110   10.450000      0.0000000000000000E+00  8.6935981444943571E-09  1.6587670884446150E-05  4.9733686269166656E-08  1.7588512066311316E-07  5.3364606892060857E-09
   111   10.545000      0.0000000000000000E+00  8.7099480032305521E-09  1.7682915876580720E-05  4.9216633152980902E-08  1.7976506516378625E-07  4.7154642043111184E-09
   112   10.640000      0.0000000000000000E+00  8.6925707913221418E-09  1.8831310212451009E-05  4.7932565792133387E-08  1.8258430370439808E-07  4.0344141915404417E-09
   113   10.735000      0.0000000000000000E+00  8.4153977938232826E-09  2.0033411475772671E-05  4.5990001819544148E-08  1.8522313997606181E-07  3.5816348091745510E-09
   114   10.830000      0.0000000000000000E+00  7.9611894230482149E-09  2.1299972431534561E-05  4.3543870606841761E-08  1.8856833435421189E-07  3.2348694214702779E-09
   115   10.925000      0.0000000000000000E+00  7.4422848948298155E-09  2.2648929792649009E-05  4.0784417109071672E-08  1.9350225193119951E-07  2.9267816334644410E-09
   116   11.020000      0.0000000000000000E+00  7.0703187643457781E-09  2.4098883554348960E-05  3.7923719405999094E-08  2.0023991159275325E-07  2.5378371261562003E-09
   117   11.115000      0.0000000000000000E+00  6.8689504978427470E-09  2.5662254793898063E-05  3.5180677621821540E-08  2.0852136832807659E-07  2.2347805533303431E-09
   118   11.210000      0.0000000000000000E+00  6.5919998852671609E-09  2.7341823881636329E-05  3.2765625158284187E-08  2.1812704182698177E-07  2.4962963006038462E-09
   119   11.305000      0.0000000000000000E+00  6.2740029361596162E-09  2.9132688680201623E-05  3.0865596581086999E-08  2.2873078850616935E-07  3.2845216889020811E-09
   120   11.400000      0.0000000000000000E+00  6.0214424426031344E-09  3.1028113591832306E-05  2.9631168056577509E-08  2.4008279648069225E-07  4.2700094338573338E-09
   121   11.495000      0.0000000000000000E+00  5.6318374750602662E-09  3.3026452738544583E-05  2.9165843607827178E-08  2.5254220647640671E-07  5.4164900639895467E-09
   122   11.590000      0.0000000000000000E+00  5.1450404277818473E-09  3.5135995808378968E-05  2.9518771076603467E-08  2.6700462016135038E-07  6.4387126644451510E-09
   123   11.685000      0.0000000000000000E+00  4.8868707650770776E-09  3.7374889687833454E-05  3.0681178935201340E-08  2.8400662854162252E-07  6.8682623499185491E-09
   124   11.780000      0.0000000000000000E+00  4.8951436971887080E-09  3.9765400380382124E-05  3.2586697765803406E-08  3.0340764808114579E-07  6.7808620391001413E-09
   125   11.875000      0.0000000000000000E+00  5.1528449335393235E-09  4.2326405827037022E-05  3.5115714551931965E-08  3.2482503175148970E-07  6.3367397159251596E-09
   126   11.970000      0.0000000000000000E+00  5.6703198502591208E-09  4.5069674998857845E-05  3.8103451519328865E-08  3.4791590742350391E-07  5.5782196296990291E-09
   127   12.065000      0.0000000000000000E+00  6.2489238324475706E-09  4.8001589627417695E-05  4.1351233304883166E-08  3.7255383330004349E-07  4.7625187170925332E-09
   128   12.160000      0.0000000000000000E+00  6.8263809483777649E-09  5.1127431169481466E-05  4.4640130860431404E-08  3.9886701767934393E-07  3.9290197770025547E-09
   129   12.255000      0.0000000000000000E+00  7.2796425500132480E-09  5.4453892794093634E-05  4.7745892430738503E-08  4.2722506800708882E-07  3.1788534982782371E-09
   130   12.350000      0.0000000000000000E+00  7.2142665786394205E-09  5.7988562495120206E-05  5.0454322175422482E-08  4.5818992776840172E-07  2.9813902699211626E-09
   131   12.445000      0.0000000000000000E+00  6.6397500946661045E-09  6.1739440764658752E-05  5.2576093490676327E-08  4.9252108805086062E-07  3.3078952025379343E-09
   132   12.540000      0.0000000000000000E+00  5.8857677462069237E-09  6.5718526540583402E-05  5.3959908174584964E-08  5.3084891854150918E-07  3.7963185107663259E-09
   133   12.635000      0.0000000000000000E+00  5.1373457754778926E-09  6.9948580700325623E-05  5.4503125991763672E-08  5.7346554960974743E-07  4.3487438410157275E-09
   134   12.730000      0.0000000000000000E+00  4.5989174599312459E-09  7.4467064329689393E-05  5.4159057669465570E-08  6.2052869589172562E-07  4.8142782489415309E-09
   135   12.825000      0.0000000000000000E+00  4.3378550008377013E-09  7.9321626833240541E-05  5.2940571041104705E-08  6.7172453629010775E-07  5.1331671112690015E-09
   136   12.920000      0.0000000000000000E+00  4.2984772496054512E-09  8.4556455905093091E-05  5.0919693947297170E-08  7.2559921613500742E-07  5.2778676163285223E-09
   137   13.015000      0.0000000000000000E+00  4.4272158855415958E-09  9.0195944747265282E-05  4.8223326389962679E-08  7.7995673384661505E-07  5.0429392320133800E-09
   138   13.110000      0.0000000000000000E+00  4.1447729417398907E-09  9.6237062195060280E-05  4.5025214732661559E-08  8.3319987645317766E-07  4.9258297278253748E-09
   139   13.205000      0.0000000000000000E+00  3.2437384807632905E-09  1.0265859356346226E-04  4.1534775747560110E-08  8.8468164650285783E-07  5.2466730219478998E-09
   140   13.300000      0.0000000000000000E+00  2.7935744069555501E-09  1.0944293917609634E-04  3.7983479706977241E-08  9.3460522898204622E-07  4.9798348246228326E-09
   141   13.395000      0.0000000000000000E+00  3.2798856633159123E-09  1.1659666292292014E-04  3.4609666865856941E-08  9.8513355974933021E-07  3.9437749205848939E-09
   142   13.490000      0.0000000000000000E+00  4.0318989306426330E-09  1.2415942165378325E-04  3.1642899901818077E-08  1.0396794794431401E-06  3.2638218972272622E-09
   143   13.585000      0.0000000000000000E+00  4.7776872083704642E-09  1.3219739581068845E-04  2.9288914883770458E-08  1.1003490388834398E-06  3.2546991632516746E-09
   144   13.680000      0.0000000000000000E+00  5.5512648613722912E-09  1.4078501928254424E-04  2.7716018061451606E-08  1.1675075724525483E-06  3.7088720833782296E-09
   145   13.775000      0.0000000000000000E+00  6.3612472996666554E-09  1.4998697707304526E-04  2.7043875936702926E-08  1.2402289491242729E-06  4.3767350643271562E-09
   146   13.870000      0.0000000000000000E+00  7.3325068133784687E-09  1.5984887017899487E-04  2.7335478534489049E-08  1.3165747091901867E-06  4.8500411890427217E-09
   147   13.965000      0.0000000000000000E+00  8.4351938224198319E-09  1.7039709763454230E-04  2.8592863852000930E-08  1.3944676151873303E-06  5.0072431102190095E-09
   148   14.060000      0.0000000000000000E+00  9.6380454114386551E-09  1.8164600043673337E-04  3.0756786350841139E-08  1.4731540663353541E-06  4.8095352469688625E-09
   149   14.155000      0.0000000000000000E+00  1.0927466023477285E-08  1.9361108591009580E-04  3.3710340263397916E-08  1.5534588149034940E-06  4.2082115409746670E-09
   150   14.250000      0.0000000000000000E+00  1.1876736995268199E-08  2.0632395801495655E-04  3.7286352295308415E-08  1.6368994853416686E-06  3.7157482468159651E-09
   151   14.345000      0.0000000000000000E+00  1.2186281259579675E-08  2.1984044684523739E-04  4.1278011795613555E-08  1.7251452716555465E-06  3.6969933096741634E-09
   152   14.440000      0.0000000000000000E+00  1.1989847518028801E-08  2.3423561164721525E-04  4.5451964174301312E-08  1.8195323983171777E-06  3.9654692647778688E-09
   153   14.535000      0.0000000000000000E+00  1.1317448745501535E-08  2.4958707170981951E-04  4.9563031272000661E-08  1.9204887450330184E-06  4.4534438626717174E-09
   154   14.630000      0.0000000000000000E+00  1.0181244780869891E-08  2.6595717287770677E-04  5.3369810422522963E-08  2.0278796548292776E-06  5.0538612345138171E-09
   155   14.725000      0.0000000000000000E+00  8.6599622551002267E-09  2.8338793003314567E-04  5.6649949023133603E-08  2.1422635171985233E-06  5.5879976128661130E-09
   156   14.820000      0.0000000000000000E+00  6.7719490971850561E-09  3.0191487052567723E-04  5.9214028741943673E-08  2.2653614653888904E-06  6.1428623707123039E-09
   157   14.915000      0.0000000000000000E+00  4.9349989658556673E-09  3.2159051716857404E-04  6.0917429949433470E-08  2.3998272212706366E-06  6.4782282748044336E-09
   158   15.010000      0.0000000000000000E+00  3.6638789601681839E-09  3.4250053561125606E-04  6.1668991183327406E-08  2.5489009043713398E-06  6.2672733397709946E-09
   159   15.105000      0.0000000000000000E+00  2.9401915608300103E-09  3.6476192533009441E-04  6.1436231930489753E-08  2.7151820288464064E-06  5.7227076850344760E-09
   160   15.200000      0.0000000000000000E+00  2.6444477720161151E-09  3.8850468018641177E-04  6.0246998840168741E-08  2.8997185425172827E-06  4.9639697051091862E-09
   161   15.295000      0.0000000000000000E+00  2.7199362515858542E-09  4.1384945567375029E-04  5.8187226715854056E-08  3.1025665496396601E-06  3.9132003587672213E-09
   162   15.390000      0.0000000000000000E+00  2.8064652543870077E-09  4.4089671308738003E-04  5.5394932252667988E-08  3.3235866154956838E-06  2.9299028326811959E-09
   163   15.485000      0.0000000000000000E+00  2.6449065318032932E-09  4.6973386161291010E-04  5.2050851277908072E-08  3.5628785421080815E-06  2.3668105766217908E-09
   164   15.580000      0.0000000000000000E+00  2.3938678136309363E-09  5.0045446185008617E-04  4.8366413311063487E-08  3.8210997417597212E-06  2.1531920312998695E-09
   165   15.675000      0.0000000000000000E+00  2.2280981816329124E-09  5.3317652557375347E-04  4.4569936856505728E-08  4.0993254765814724E-06  2.2453939568558461E-09
   166   15.770000      0.0000000000000000E+00  2.2583565619822387E-09  5.6804798086799741E-04  4.0892039793352541E-08  4.3980818291243753E-06  2.6079383916948563E-09
   167   15.865000      0.0000000000000000E+00  2.4368649042453793E-09  6.0523535720794831E-04  3.7551030530638037E-08  4.7167707033507424E-06  3.2823666621356456E-09
   168   15.960000      0.0000000000000000E+00  2.5216606510242460E-09  6.4490416220313706E-04  3.4739340675680578E-08  5.0540723412081905E-06  4.5038345553217247E-09
   169   16.055000      0.0000000000000000E+00  2.7317087723024138E-09  6.8720658607956139E-04  3.2611984034499846E-08  5.4082076960206220E-06  5.8705617560042776E-09
   170   16.150000      0.0000000000000000E+00  3.4668947232334095E-09  7.3228582245687143E-04  3.1277652807080824E-08  5.7775159463548901E-06  6.6939738799828117E-09
   171   16.245000      0.0000000000000000E+00  4.5638803536283164E-09  7.8029340499797487E-04  3.0792885660816376E-08  6.1613416227753123E-06  6.9940722386453160E-09
   172   16.340000      0.0000000000000000E+00  5.8296347851959363E-09  8.3140604096488234E-04  3.1159776943228120E-08  6.5599178484313981E-06  6.8606965319989520E-09
   173   16.435000      0.0000000000000000E+00  7.3288571123664938E-09  8.8582801111867929E-04  3.2327193273715899E-08  6.9734623310838961E-06  6.1738688326628692E-09
   174   16.530000      0.0000000000000000E+00  8.9679824706412630E-09  9.4377660255047480E-04  3.4195535339215630E-08  7.4019296063130543E-06  5.0936996301140654E-09
   175   16.625000      0.0000000000000000E+00  1.0427076620778004E-08  1.0054628540003487E-03  3.6624625124867971E-08  7.8456549404306279E-06  4.0186623796562979E-09
   176   16.720000      0.0000000000000000E+00  1.1298399035700326E-08  1.0710842888507538E-03  3.9443780045303916E-08  8.3057962873948520E-06  3.3993127732673738E-09
   177   16.815000      0.0000000000000000E+00  1.1455736952833620E-08  1.1408359293766962E-03  4.2464125963363214E-08  8.7848656448989483E-06  3.3474542842749179E-09
   178   16.910000      0.0000000000000000E+00  1.1219639537814174E-08  1.2149325910584606E-03  4.5491679641072050E-08  9.2873752592798296E-06  3.4275951783114060E-09
   179   17.005000      0.0000000000000000E+00  1.0673656781043763E-08  1.2936293304706748E-03  4.8340418242992149E-08  9.8194651415102055E-06  3.5539664064748795E-09
   180   17.100000      0.0000000000000000E+00  9.7155377378016831E-09  1.3772297545567448E-03  5.0844877045104736E-08  1.0387414944973363E-05  3.9412752214276849E-09
   181   17.195000      0.0000000000000000E+00  8.6812682210959755E-09  1.4660801844600495E-03  5.2871041948999303E-08  1.0996423293142685E-05  4.2812371757452495E-09
   182   17.290000      0.0000000000000000E+00  7.8349541387130674E-09  1.5605557250863912E-03  5.4324810929177942E-08  1.1650163810384447E-05  4.3616956198993609E-09
   183   17.385000      0.0000000000000000E+00  7.0359070398984822E-09  1.6610458865739587E-03  5.5157629538871523E-08  1.2350257138702463E-05  4.4326186796743326E-09
   184   17.480000      0.0000000000000000E+00  6.1990573737069019E-09  1.7679431025985186E-03  5.5369026667781035E-08  1.3096301532986818E-05  4.5941797965510753E-09
   185   17.575000      0.0000000000000000E+00  5.2932786248045237E-09  1.8816355529491437E-03  5.5005597825791085E-08  1.3887184140223900E-05  4.9083694563081971E-09
   186   17.670000      0.0000000000000000E+00  4.4914326650051714E-09  2.0025066464087133E-03  5.4157054250874593E-08  1.4721901414088763E-05  5.2019773661266581E-09
   187   17.765000      0.0000000000000000E+00  4.0805921604462151E-09  2.1309400800769533E-03  5.2949624479861668E-08  1.5599911919556081E-05  5.1090377497077911E-09
   188   17.860000      0.0000000000000000E+00  3.8781876252817881E-09  2.2673260442485983E-03  5.1536836781436129E-08  1.6521984528900212E-05  4.8151260333423403E-09
   189   17.955000      0.0000000000000000E+00  3.5761092661535777E-09  2.4120659153858063E-03  5.0088835735120357E-08  1.7490587710525608E-05  4.6767174092940570E-09
   190   18.050000      0.0000000000000000E+00  3.2772653557743390E-09  2.5655752724070193E-03  4.8781082712932608E-08  1.8509979849097282E-05  4.5938883850323724E-09
   191   18.145000      0.0000000000000000E+00  3.0471260574821791E-09  2.7282881988756275E-03  4.7782319400774390E-08  1.9586650834482128E-05  4.5942495537866672E-09
   192   18.240000      0.0000000000000000E+00  2.8613358271935819E-09  2.9006677325097291E-03  4.7243758705129351E-08  2.0729793789695918E-05  4.8168033374758614E-09
   193   18.335000      0.0000000000000000E+00  2.9836301204690653E-09  3.0832244941547127E-03  4.7288928295857899E-08  2.1950458431087570E-05  4.9329693946267294E-09
   194   18.430000      0.0000000000000000E+00  3.5250053273903081E-09  3.2765363514044156E-03  4.8005632816390645E-08  2.3259517708426332E-05  4.7183117318857336E-09
   195   18.525000      0.0000000000000000E+00  4.2951998921172895E-09  3.4812562423223170E-03  4.9440220678081375E-08  2.4665842049757241E-05  4.2985197384600646E-09
   196   18.620000      0.0000000000000000E+00  5.1711066380459246E-09  3.6981009005357629E-03  5.1595209393224322E-08  2.6174822319715522E-05  3.7145002078333073E-09
   197   18.715000      0.0000000000000000E+00  5.9034700313114688E-09  3.9278230066350202E-03  5.4430641319821199E-08  2.7787489426968381E-05  3.2440377555095858E-09
   198   18.810000      0.0000000000000000E+00  6.3505314579291247E-09  4.1711766773115683E-03  5.7867334696484930E-08  2.9500565164459268E-05  3.0901717894245803E-09
   199   18.905000      0.0000000000000000E+00  6.7015076401712080E-09  4.4288888727790666E-03  6.1792521709834745E-08  3.1307605712642421E-05  3.0354660791244111E-09
   200   19.000000      0.0000000000000000E+00  6.8707294159006288E-09  4.7016482987259633E-03  6.6068657839530916E-08  3.3200849338994379E-05  3.2268661599008809E-09
   201   19.095000      0.0000000000000000E+00  6.6739919355024916E-09  4.9901164816908905E-03  7.0545427935171571E-08  3.5173000499206542E-05  3.9154984865776759E-09
   202   19.190000      0.0000000000000000E+00  6.2710856943229788E-09  5.2949538732897546E-03  7.5070484775107388E-08  3.7217875458460533E-05  4.8644796732414794E-09
   203   19.285000      0.0000000000000000E+00  5.8171962270721149E-09  5.6168447187025829E-03  7.9500314248557178E-08  3.9329994599419035E-05  5.8139537889328736E-09
   204   19.380000      0.0000000000000000E+00  5.4300703999393410E-09  5.9565054681889910E-03  8.3711693479877887E-08  4.1504911851353791E-05  6.5104092434914061E-09
   205   19.475000      0.0000000000000000E+00  5.1770916345277852E-09  6.3146736573566099E-03  8.7612399055434226E-08  4.3740514336496311E-05  6.7750022387632330E-09
   206   19.570000      0.0000000000000000E+00  5.0086913181543484E-09  6.6920874640475142E-03  9.1148388336019129E-08  4.6037485105816241E-05  6.7366722758394200E-09
   207   19.665000      0.0000000000000000E+00  5.3049170450859121E-09  7.0894733891920837E-03  9.4307283457371818E-08  4.8399076605269405E-05  6.0701816172453384E-09
   208   19.760000      0.0000000000000000E+00  6.1621525799182805E-09  7.5075570850048129E-03  9.7121929545092669E-08  5.0831440649562705E-05  4.7611555456962615E-09
   209   19.855000      0.0000000000000000E+00  6.7225999373866387E-09  7.9470961430418673E-03  9.9674023616861128E-08  5.3343382101562143E-05  3.9712555126331382E-09
   210   19.950000      0.0000000000000000E+00  6.8777410010676161E-09  8.4089110135094937E-03  1.0209115708058528E-07  5.5943618453007437E-05  3.8751118257682883E-09
   211   20.045000      0.0000000000000000E+00  7.4135434662966702E-09  8.8938845613154190E-03  1.0454231764996697E-07  5.8638865735695687E-05  3.4729782244128432E-09
   212   20.140000      0.0000000000000000E+00  8.2438438460563750E-09  9.4029285118857470E-03  1.0723309639141642E-07  6.1433861086074832E-05  2.8343371744086203E-09
   213   20.235000      0.0000000000000000E+00  8.8184129149301527E-09  9.9369454450860626E-03  1.1039870332998613E-07  6.4330450939932329E-05  2.4884431443625051E-09
   214   20.330000      0.0000000000000000E+00  8.8507080501497326E-09  1.0496809038553401E-02  1.1428426863249227E-07  6.7327272578650529E-05  2.6499397566094084E-09
   215   20.425000      0.0000000000000000E+00  8.2527241303015905E-09  1.1083357750931748E-02  1.1913514586158980E-07  7.0420674599015992E-05  3.4219272906486077E-09
   216   20.520000      0.0000000000000000E+00  7.3329574855662094E-09  1.1697383668681744E-02  1.2519606307653710E-07  7.3605872475338921E-05  4.4862667632762053E-09
   217   20.615000      0.0000000000000000E+00  6.4708589451122255E-09  1.2339613639359787E-02  1.3270898446525050E-07  7.6878550152087357E-05  5.4692300688178657E-09
   218   20.710000      0.0000000000000000E+00  5.8754013475674324E-09  1.3010703564118882E-02  1.4189954999166200E-07  8.0237630468827465E-05  6.2059765945073332E-09
   219   20.805000      0.0000000000000000E+00  5.8654930751533373E-09  1.3711262251180599E-02  1.5296204934487951E-07  8.3686734239109574E-05  6.2747788730311813E-09
   220   20.900000      0.0000000000000000E+00  6.3734892916882103E-09  1.4441890170892081E-02  1.6608489855603239E-07  8.7231985920145755E-05  5.6436982013445636E-09
   221   20.995000      0.0000000000000000E+00  6.8382211094308317E-09  1.5203201938154077E-02  1.8145200834738375E-07  9.0878884826436316E-05  4.8763246877414342E-09
   222   21.090000      0.0000000000000000E+00  6.9463164210516611E-09  1.5995822889540046E-02  1.9922982599811506E-07  9.4631276955671690E-05  4.2683160551961265E-09
   223   21.185000      0.0000000000000000E+00  6.6335805366900017E-09  1.6820374231409307E-02  2.1956608318289734E-07  9.8491678527129749E-05  3.9362789964874752E-09
   224   21.280000      0.0000000000000000E+00  5.9791799241703891E-09  1.7677452473106779E-02  2.4258411633065921E-07  1.0246167116656902E-04  3.9374593215895728E-09
   225   21.375000      0.0000000000000000E+00  5.3171176251324006E-09  1.8567598948710587E-02  2.6835995958083274E-07  1.0654266288244570E-04  4.0024305857025992E-09
   226   21.470000      0.0000000000000000E+00  4.7234429124665822E-09  1.9491273835003972E-02  2.9695748138778280E-07  1.1073686041821532E-04  4.1576729676725011E-09
   227   21.565000      0.0000000000000000E+00  4.1477151549004582E-09  2.0448865666350943E-02  3.2842283250208802E-07  1.1504673911062720E-04  4.5200626605627964E-09
   228   21.660000      0.0000000000000000E+00  3.8238334532522143E-09  2.1440740420895023E-02  3.6282040966298033E-07  1.1947274974867181E-04  4.7392062075000903E-09
   229   21.755000      0.0000000000000000E+00  3.7466460364934881E-09  2.2467293008550188E-02  4.0024541905951021E-07  1.2400987408457464E-04  4.7118883381049321E-09
   230   21.850000      0.0000000000000000E+00  3.6637232584732482E-09  2.3528956276394314E-02  4.4082872068819169E-07  1.2864486798838705E-04  4.6591471012617113E-09
   231   21.945000      0.0000000000000000E+00  3.6383509271917042E-09  2.4626154460363120E-02  4.8476049756379832E-07  1.3335780978509815E-04  4.4691507882163732E-09
   232   22.040000      0.0000000000000000E+00  3.7488750320169637E-09  2.5759221488094952E-02  5.3223702290783075E-07  1.3812607986493658E-04  4.1079838057423599E-09
   233   22.135000      0.0000000000000000E+00  3.8222736030519943E-09  2.6928313922901431E-02  5.8339885116507726E-07  1.4292765545768443E-04  3.9074786576450806E-09
   234   22.230000      0.0000000000000000E+00  3.8141541110656862E-09  2.8133341233518228E-02  6.3837400320036091E-07  1.4774258147654082E-04  4.0102092492816843E-09
   235   22.325000      0.0000000000000000E+00  3.8014314715875576E-09  2.9373926368251164E-02  6.9721585529399094E-07  1.5255410814555843E-04  4.3844584217449300E-09
   236   22.420000      0.0000000000000000E+00  3.9466745153789214E-09  3.0649424385991199E-02  7.5997293853128258E-07  1.5734998674384943E-04  4.8684810731554899E-09
   237   22.515000      0.0000000000000000E+00  4.4954485103656895E-09  3.1959020504297213E-02  8.2669544976759700E-07  1.6212271248297930E-04  5.0976227687640298E-09
   238   22.610000      0.0000000000000000E+00  5.2164783591840437E-09  3.3301881646510281E-02  8.9731752588522123E-07  1.6686829792114202E-04  5.2394454454934021E-09
   239   22.705000      0.0000000000000000E+00  5.7512288092842519E-09  3.4677291360425390E-02  9.7166138105186990E-07  1.7158523483143040E-04  5.6109792204380412E-09
   240   22.800000      0.0000000000000000E+00  6.3306487587527946E-09  3.6084697621601436E-02  1.0496076246417393E-06  1.7627185475514265E-04  5.8202216159789867E-09
   241   22.895000      0.0000000000000000E+00  7.1850858049871277E-09  3.7523645382987830E-02  1.1309262826863263E-06  1.8092201106405747E-04  5.5860036580213688E-09
   242   22.990000      0.0000000000000000E+00  8.2448649936381692E-09  3.8993617501828053E-02  1.2151912007038675E-06  1.8551850793028970E-04  5.0691306789240427E-09
   243   23.085000      0.0000000000000000E+00  9.5071962325958445E-09  4.0493834533528353E-02  1.3019087324824953E-06  1.9002396402412430E-04  4.3268094764048808E-09
   244   23.180000      0.0000000000000000E+00  1.0942402640291172E-08  4.2023072324271799E-02  1.3903482297518836E-06  1.9437504188145449E-04  3.3836158424375648E-09
   245   23.275000      0.0000000000000000E+00  1.2345880268877399E-08  4.3579551683787784E-02  1.4795177300007629E-06  1.9848062230520925E-04  2.3465299611938177E-09
   246   23.370000      0.0000000000000000E+00  1.3238800337535942E-08  4.5160907999138800E-02  1.5683404620570817E-06  2.0222614729304358E-04  1.5707426560948844E-09
   247   23.465000      0.0000000000000000E+00  1.3047287465404225E-08  4.6764196995331887E-02  1.6558148551645394E-06  2.0548237820909238E-04  1.6451049581726869E-09
   248   23.560000      0.0000000000000000E+00  1.1893158026392132E-08  4.8385875140195850E-02  1.7409062502425228E-06  2.0812020643965333E-04  2.5079315628347794E-09
   249   23.655000      0.0000000000000000E+00  1.0417304346949806E-08  5.0021731898876626E-02  1.8224563202650416E-06  2.1002663814758795E-04  3.6217408877102921E-09
   250   23.750000      0.0000000000000000E+00  8.9291123874358175E-09  5.1666829492282323E-02  1.8990936959477022E-06  2.1111596107589413E-04  4.9023112124574481E-09
   251   23.845000      0.0000000000000000E+00  7.6786188759034692E-09  5.3315543347335660E-02  1.9691871621869820E-06  2.1133209294734508E-04  6.1858671283530818E-09
   252   23.940000      0.0000000000000000E+00  6.9981394249572722E-09  5.4961738737977078E-02  2.0311339909603979E-06  2.1064167811065380E-04  6.9855847226663159E-09
   253   24.035000      0.0000000000000000E+00  6.8070535007923818E-09  5.6598997171653301E-02  2.0836587160863247E-06  2.0902430989075700E-04  7.1837321084860118E-09
   254   24.130000      0.0000000000000000E+00  6.8016680010634262E-09  5.8220748970224334E-02  2.1261892030561748E-06  2.0647068988541070E-04  6.8465195581048181E-09
   255   24.225000      0.0000000000000000E+00  6.5927837919123231E-09  5.9820251362317549E-02  2.1592126369152616E-06  2.0298906112333772E-04  6.2311438290208824E-09
   256   24.320000      0.0000000000000000E+00  5.9041844988366006E-09  6.1390488663207538E-02  2.1840011760722665E-06  1.9862133341003792E-04  5.7141842772403586E-09
   257   24.415000      0.0000000000000000E+00  5.0760321186282072E-09  6.2924144952214045E-02  2.2024462299132338E-06  1.9345174201484229E-04  5.1270387577722719E-09
   258   24.510000      0.0000000000000000E+00  4.5449347513964242E-09  6.4413730422482468E-02  2.2174262368156817E-06  1.8761026194509244E-04  4.2708883425950641E-09
   259   24.605000      0.0000000000000000E+00  4.2603904018628721E-09  6.5851810878155018E-02  2.2331688672019872E-06  1.8126637657895131E-04  3.4847584309242069E-09
   260   24.700000      0.0000000000000000E+00  4.1513366380799709E-09  6.7231254790295819E-02  2.2548481078359916E-06  1.7461845494736066E-04  2.9579460229093788E-09
   261   24.795000      0.0000000000000000E+00  4.2178544715422035E-09  6.8545450898389398E-02  2.2884114120290819E-06  1.6788018823090512E-04  2.6564706081231579E-09
   262   24.890000      0.0000000000000000E+00  4.2331017980836896E-09  6.9788479912495024E-02  2.3401621836783935E-06  1.6126512877513829E-04  2.8086697786671831E-09
   263   24.985000      0.0000000000000000E+00  4.1943689162476730E-09  7.0955217828433170E-02  2.4158275251630924E-06  1.5497648051433151E-04  3.3663793080127711E-09
   264   25.080000      0.0000000000000000E+00  4.3719996910023480E-09  7.2041364164529775E-02  2.5203744456702830E-06  1.4920202737678882E-04  3.9408245210295937E-09
   265   25.175000      0.0000000000000000E+00  4.8335713420830836E-09  7.3043398842158311E-02  2.6574695538586220E-06  1.4411211573966861E-04  4.4027287892613587E-09
   266   25.270000      0.0000000000000000E+00  5.6234266332392235E-09  7.3958460881664051E-02  2.8284543978149903E-06  1.3986155793483759E-04  4.5916367325518780E-09
   267   25.365000      0.0000000000000000E+00  6.6386103034647434E-09  7.4784225034342511E-02  3.0313848877685437E-06  1.3658493293322222E-04  4.5069483903348995E-09
   268   25.460000      0.0000000000000000E+00  7.5062838854174401E-09  7.5518865031563756E-02  3.2609625810803075E-06  1.3437908912035593E-04  4.5321043136580066E-09
   269   25.555000      0.0000000000000000E+00  8.1934732764758019E-09  7.6161111120051320E-02  3.5087176225780667E-06  1.3328550007866681E-04  4.6279565923882745E-09
   270   25.650000      0.0000000000000000E+00  8.8059047066518794E-09  7.6710341616273714E-02  3.7628475107257031E-06  1.3328126094069086E-04  4.5978502621306983E-09
   271   25.745000      0.0000000000000000E+00  9.1661264410900031E-09  7.7166613600073819E-02  4.0077211936535993E-06  1.3428673887514692E-04  4.6731513068367199E-09
   272   25.840000      0.0000000000000000E+00  9.2535911737330882E-09  7.7530643874713784E-02  4.2262367685387391E-06  1.3618266994463741E-04  4.9547437689206329E-09
   273   25.935000      0.0000000000000000E+00  9.2370415069284601E-09  7.7803828702359162E-02  4.4027940936338873E-06  1.3882644196088097E-04  5.3768556026298283E-09
   274   26.030000      0.0000000000000000E+00  9.3301418152593899E-09  7.7988283318548901E-02  4.5254971068136603E-06  1.4206155921332294E-04  5.7885232678609354E-09
   275   26.125000      0.0000000000000000E+00  9.7324949715582745E-09  7.8086785112079962E-02  4.5887735079120704E-06  1.4572666563130660E-04  5.8690602704000934E-09
   276   26.220000      0.0000000000000000E+00  1.0148501519812020E-08  7.8102594722597049E-02  4.5948660674839579E-06  1.4966585997218561E-04  5.8326772632621782E-09
   277   26.315000      0.0000000000000000E+00  1.0449599996183909E-08  7.8039225942705140E-02  4.5543223916588097E-06  1.5373946133654962E-04  5.7624238395575917E-09
   278   26.410000      0.0000000000000000E+00  1.1198211462524759E-08  7.7900290425595153E-02  4.4843950598301073E-06  1.5783237229887470E-04  4.9137285210917876E-09
   279   26.505000      0.0000000000000000E+00  1.2078059200076792E-08  7.7689505676598672E-02  4.4062464192932193E-06  1.6186005077449236E-04  3.6640484942780752E-09
   280   26.600000      0.0000000000000000E+00  1.2073716122477664E-08  7.7410787187324873E-02  4.3419239526461501E-06  1.6577726345756532E-04  3.2733556667539831E-09
   281   26.695000      0.0000000000000000E+00  1.1307196433153839E-08  7.7068363933037162E-02  4.3105287853136319E-06  1.6957662369102065E-04  3.5740965477467141E-09
   282   26.790000      0.0000000000000000E+00  1.0386469909262286E-08  7.6666859579673771E-02  4.3262258347693063E-06  1.7328106403177322E-04  3.9049949727501636E-09
   283   26.885000      0.0000000000000000E+00  9.5275441308996375E-09  7.6211292782314866E-02  4.3977722194622807E-06  1.7693300873942725E-04  4.1135467505456513E-09
   284   26.980000      0.0000000000000000E+00  8.8036080796649010E-09  7.5706989839369979E-02  4.5284018224512837E-06  1.8059544730974420E-04  4.1432932010387431E-09
   285   27.075000      0.0000000000000000E+00  8.0531227307721780E-09  7.5159444322759117E-02  4.7172385435185291E-06  1.8436663348359242E-04  4.2597493773846506E-09
   286   27.170000      0.0000000000000000E+00  7.2488517791993127E-09  7.4574229032842373E-02  4.9615275415380274E-06  1.8838453390375900E-04  4.5822394190646250E-09
   287   27.265000      0.0000000000000000E+00  6.6230765332699805E-09  7.3956972516245487E-02  5.2584519349045804E-06  1.9280634476363958E-04  4.8775429476433242E-09
   288   27.360000      0.0000000000000000E+00  6.1837570697954152E-09  7.3313291897592864E-02  5.6060548353813225E-06  1.9778650668591182E-04  5.1425294098882012E-09
   289   27.455000      0.0000000000000000E+00  5.9877531189865540E-09  7.2648626892480903E-02  5.9984031513231288E-06  2.0346515250170688E-04  5.2113760780046093E-09
   290   27.550000      0.0000000000000000E+00  6.2429769772788650E-09  7.1968040960544183E-02  6.4215618169443503E-06  2.0997274887054677E-04  4.6506082424250685E-09
   291   27.645000      0.0000000000000000E+00  6.7412814871816049E-09  7.1276108782967321E-02  6.8537010498750198E-06  2.1743420603641012E-04  3.6280983824899176E-09
   292   27.740000      0.0000000000000000E+00  7.1573129901697580E-09  7.0576981094499086E-02  7.2705916857378467E-06  2.2596832807406781E-04  2.5912538707279043E-09
   293   27.835000      0.0000000000000000E+00  7.3242202545969709E-09  6.9874557207438043E-02  7.6515313181914852E-06  2.3567304983892115E-04  1.8946768688686579E-09
   294   27.930000      0.0000000000000000E+00  7.0663879883838586E-09  6.9172627570199485E-02  7.9758417176300243E-06  2.4660761279825418E-04  1.9231138382009994E-09
   295   28.025000      0.0000000000000000E+00  6.5190442607122127E-09  6.8474894866229027E-02  8.2249996386394834E-06  2.5877988601836940E-04  2.5463910448599760E-09
   296   28.120000      0.0000000000000000E+00  5.9141848271336634E-09  6.7784880690310481E-02  8.3835227407747397E-06  2.7214304043987050E-04  3.4072820155748713E-09
   297   28.215000      0.0000000000000000E+00  5.1854447351647846E-09  6.7105852115903294E-02  8.4443798093939515E-06  2.8659449571983106E-04  4.5539599381016234E-09
   298   28.310000      0.0000000000000000E+00  4.5226364594413735E-09  6.6440851700841755E-02  8.4097980375191667E-06  3.0196435145895189E-04  5.7723670364212494E-09
   299   28.405000      0.0000000000000000E+00  4.3182012749904008E-09  6.5792763553156358E-02  8.2906708230684790E-06  3.1800178522805071E-04  6.6312305000707552E-09
   300   28.500000      0.0000000000000000E+00  4.5837846541973120E-09  6.5164329604164878E-02  8.1055504433335962E-06  3.3438063156151582E-04  7.1730125184041861E-09
   301   28.595000      0.0000000000000000E+00  5.2912832168260201E-09  6.4558114572342659E-02  7.8789159581299253E-06  3.5071887139140139E-04  7.4444926006083088E-09
   302   28.690000      0.0000000000000000E+00  6.5872297600520462E-09  6.3976496669095551E-02  7.6391768164745183E-06  3.6661037845203844E-04  7.2211479894253741E-09
   303   28.785000      0.0000000000000000E+00  8.3054964008683808E-09  6.3421747013056834E-02  7.4146579981937467E-06  3.8163770104692157E-04  6.5896749776284111E-09
   304   28.880000      0.0000000000000000E+00  1.0003994200019452E-08  6.2896118083759264E-02  7.2332527722273039E-06  3.9536363378394598E-04  5.8363373175540747E-09
   305   28.975000      0.0000000000000000E+00  1.1220381977117016E-08  6.2401805659600254E-02  7.1190514320535301E-06  4.0732442778066514E-04  5.2141683767711342E-09
   306   29.070000      0.0000000000000000E+00  1.1648383446089150E-08  6.1940767008728415E-02  7.0887234060089497E-06  4.1705282538720450E-04  4.9649596005904039E-09
   307   29.165000      0.0000000000000000E+00  1.1629716582634066E-08  6.1514540149021225E-02  7.1482501464840362E-06  4.2413018080105836E-04  4.7841159634068108E-09
   308   29.260000      0.0000000000000000E+00  1.1692748385206338E-08  6.1124274628658881E-02  7.2940667106890239E-06  4.2823734793345374E-04  4.3067560717053683E-09
   309   29.355000      0.0000000000000000E+00  1.1785808553718815E-08  6.0771014577840080E-02  7.5127764184234412E-06  4.2917791532987064E-04  3.8991575348199830E-09
   310   29.450000      0.0000000000000000E+00  1.1841545689767369E-08  6.0455984836171608E-02  7.7835098796960223E-06  4.2686788369377152E-04  3.7377595395076966E-09
   311   29.545000      0.0000000000000000E+00  1.1988269470048689E-08  6.0180594969174099E-02  8.0830717392045481E-06  4.2133440699227689E-04  3.5583849239550246E-09
   312   29.640000      0.0000000000000000E+00  1.2124175041441118E-08  5.9946156337759064E-02  8.3910661945378066E-06  4.1272244295120319E-04  3.3516713113739235E-09
   313   29.735000      0.0000000000000000E+00  1.2107731032727787E-08  5.9753577278979036E-02  8.6905774488986018E-06  4.0130260199060068E-04  3.2159732120773831E-09
   314   29.830000      0.0000000000000000E+00  1.1922683000466179E-08  5.9603280073650282E-02  8.9675554483172262E-06  3.8746295924260883E-04  3.2062949309619862E-09
   315   29.925000      0.0000000000000000E+00  1.1712819699787988E-08  5.9495335189664524E-02  9.2113764836647040E-06  3.7167760952781613E-04  3.2347686471621943E-09
   316   30.020000      0.0000000000000000E+00  1.1675352547867015E-08  5.9429633199660506E-02  9.4172056677078533E-06  3.5447412259840909E-04  3.0890383060997934E-09
   317   30.115000      0.0000000000000000E+00  1.1541955972182393E-08  5.9405953595591643E-02  9.5892869942336666E-06  3.3640898115725392E-04  3.0779830682017544E-09
   318   30.210000      0.0000000000000000E+00  1.0884989256786800E-08  5.9423943285797746E-02  9.7411760676515696E-06  3.1804601878925487E-04  3.6886641314777093E-09
   319   30.305000      0.0000000000000000E+00  9.8458693186250442E-09  5.9483088309454063E-02  9.8926036454603704E-06  2.9993436773209035E-04  4.6558125608058874E-09
   320   30.400000      0.0000000000000000E+00  8.6394550480251517E-09  5.9582765248079907E-02  1.0065399916790565E-05  2.8258828803158796E-04  5.6495114962577728E-09
   321   30.495000      0.0000000000000000E+00  7.3152295448175042E-09  5.9722412660122397E-02  1.0281016070537303E-05  2.6646018735860036E-04  6.6241921318081389E-09
   322   30.590000      0.0000000000000000E+00  6.2091917068257441E-09  5.9901731746704746E-02  1.0558688792728022E-05  2.5191453759679423E-04  7.2529968678228854E-09
   323   30.685000      0.0000000000000000E+00  5.6661559257906231E-09  6.0120740536344135E-02  1.0915063203852709E-05  2.3921274455447874E-04  7.2790470816907446E-09
   324   30.780000      0.0000000000000000E+00  5.8460928912579555E-09  6.0379560967014294E-02  1.1360777256510496E-05  2.2852439481680460E-04  6.6345618026170758E-09
   325   30.875000      0.0000000000000000E+00  6.6878292094082020E-09  6.0678046859425905E-02  1.1895977395542246E-05  2.1994383641184528E-04  5.3636643711071468E-09
   326   30.970000      0.0000000000000000E+00  7.5979394620318707E-09  6.1015541534420417E-02  1.2508127909261145E-05  2.1350362211241641E-04  4.0958155505192137E-09
   327   31.065000      0.0000000000000000E+00  8.0643541135263641E-09  6.1390906058685961E-02  1.3170523680899410E-05  2.0917718617100988E-04  3.3617780627146446E-09
   328   31.160000      0.0000000000000000E+00  8.1567787982709746E-09  6.1802662566962166E-02  1.3844773765568813E-05  2.0687672220964594E-04  3.0171251023150209E-09
   329   31.255000      0.0000000000000000E+00  7.9563304044257369E-09  6.2249009848634712E-02  1.4489275185190400E-05  2.0646343788901427E-04  2.9669017122730486E-09
   330   31.350000      0.0000000000000000E+00  7.4536278672571843E-09  6.2727688120583019E-02  1.5066044251421640E-05  2.0777082400003918E-04  3.2586141363416775E-09
   331   31.445000      0.0000000000000000E+00  6.8987805479650122E-09  6.3235919920470771E-02  1.5542195830779504E-05  2.1062047158918259E-04  3.6110724811605178E-09
   332   31.540000      0.0000000000000000E+00  6.4174077070479326E-09  6.3770594641318887E-02  1.5892938269908914E-05  2.1482537655977460E-04  3.9300394970583254E-09
   333   31.635000      0.0000000000000000E+00  5.9563527386996239E-09  6.4328625347680232E-02  1.6104371579688246E-05  2.2018584703124706E-04  4.3547067738446201E-09
   334   31.730000      0.0000000000000000E+00  5.6529740797655106E-09  6.4907234334038333E-02  1.6176980225443633E-05  2.2648796225605906E-04  4.7319968092206795E-09
   335   31.825000      0.0000000000000000E+00  5.5711871042358703E-09  6.5503978782237945E-02  1.6128845149585992E-05  2.3351626040689209E-04  4.9733221090430257E-09
   336   31.920000      0.0000000000000000E+00  5.7616365294786281E-09  6.6116546094257947E-02  1.5996205950209351E-05  2.4107799643745015E-04  4.9903170562713721E-09
   337   32.015000      0.0000000000000000E+00  6.3961460536854015E-09  6.6742554711354263E-02  1.5824143981130793E-05  2.4901578277528247E-04  4.5167316634570660E-09
   338   32.110000      0.0000000000000000E+00  7.2410246255178888E-09  6.7379569696106853E-02  1.5656369973607283E-05  2.5719080541023435E-04  3.8423101808100792E-09
   339   32.205000      0.0000000000000000E+00  7.9700702404076162E-09  6.8025357714147069E-02  1.5530521476786305E-05  2.6546150705098316E-04  3.3920974800350880E-09
   340   32.300000      0.0000000000000000E+00  8.6276410795754293E-09  6.8678219000382387E-02  1.5476181294837855E-05  2.7368141778593981E-04  3.0870000170521561E-09
   341   32.395000      0.0000000000000000E+00  9.1704239322269764E-09  6.9337118140722145E-02  1.5511338737084068E-05  2.8172172893256109E-04  2.9583461399258743E-09
   342   32.490000      0.0000000000000000E+00  9.4798527502973182E-09  7.0001472539975518E-02  1.5638814551690819E-05  2.8950177784516881E-04  3.1417832403457249E-09
   343   32.585000      0.0000000000000000E+00  9.5549203946989812E-09  7.0670768235765402E-02  1.5849380501327983E-05  2.9701718440874105E-04  3.6671672594439531E-09
   344   32.680000      0.0000000000000000E+00  9.4380595109210975E-09  7.1344369079871961E-02  1.6129028488049939E-05  3.0433624227646109E-04  4.5694155303189839E-09
   345   32.775000      0.0000000000000000E+00  9.4679749622474085E-09  7.2021702544452004E-02  1.6466043485365805E-05  3.1157174266373776E-04  5.4130042116857277E-09
   346   32.870000      0.0000000000000000E+00  9.6985470674467546E-09  7.2702593486842090E-02  1.6851338470382020E-05  3.1884341809865555E-04  5.9482206747879921E-09
   347   32.965000      0.0000000000000000E+00  9.5807959870005169E-09  7.3387308631215925E-02  1.7281128008953460E-05  3.2626105564793342E-04  6.7142239051491108E-09
   348   33.060000      0.0000000000000000E+00  9.4249759183622968E-09  7.4076174116489743E-02  1.7759076003513660E-05  3.3393578139842859E-04  7.2913228223463828E-09
   349   33.155000      0.0000000000000000E+00  1.0002828982293672E-08  7.4769062258534399E-02  1.8290303083340956E-05  3.4199930186517620E-04  6.7599988135421761E-09
   350   33.250000      0.0000000000000000E+00  1.0817998148587758E-08  7.5465132885423183E-02  1.8870265639871350E-05  3.5059932836863463E-04  5.7884488339491552E-09
   351   33.345000      0.0000000000000000E+00  1.1068870852829749E-08  7.6162949117730638E-02  1.9481567617406753E-05  3.5986479575950408E-04  5.2834279651828770E-09
   352   33.440000      0.0000000000000000E+00  1.0648689314486633E-08  7.6860766498859173E-02  2.0096085208111978E-05  3.6987243126677591E-04  5.2419893330895751E-09
   353   33.535000      0.0000000000000000E+00  9.6903504369150213E-09  7.7556718295244603E-02  2.0671703621055391E-05  3.8063580099202774E-04  5.4936128294600169E-09
   354   33.630000      0.0000000000000000E+00  8.5838030219635819E-09  7.8248805853209577E-02  2.1152632491178311E-05  3.9211488784693035E-04  5.6156125601796645E-09
   355   33.725000      0.0000000000000000E+00  7.6069061265051148E-09  7.8934786550518221E-02  2.1475297451813608E-05  4.0423229049418657E-04  5.3969151085064803E-09
   356   33.820000      0.0000000000000000E+00  6.7472256415296432E-09  7.9612144901548471E-02  2.1582559612822158E-05  4.1688540826787922E-04  5.0100179890628746E-09
   357   33.915000      0.0000000000000000E+00  6.1013235289690521E-09  8.0278335922644176E-02  2.1437337452970879E-05  4.2995076946972558E-04  4.4259204220423902E-09
   358   34.010000      0.0000000000000000E+00  5.5967285917189674E-09  8.0931297205091957E-02  2.1034734671483224E-05  4.4327552256703752E-04  3.7774456747844474E-09
   359   34.105000      0.0000000000000000E+00  4.9490109690745189E-09  8.1569970214641019E-02  2.0410745970770794E-05  4.5667159067454521E-04  3.4821403084252082E-09
   360   34.200000      0.0000000000000000E+00  4.3275911666923074E-09  8.2194466383047740E-02  1.9638648632996117E-05  4.6993843417219590E-04  3.4024902357485230E-09
   361   34.295000      0.0000000000000000E+00  4.0645678420149285E-09  8.2805806560182174E-02  1.8813197077772505E-05  4.8290112108970059E-04  3.2586069966901158E-09
   362   34.390000      0.0000000000000000E+00  4.2798695577274881E-09  8.3405559983129818E-02  1.8028254356304083E-05  4.9544324482052652E-04  3.0244751842676191E-09
   363   34.485000      0.0000000000000000E+00  4.9634566929653636E-09  8.3995689553628794E-02  1.7362854637045145E-05  5.0750651061290245E-04  2.7135542800964311E-09
   364   34.580000      0.0000000000000000E+00  5.7469877802109152E-09  8.4578595137777324E-02  1.6868724502668713E-05  5.1907360141384786E-04  2.6945483666606842E-09
   365   34.675000      0.0000000000000000E+00  6.2712066512008653E-09  8.5157127717734593E-02  1.6562048264586872E-05  5.3015695099449154E-04  3.2972543775156044E-09
   366   34.770000      0.0000000000000000E+00  6.6736064014336977E-09  8.5734423634533347E-02  1.6430180211711521E-05  5.4078588103153441E-04  4.1841720713053782E-09
   367   34.865000      0.0000000000000000E+00  6.9735919433621716E-09  8.6313591502554785E-02  1.6446910350805638E-05  5.5098658208765645E-04  5.1680294495151901E-09
   368   34.960000      0.0000000000000000E+00  7.0642651532337482E-09  8.6897362914715268E-02  1.6586542195211841E-05  5.6076340326851974E-04  6.2384556434507063E-09
   369   35.055000      0.0000000000000000E+00  7.2175918753145469E-09  8.7487857306280614E-02  1.6843118814211959E-05  5.7010986920856869E-04  6.9714925642852155E-09
   370   35.150000      0.0000000000000000E+00  7.6468469037467607E-09  8.8086561994668813E-02  1.7244016096876527E-05  5.7902474533310429E-04  7.1192345801954203E-09
   371   35.245000      0.0000000000000000E+00  8.2300169594425028E-09  8.8694441206728925E-02  1.7851972064355915E-05  5.8752244414615002E-04  6.8957431587833141E-09
   372   35.340000      0.0000000000000000E+00  8.9242251949473608E-09  8.9311950286607308E-02  1.8756157159337398E-05  5.9565187889470776E-04  6.3630926205431904E-09
   373   35.435000      0.0000000000000000E+00  9.7040722688783141E-09  8.9938852217388066E-02  2.0052728015993546E-05  6.0354270381334516E-04  5.5400743700906537E-09
   374   35.530000      0.0000000000000000E+00  1.0463944399569635E-08  9.0574090538530175E-02  2.1814896589767753E-05  6.1143613064304752E-04  4.5901849255041061E-09
   375   35.625000      0.0000000000000000E+00  1.1135056154907815E-08  9.1216032198240191E-02  2.4060267131947879E-05  6.1968631658842490E-04  3.6622376015912035E-09
   376   35.720000      0.0000000000000000E+00  1.1424340072470550E-08  9.1863072782932431E-02  2.6732081749892423E-05  6.2873213989511785E-04  3.2210251631374348E-09
   377   35.815000      0.0000000000000000E+00  1.1196845246480901E-08  9.2514333244940739E-02  2.9702010912204762E-05  6.3905808992880872E-04  3.5271613313478416E-09
   378   35.910000      0.0000000000000000E+00  1.0907776275391300E-08  9.3170100898896505E-02  3.2783503444315846E-05  6.5116087296860031E-04  4.0089275742538295E-09
   379   36.005000      0.0000000000000000E+00  1.0750245563080002E-08  9.3831848521922570E-02  3.5752512985657505E-05  6.6553237767071223E-04  4.3577143798119069E-09
   380   36.100000      0.0000000000000000E+00  1.0463771783901355E-08  9.4501997268740423E-02  3.8372683800261678E-05  6.8264737391890570E-04  4.7700943805900293E-09
   381   36.195000      0.0000000000000000E+00  9.9741272444409862E-09  9.5183759903394324E-02  4.0424032644553982E-05  7.0293760511605866E-04  5.1733776157142403E-09
   382   36.290000      0.0000000000000000E+00  9.3193020674943258E-09  9.5881238807147551E-02  4.1741462795201039E-05  7.2672426043840900E-04  5.4152719101017809E-09
   383   36.385000      0.0000000000000000E+00  8.5111559245096851E-09  9.6599622581023392E-02  4.2251467116097280E-05  7.5415139014124049E-04  5.4470450300424456E-09
   384   36.480000      0.0000000000000000E+00  7.5208269540848117E-09  9.7345150980744796E-02  4.1979252608656736E-05  7.8513839426368756E-04  5.3611539794942541E-09
   385   36.575000      0.0000000000000000E+00  6.3356250864537553E-09  9.8124717816036211E-02  4.1037941685012086E-05  8.1938766734510830E-04  5.3593594189429594E-09
   386   36.670000      0.0000000000000000E+00  5.3252052698553322E-09  9.8945314476657539E-02  3.9611898050065536E-05  8.5641720451413203E-04  5.1993602649623827E-09
   387   36.765000      0.0000000000000000E+00  4.8408428171736291E-09  9.9813582970958284E-02  3.7935945730589065E-05  8.9561202792346698E-04  4.5779720549648719E-09
   388   36.860000      0.0000000000000000E+00  4.5921074948549451E-09  1.0073561218633401E-01  3.6270232714212169E-05  9.3623667921082811E-04  3.9350360502052625E-09
   389   36.955000      0.0000000000000000E+00  4.3386839525153687E-09  1.0171691374876374E-01  3.4864927351526486E-05  9.7744477338571382E-04  3.6141726599293071E-09
   390   37.050000      0.0000000000000000E+00  4.2165476899708499E-09  1.0276240126171199E-01  3.3930011315597123E-05  1.0182953765746671E-03  3.5009852060839916E-09
   391   37.145000      0.0000000000000000E+00  4.2224514952185053E-09  1.0387625586961334E-01  3.3621602706387750E-05  1.0577992636778154E-03  3.6654765760436680E-09
   392   37.240000      0.0000000000000000E+00  4.3567124725944739E-09  1.0506169350382254E-01  3.4041186465469829E-05  1.0949805692101547E-03  4.0827874387046611E-09
   393   37.335000      0.0000000000000000E+00  4.6718599219283682E-09  1.0632076261831853E-01  3.5222603588893177E-05  1.1289346647814162E-03  4.5810355315414385E-09
   394   37.430000      0.0000000000000000E+00  5.1506319281540163E-09  1.0765430985534641E-01  3.7119624640717848E-05  1.1588914556138468E-03  5.0861557331257240E-09
   395   37.525000      0.0000000000000000E+00  5.9985813027892334E-09  1.0906213564016271E-01  3.9606720222731755E-05  1.1842622904453888E-03  5.2116393263115439E-09
   396   37.620000      0.0000000000000000E+00  7.1768155462230192E-09  1.1054318131472063E-01  4.2493194864281342E-05  1.2046565942999245E-03  4.8409582227183104E-09
   397   37.715000      0.0000000000000000E+00  8.1358919760443874E-09  1.1209553013916591E-01  4.5543563948288757E-05  1.2199076463973784E-03  4.4978486162423825E-09
   398   37.810000      0.0000000000000000E+00  8.5737277799067858E-09  1.1371622144333618E-01  4.8500445391883205E-05  1.2300866621038887E-03  4.4459818203863250E-09
   399   37.905000      0.0000000000000000E+00  8.5703769184232058E-09  1.1540104604627346E-01  5.1108319469878821E-05  1.2355030521385461E-03  4.5903826284224797E-09
   400   38.000000      0.0000000000000000E+00  8.1968854793816518E-09  1.1714450054045418E-01  5.3142975741824355E-05  1.2366751069735834E-03  4.9782889073703392E-09
   401   38.095000      0.0000000000000000E+00  7.7419384858503586E-09  1.1893991813885581E-01  5.4442583102065952E-05  1.2343157645204406E-03  5.3924626364057778E-09
   402   38.190000      0.0000000000000000E+00  7.5554035720324197E-09  1.2077966738663448E-01  5.4936037405722349E-05  1.2293304846357298E-03  5.4458472636452406E-09
   403   38.285000      0.0000000000000000E+00  7.5838897271234573E-09  1.2265538460799293E-01  5.4665570942300449E-05  1.2228037443807458E-03  5.1845828224160850E-09
   404   38.380000      0.0000000000000000E+00  7.7156555947920052E-09  1.2455826402205600E-01  5.3802405116723280E-05  1.2159486107469386E-03  4.7025625703459865E-09
   405   38.475000      0.0000000000000000E+00  7.8589976535045652E-09  1.2647934253985946E-01  5.2633870936679718E-05  1.2100234027746808E-03  4.1222155164768584E-09
   406   38.570000      0.0000000000000000E+00  7.8324766786423835E-09  1.2840967799142086E-01  5.1535353922038839E-05  1.2062646096576376E-03  3.7590811705207514E-09
   407   38.665000      0.0000000000000000E+00  7.8132175057527931E-09  1.3034051146084011E-01  5.0929002431848139E-05  1.2058227058228987E-03  3.4536435852134033E-09
   408   38.760000      0.0000000000000000E+00  7.9892960032798403E-09  1.3226347486013185E-01  5.1221118439894451E-05  1.2096913303418005E-03  3.0150441236904383E-09
   409   38.855000      0.0000000000000000E+00  8.1740627266122807E-09  1.3417071900648361E-01  5.2735674812812694E-05  1.2186177517261869E-03  2.7703627537822833E-09
   410   38.950000      0.0000000000000000E+00  8.3610662279573142E-09  1.3605488294956120E-01  5.5650545742919406E-05  1.2330569740004529E-03  2.8301616040993315E-09
   411   39.045000      0.0000000000000000E+00  8.6820451228188615E-09  1.3790898510260419E-01  5.9951464867897251E-05  1.2531536966802065E-03  3.0832872606566555E-09
   412   39.140000      0.0000000000000000E+00  9.0880458972249031E-09  1.3972648576803379E-01  6.5411172020921529E-05  1.2787274093849909E-03  3.5098382291139470E-09
   413   39.235000      0.0000000000000000E+00  9.4365610786305096E-09  1.4150160703815096E-01  7.1600405051244762E-05  1.3092518556583176E-03  4.0372636793131175E-09
   414   39.330000      0.0000000000000000E+00  9.3716690582627393E-09  1.4322979165280933E-01  7.7918244305501076E-05  1.3438340230613390E-03  4.8837976833453984E-09
   415   39.425000      0.0000000000000000E+00  8.8976308699377861E-09  1.4490811280490071E-01  8.3682327243925821E-05  1.3812181763866505E-03  5.9712704959819796E-09
   416   39.520000      0.0000000000000000E+00  8.6023024314402023E-09  1.4653549229189586E-01  8.8239415049928501E-05  1.4198517515033038E-03  6.5382213849717452E-09
   417   39.615000      0.0000000000000000E+00  8.2997997272884904E-09  1.4811279016508802E-01  9.1057758795609698E-05  1.4580125276152183E-03  6.8123681674152778E-09
   418   39.710000      0.0000000000000000E+00  7.4713487481448215E-09  1.4964285415987530E-01  9.1824769786729701E-05  1.4939375681114250E-03  7.4474736711800655E-09
   419   39.805000      0.0000000000000000E+00  6.7177788840757723E-09  1.5113048070554239E-01  9.0503909878334024E-05  1.5259557988060387E-03  7.6760290865686562E-09
   420   39.900000      0.0000000000000000E+00  6.5510989241574693E-09  1.5258215775422909E-01  8.7367143075070148E-05  1.5526108419520108E-03  6.9312524278831603E-09
   421   39.995000      0.0000000000000000E+00  6.6086354885376237E-09  1.5400560658458337E-01  8.2969315158690592E-05  1.5727617391046529E-03  5.8101078496194912E-09
   422   40.090000      0.0000000000000000E+00  6.5872304290661651E-09  1.5540923490679304E-01  7.8076192160572179E-05  1.5856664406160008E-03  4.8190895158354824E-09
