! Kinetic energy for species "positrons-down"
  Iter        Time          Total Par.             Kin. Energy
     0   0.0000000             179200  2.8279084869802262E-01
     1  0.95000000E-01         179200  2.8279108710993300E-01
     2  0.19000000             179200  2.8279179885686823E-01
     3  0.28500000             179200  2.8279297325123676E-01
     4  0.38000000             179200  2.8279459210482932E-01
     5  0.47500000             179200  2.8279662985439546E-01
     6  0.57000000             179200  2.8279905414415701E-01
     7  0.66500000             179200  2.8280182656456537E-01
     8  0.76000000             179200  2.8280490332018221E-01
     9  0.85500000             179200  2.8280823584914994E-01
    10  0.95000000             179200  2.8281177150133952E-01
    11   1.0450000             179200  2.8281545430548194E-01
    12   1.1400000             179200  2.8281922583593710E-01
    13   1.2350000             179200  2.8282302619434352E-01
    14   1.3300000             179200  2.8282679501803332E-01
    15   1.4250000             179200  2.8283047244034493E-01
    16   1.5200000             179200  2.8283400006716530E-01
    17   1.6150000             179200  2.8283732191512023E-01
    18   1.7100000             179200  2.8284038515188592E-01
    19   1.8050000             179200  2.8284314085048812E-01
    20   1.9000000             179200  2.8284554507913007E-01
    21   1.9950000             179200  2.8284755990693145E-01
    22   2.0900000             179200  2.8284915365181235E-01
    23   2.1850000             179200  2.8285030080417667E-01
    24   2.2800000             179200  2.8285098260512531E-01
    25   2.3750000             179200  2.8285118800083719E-01
    26   2.4700000             179200  2.8285091392038986E-01
    27   2.5650000             179200  2.8285016494606730E-01
    28   2.6600000             179200  2.8284895314167102E-01
    29   2.7550000             179200  2.8284729791872559E-01
    30   2.8500000             179200  2.8284522551114072E-01
    31   2.9450000             179200  2.8284276846067169E-01
    32   3.0400000             179200  2.8283996548063584E-01
    33   3.1350000             179200  2.8283686111775647E-01
    34   3.2300000             179200  2.8283350473359353E-01
    35   3.3250000             179200  2.8282994939742823E-01
    36   3.4200000             179200  2.8282625131629363E-01
    37   3.5150000             179200  2.8282246930086247E-01
    38   3.6100000             179200  2.8281866355773211E-01
    39   3.7050000             179200  2.8281489426694029E-01
    40   3.8000000             179200  2.8281122078882126E-01
    41   3.8950000             179200  2.8280770119161835E-01
    42   3.9900000             179200  2.8280439131066237E-01
    43   4.0850000             179200  2.8280134359585640E-01
    44   4.1800000             179200  2.8279860634584741E-01
    45   4.2750000             179200  2.8279622298005502E-01
    46   4.3700000             179200  2.8279423107152835E-01
    47   4.4650000             179200  2.8279266184135921E-01
    48   4.5600000             179200  2.8279154019746561E-01
    49   4.6550000             179200  2.8279088425494286E-01
    50   4.7500000             179200  2.8279070433155651E-01
    51   4.8450000             179200  2.8279100273231939E-01
    52   4.9400000             179200  2.8279177441803766E-01
    53   5.0350000             179200  2.8279300728887724E-01
    54   5.1300000             179200  2.8279468186718082E-01
    55   5.2250000             179200  2.8279677126507319E-01
    56   5.3200000             179200  2.8279924164002523E-01
    57   5.4150000             179200  2.8280205293630922E-01
    58   5.5100000             179200  2.8280516011171919E-01
    59   5.6050000             179200  2.8280851441227600E-01
    60   5.7000000             179200  2.8281206364882167E-01
    61   5.7950000             179200  2.8281575187588914E-01
    62   5.8900000             179200  2.8281952002073002E-01
    63   5.9850000             179200  2.8282330744981093E-01
    64   6.0800000             179200  2.8282705318475598E-01
    65   6.1750000             179200  2.8283069690343410E-01
    66   6.2700000             179200  2.8283418058032711E-01
    67   6.3650000             179200  2.8283744973814939E-01
    68   6.4600000             179200  2.8284045301742405E-01
    69   6.5550000             179200  2.8284314157187451E-01
    70   6.6500000             179200  2.8284547045610642E-01
    71   6.7450000             179200  2.8284740112326001E-01
    72   6.8400000             179200  2.8284890274367647E-01
    73   6.9350000             179200  2.8284995207769137E-01
    74   7.0300000             179200  2.8285053295447476E-01
    75   7.1250000             179200  2.8285063586730480E-01
    76   7.2200000             179200  2.8285025811219117E-01
    77   7.3150000             179200  2.8284940468591868E-01
    78   7.4100000             179200  2.8284808883992840E-01
    79   7.5050000             179200  2.8284633133713855E-01
    80   7.6000000             179200  2.8284415947671726E-01
    81   7.6950000             179200  2.8284160697534066E-01
    82   7.7900000             179200  2.8283871370076097E-01
    83   7.8850000             179200  2.8283552437883264E-01
    84   7.9800000             179200  2.8283208753455114E-01
    85   8.0750000             179200  2.8282845563557557E-01
    86   8.1700000             179200  2.8282468514022818E-01
    87   8.2650000             179200  2.8282083527997914E-01
    88   8.3600000             179200  2.8281696641070697E-01
    89   8.4550000             179200  2.8281313873704206E-01
    90   8.5500000             179200  2.8280941099193369E-01
    91   8.6450000             179200  2.8280583939222298E-01
    92   8.7400000             179200  2.8280247795732538E-01
    93   8.8350000             179200  2.8279937929793197E-01
    94   8.9300000             179200  2.8279659359937587E-01
    95   9.0250000             179200  2.8279416586539052E-01
    96   9.1200000             179200  2.8279213358235333E-01
    97   9.2150000             179200  2.8279052555865408E-01
    98   9.3100000             179200  2.8278936153591006E-01
    99   9.4050000             179200  2.8278865325049851E-01
   100   9.5000000             179200  2.8278840687043727E-01
   101   9.5950000             179200  2.8278862413225914E-01
   102   9.6900000             179200  2.8278930064292607E-01
   103   9.7850000             179200  2.8279042382088937E-01
   104   9.8800000             179200  2.8279197295729952E-01
   105   9.9750000             179200  2.8279392028596456E-01
   106   10.070000             179200  2.8279623123417469E-01
   107   10.165000             179200  2.8279886436894541E-01
   108   10.260000             179200  2.8280177220904101E-01
   109   10.355000             179200  2.8280490287503895E-01
   110   10.450000             179200  2.8280820206435936E-01
   111   10.545000             179200  2.8281161457814186E-01
   112   10.640000             179200  2.8281508416933221E-01
   113   10.735000             179200  2.8281855178555626E-01
   114   10.830000             179200  2.8282195457967751E-01
   115   10.925000             179200  2.8282522758279788E-01
   116   11.020000             179200  2.8282830700896733E-01
   117   11.115000             179200  2.8283113316031505E-01
   118   11.210000             179200  2.8283365246310826E-01
   119   11.305000             179200  2.8283581877561259E-01
   120   11.400000             179200  2.8283759314602108E-01
   121   11.495000             179200  2.8283894156978678E-01
   122   11.590000             179200  2.8283983246338851E-01
   123   11.685000             179200  2.8284023650498674E-01
   124   11.780000             179200  2.8284012953479776E-01
   125   11.875000             179200  2.8283949643090445E-01
   126   11.970000             179200  2.8283833315909351E-01
   127   12.065000             179200  2.8283664590548352E-01
   128   12.160000             179200  2.8283444847666650E-01
   129   12.255000             179200  2.8283176030804402E-01
   130   12.350000             179200  2.8282860660479897E-01
   131   12.445000             179200  2.8282501948802918E-01
   132   12.540000             179200  2.8282103724534657E-01
   133   12.635000             179200  2.8281670091527039E-01
   134   12.730000             179200  2.8281205116471636E-01
   135   12.825000             179200  2.8280712854164319E-01
   136   12.920000             179200  2.8280197690026954E-01
   137   13.015000             179200  2.8279664753558476E-01
   138   13.110000             179200  2.8279120127709212E-01
   139   13.205000             179200  2.8278570596748581E-01
   140   13.300000             179200  2.8278022870607822E-01
   141   13.395000             179200  2.8277482667555359E-01
   142   13.490000             179200  2.8276954268183208E-01
   143   13.585000             179200  2.8276440777157419E-01
   144   13.680000             179200  2.8275944739097919E-01
   145   13.775000             179200  2.8275468601504605E-01
   146   13.870000             179200  2.8275014817871980E-01
   147   13.965000             179200  2.8274585693748722E-01
   148   14.060000             179200  2.8274183136839848E-01
   149   14.155000             179200  2.8273808336868500E-01
   150   14.250000             179200  2.8273461325369653E-01
   151   14.345000             179200  2.8273140578016676E-01
   152   14.440000             179200  2.8272843074102466E-01
   153   14.535000             179200  2.8272564975303960E-01
   154   14.630000             179200  2.8272302426696649E-01
   155   14.725000             179200  2.8272051739554344E-01
   156   14.820000             179200  2.8271808774251578E-01
   157   14.915000             179200  2.8271568083941079E-01
   158   15.010000             179200  2.8271322539286570E-01
   159   15.105000             179200  2.8271063688141063E-01
   160   15.200000             179200  2.8270782532722971E-01
   161   15.295000             179200  2.8270470193248781E-01
   162   15.390000             179200  2.8270118140826739E-01
   163   15.485000             179200  2.8269718031146074E-01
   164   15.580000             179200  2.8269261331870860E-01
   165   15.675000             179200  2.8268738944429284E-01
   166   15.770000             179200  2.8268141096670063E-01
   167   15.865000             179200  2.8267457772877314E-01
   168   15.960000             179200  2.8266679529579719E-01
   169   16.055000             179200  2.8265798030547040E-01
   170   16.150000             179200  2.8264805764909962E-01
   171   16.245000             179200  2.8263695246650061E-01
   172   16.340000             179200  2.8262458587013001E-01
   173   16.435000             179200  2.8261087893928194E-01
   174   16.530000             179200  2.8259576002154502E-01
   175   16.625000             179200  2.8257916786744319E-01
   176   16.720000             179200  2.8256104962624584E-01
   177   16.815000             179200  2.8254135754381487E-01
   178   16.910000             179200  2.8252004582735019E-01
   179   17.005000             179200  2.8249706717344641E-01
   180   17.100000             179200  2.8247237083476961E-01
   181   17.195000             179200  2.8244590366573635E-01
   182   17.290000             179200  2.8241761110855523E-01
   183   17.385000             179200  2.8238743631837471E-01
   184   17.480000             179200  2.8235532186010637E-01
   185   17.575000             179200  2.8232121638312924E-01
   186   17.670000             179200  2.8228507901087529E-01
   187   17.765000             179200  2.8224687343501265E-01
   188   17.860000             179200  2.8220655578697090E-01
   189   17.955000             179200  2.8216406877730066E-01
   190   18.050000             179200  2.8211934776938119E-01
   191   18.145000             179200  2.8207233027660761E-01
   192   18.240000             179200  2.8202295476579231E-01
   193   18.335000             179200  2.8197114496928305E-01
   194   18.430000             179200  2.8191679263066471E-01
   195   18.525000             179200  2.8185975505597943E-01
   196   18.620000             179200  2.8179986838041959E-01
   197   18.715000             179200  2.8173696234363732E-01
   198   18.810000             179200  2.8167086613044323E-01
   199   18.905000             179200  2.8160140796575672E-01
   200   19.000000             179200  2.8152841390540706E-01
   201   19.095000             179200  2.8145170556093713E-01
   202   19.190000             179200  2.8137109557351825E-01
   203   19.285000             179200  2.8128638370692316E-01
   204   19.380000             179200  2.8119735663399048E-01
   205   19.475000             179200  2.8110379115302114E-01
   206   19.570000             179200  2.8100545971969415E-01
   207   19.665000             179200  2.8090213585588142E-01
   208   19.760000             179200  2.8079359195984566E-01
   209   19.855000             179200  2.8067958506619245E-01
   210   19.950000             179200  2.8055984297879533E-01
   211   20.045000             179200  2.8043407030839107E-01
   212   20.140000             179200  2.8030197350227248E-01
   213   20.235000             179200  2.8016327970534771E-01
   214   20.330000             179200  2.8001773044037082E-01
   215   20.425000             179200  2.7986506135336442E-01
   216   20.520000             179200  2.7970500052489927E-01
   217   20.615000             179200  2.7953730209911665E-01
   218   20.710000             179200  2.7936178322532879E-01
   219   20.805000             179200  2.7917831135740917E-01
   220   20.900000             179200  2.7898674108209098E-01
   221   20.995000             179200  2.7878686890267490E-01
   222   21.090000             179200  2.7857846044424739E-01
   223   21.185000             179200  2.7836132261877461E-01
   224   21.280000             179200  2.7813534928142963E-01
   225   21.375000             179200  2.7790050142973688E-01
   226   21.470000             179200  2.7765674267772411E-01
   227   21.565000             179200  2.7740398976053265E-01
   228   21.660000             179200  2.7714213437936408E-01
   229   21.755000             179200  2.7687112253544222E-01
   230   21.850000             179200  2.7659100452113922E-01
   231   21.945000             179200  2.7630189801646804E-01
   232   22.040000             179200  2.7600390881434078E-01
   233   22.135000             179200  2.7569709682531079E-01
   234   22.230000             179200  2.7538152656785875E-01
   235   22.325000             179200  2.7505736362655969E-01
   236   22.420000             179200  2.7472492542514299E-01
   237   22.515000             179200  2.7438462879373465E-01
   238   22.610000             179200  2.7403688242222091E-01
   239   22.705000             179200  2.7368202151082749E-01
   240   22.800000             179200  2.7332031765103826E-01
   241   22.895000             179200  2.7295201603504049E-01
   242   22.990000             179200  2.7257735747065559E-01
   243   23.085000             179200  2.7219661211871510E-01
   244   23.180000             179200  2.7181015780184170E-01
   245   23.275000             179200  2.7141856150247301E-01
   246   23.370000             179200  2.7102259342680152E-01
   247   23.465000             179200  2.7062315950240129E-01
   248   23.560000             179200  2.7022122371564655E-01
   249   23.655000             179200  2.6981781279352501E-01
   250   23.750000             179200  2.6941409852265646E-01
   251   23.845000             179200  2.6901144452699832E-01
   252   23.940000             179200  2.6861131610042366E-01
   253   24.035000             179200  2.6821509424106255E-01
   254   24.130000             179200  2.6782395768503675E-01
   255   24.225000             179200  2.6743894171153149E-01
   256   24.320000             179200  2.6706110342776435E-01
   257   24.415000             179200  2.6669160461960312E-01
   258   24.510000             179200  2.6633161206743861E-01
   259   24.605000             179200  2.6598211314669840E-01
   260   24.700000             179200  2.6564380141717209E-01
   261   24.795000             179200  2.6531708044451491E-01
   262   24.890000             179200  2.6500213701796144E-01
   263   24.985000             179200  2.6469902142376406E-01
   264   25.080000             179200  2.6440766126505466E-01
   265   25.175000             179200  2.6412781140129504E-01
   266   25.270000             179200  2.6385905862476711E-01
   267   25.365000             179200  2.6360091499874694E-01
   268   25.460000             179200  2.6335292112754954E-01
   269   25.555000             179200  2.6311465725167038E-01
   270   25.650000             179200  2.6288565347888143E-01
   271   25.745000             179200  2.6266533088533439E-01
   272   25.840000             179200  2.6245304621765769E-01
   273   25.935000             179200  2.6224815799349022E-01
   274   26.030000             179200  2.6205003735253418E-01
   275   26.125000             179200  2.6185807867038124E-01
   276   26.220000             179200  2.6167175869564213E-01
   277   26.315000             179200  2.6149070817369441E-01
   278   26.410000             179200  2.6131474750289396E-01
   279   26.505000             179200  2.6114387510603065E-01
   280   26.600000             179200  2.6097821597508097E-01
   281   26.695000             179200  2.6081794413947740E-01
   282   26.790000             179200  2.6066326225259295E-01
   283   26.885000             179200  2.6051447232334768E-01
   284   26.980000             179200  2.6037205708357952E-01
   285   27.075000             179200  2.6023673332059727E-01
   286   27.170000             179200  2.6010950821349954E-01
   287   27.265000             179200  2.5999175433306365E-01
   288   27.360000             179200  2.5988527530359246E-01
   289   27.455000             179200  2.5979231991529517E-01
   290   27.550000             179200  2.5971552047534158E-01
   291   27.645000             179200  2.5965776037625127E-01
   292   27.740000             179200  2.5962202431122433E-01
   293   27.835000             179200  2.5961131855975067E-01
   294   27.930000             179200  2.5962866611937213E-01
   295   28.025000             179200  2.5967709719232157E-01
   296   28.120000             179200  2.5975958404834421E-01
   297   28.215000             179200  2.5987891440174860E-01
   298   28.310000             179200  2.6003755132810968E-01
   299   28.405000             179200  2.6023755833043904E-01
   300   28.500000             179200  2.6048058569968835E-01
   301   28.595000             179200  2.6076783649278190E-01
   302   28.690000             179200  2.6109997001467905E-01
   303   28.785000             179200  2.6147696781915708E-01
   304   28.880000             179200  2.6189803621374608E-01
   305   28.975000             179200  2.6236160220621435E-01
   306   29.070000             179200  2.6286538375681578E-01
   307   29.165000             179200  2.6340646110749899E-01
   308   29.260000             179200  2.6398126808877970E-01
   309   29.355000             179200  2.6458548243306046E-01
   310   29.450000             179200  2.6521392679543165E-01
   311   29.545000             179200  2.6586062308220515E-01
   312   29.640000             179200  2.6651900289180835E-01
   313   29.735000             179200  2.6718216005147200E-01
   314   29.830000             179200  2.6784304448620544E-01
   315   29.925000             179200  2.6849456711030606E-01
   316   30.020000             179200  2.6912964549369933E-01
   317   30.115000             179200  2.6974127421232674E-01
   318   30.210000             179200  2.7032267327155668E-01
   319   30.305000             179200  2.7086747056352189E-01
   320   30.400000             179200  2.7136983007550186E-01
   321   30.495000             179200  2.7182448962342476E-01
   322   30.590000             179200  2.7222675035717686E-01
   323   30.685000             179200  2.7257250528128307E-01
   324   30.780000             179200  2.7285837455103884E-01
   325   30.875000             179200  2.7308190495594914E-01
   326   30.970000             179200  2.7324168858464798E-01
   327   31.065000             179200  2.7333731484942225E-01
   328   31.160000             179200  2.7336923945407332E-01
   329   31.255000             179200  2.7333871383021935E-01
   330   31.350000             179200  2.7324780051122899E-01
   331   31.445000             179200  2.7309938840140768E-01
   332   31.540000             179200  2.7289713664376269E-01
   333   31.635000             179200  2.7264533720104023E-01
   334   31.730000             179200  2.7234873857435010E-01
   335   31.825000             179200  2.7201238424702023E-01
   336   31.920000             179200  2.7164149967324963E-01
   337   32.015000             179200  2.7124142629568515E-01
   338   32.110000             179200  2.7081759732078370E-01
   339   32.205000             179200  2.7037549863240867E-01
   340   32.300000             179200  2.6992052027604835E-01
   341   32.395000             179200  2.6945774740698974E-01
   342   32.490000             179200  2.6899186034784262E-01
   343   32.585000             179200  2.6852721722952344E-01
   344   32.680000             179200  2.6806796839258717E-01
   345   32.775000             179200  2.6761802567836612E-01
   346   32.870000             179200  2.6718094042184470E-01
   347   32.965000             179200  2.6675989018366836E-01
   348   33.060000             179200  2.6635782068761393E-01
   349   33.155000             179200  2.6597759723133574E-01
   350   33.250000             179200  2.6562204272882961E-01
   351   33.345000             179200  2.6529387350088157E-01
   352   33.440000             179200  2.6499560029822755E-01
   353   33.535000             179200  2.6472943292308776E-01
   354   33.630000             179200  2.6449721290459216E-01
   355   33.725000             179200  2.6430038446313464E-01
   356   33.820000             179200  2.6413997706545550E-01
   357   33.915000             179200  2.6401650157270806E-01
   358   34.010000             179200  2.6392969148265966E-01
   359   34.105000             179200  2.6387819369114585E-01
   360   34.200000             179200  2.6385946716908498E-01
   361   34.295000             179200  2.6387000114552783E-01
   362   34.390000             179200  2.6390559289759502E-01
   363   34.485000             179200  2.6396138600575964E-01
   364   34.580000             179200  2.6403174787665068E-01
   365   34.675000             179200  2.6411027876947701E-01
   366   34.770000             179200  2.6419002057022928E-01
   367   34.865000             179200  2.6426374488448845E-01
   368   34.960000             179200  2.6432424261366827E-01
   369   35.055000             179200  2.6436451346818901E-01
   370   35.150000             179200  2.6437776982205713E-01
   371   35.245000             179200  2.6435735099690161E-01
   372   35.340000             179200  2.6429674058755259E-01
   373   35.435000             179200  2.6418975898484698E-01
   374   35.530000             179200  2.6403080362217179E-01
   375   35.625000             179200  2.6381496830531886E-01
   376   35.720000             179200  2.6353800588009535E-01
   377   35.815000             179200  2.6319622118619557E-01
   378   35.910000             179200  2.6278641069364062E-01
   379   36.005000             179200  2.6230594818475150E-01
   380   36.100000             179200  2.6175299966908416E-01
   381   36.195000             179200  2.6112667942494172E-01
   382   36.290000             179200  2.6042698910787404E-01
   383   36.385000             179200  2.5965464166990782E-01
   384   36.480000             179200  2.5881100075762453E-01
   385   36.575000             179200  2.5789817389238279E-01
   386   36.670000             179200  2.5691906463702624E-01
   387   36.765000             179200  2.5587725726311927E-01
   388   36.860000             179200  2.5477684137490830E-01
   389   36.955000             179200  2.5362230217228243E-01
   390   37.050000             179200  2.5241847482857882E-01
   391   37.145000             179200  2.5117052759080372E-01
   392   37.240000             179200  2.4988400062942739E-01
   393   37.335000             179200  2.4856490218909227E-01
   394   37.430000             179200  2.4721977136527770E-01
   395   37.525000             179200  2.4585564068061824E-01
   396   37.620000             179200  2.4447991085372339E-01
   397   37.715000             179200  2.4310026450472655E-01
   398   37.810000             179200  2.4172474250555412E-01
   399   37.905000             179200  2.4036190324002760E-01
   400   38.000000             179200  2.3902082543730779E-01
   401   38.095000             179200  2.3771087425576143E-01
   402   38.190000             179200  2.3644143614985730E-01
   403   38.285000             179200  2.3522180300403006E-01
   404   38.380000             179200  2.3406115808637612E-01
   405   38.475000             179200  2.3296851801478732E-01
   406   38.570000             179200  2.3195258481638795E-01
   407   38.665000             179200  2.3102153165945477E-01
   408   38.760000             179200  2.3018274636514857E-01
   409   38.855000             179200  2.2944258462688538E-01
   410   38.950000             179200  2.2880615590528855E-01
   411   39.045000             179200  2.2827714907091118E-01
   412   39.140000             179200  2.2785767650454630E-01
   413   39.235000             179200  2.2754810691843866E-01
   414   39.330000             179200  2.2734694544042572E-01
   415   39.425000             179200  2.2725081790574794E-01
   416   39.520000             179200  2.2725452353674924E-01
   417   39.615000             179200  2.2735105283794488E-01
   418   39.710000             179200  2.2753152439597546E-01
   419   39.805000             179200  2.2778517204778317E-01
   420   39.900000             179200  2.2809955578431004E-01
   421   39.995000             179200  2.2846093325032296E-01
   422   40.090000             179200  2.2885461881585828E-01
