! Kinetic energy for species "positrons-up"
  Iter        Time          Total Par.             Kin. Energy
     0   0.0000000             179200  2.8282925683312132E-01
     1  0.95000000E-01         179200  2.8282901655204284E-01
     2  0.19000000             179200  2.8282829975820201E-01
     3  0.28500000             179200  2.8282711829907309E-01
     4  0.38000000             179200  2.8282549125902945E-01
     5  0.47500000             179200  2.8282344458644626E-01
     6  0.57000000             179200  2.8282101083710315E-01
     7  0.66500000             179200  2.8281822873769952E-01
     8  0.76000000             179200  2.8281514256254181E-01
     9  0.85500000             179200  2.8281180145071416E-01
    10  0.95000000             179200  2.8280825855313585E-01
    11   1.0450000             179200  2.8280456998728892E-01
    12   1.1400000             179200  2.8280079395858365E-01
    13   1.2350000             179200  2.8279699017115789E-01
    14   1.3300000             179200  2.8279321907409716E-01
    15   1.4250000             179200  2.8278954068452011E-01
    16   1.5200000             179200  2.8278601334006387E-01
    17   1.6150000             179200  2.8278269271864864E-01
    18   1.7100000             179200  2.8277963111747384E-01
    19   1.8050000             179200  2.8277687690298403E-01
    20   1.9000000             179200  2.8277447393555660E-01
    21   1.9950000             179200  2.8277246065966888E-01
    22   2.0900000             179200  2.8277086899608095E-01
    23   2.1850000             179200  2.8276972369921416E-01
    24   2.2800000             179200  2.8276904239784872E-01
    25   2.3750000             179200  2.8276883569688072E-01
    26   2.4700000             179200  2.8276910692960761E-01
    27   2.5650000             179200  2.8276985194807275E-01
    28   2.6600000             179200  2.8277105918842838E-01
    29   2.7550000             179200  2.8277270965729662E-01
    30   2.8500000             179200  2.8277477692232555E-01
    31   2.9450000             179200  2.8277722776604830E-01
    32   3.0400000             179200  2.8278002332892815E-01
    33   3.1350000             179200  2.8278311973582448E-01
    34   3.2300000             179200  2.8278646819850428E-01
    35   3.3250000             179200  2.8279001561978340E-01
    36   3.4200000             179200  2.8279370574968399E-01
    37   3.5150000             179200  2.8279748002480343E-01
    38   3.6100000             179200  2.8280127823509976E-01
    39   3.7050000             179200  2.8280503972734383E-01
    40   3.8000000             179200  2.8280870468925234E-01
    41   3.8950000             179200  2.8281221486774621E-01
    42   3.9900000             179200  2.8281551428928919E-01
    43   4.0850000             179200  2.8281855039657183E-01
    44   4.1800000             179200  2.8282127498772436E-01
    45   4.2750000             179200  2.8282364484673905E-01
    46   4.3700000             179200  2.8282562261568467E-01
    47   4.4650000             179200  2.8282717752438274E-01
    48   4.5600000             179200  2.8282828521005943E-01
    49   4.6550000             179200  2.8282892736636978E-01
    50   4.7500000             179200  2.8282909257869415E-01
    51   4.8450000             179200  2.8282877780687460E-01
    52   4.9400000             179200  2.8282798861491792E-01
    53   5.0350000             179200  2.8282673793224317E-01
    54   5.1300000             179200  2.8282504514141338E-01
    55   5.2250000             179200  2.8282293632631922E-01
    56   5.3200000             179200  2.8282044454763350E-01
    57   5.4150000             179200  2.8281760933763372E-01
    58   5.5100000             179200  2.8281447591650621E-01
    59   5.6050000             179200  2.8281109440400193E-01
    60   5.7000000             179200  2.8280751867670012E-01
    61   5.7950000             179200  2.8280380507909042E-01
    62   5.8900000             179200  2.8280001159518597E-01
    63   5.9850000             179200  2.8279619738316020E-01
    64   6.0800000             179200  2.8279242221009326E-01
    65   6.1750000             179200  2.8278874574785989E-01
    66   6.2700000             179200  2.8278522666079209E-01
    67   6.3650000             179200  2.8278192121092660E-01
    68   6.4600000             179200  2.8277888170428411E-01
    69   6.5550000             179200  2.8277615545676987E-01
    70   6.6500000             179200  2.8277378432890515E-01
    71   6.7450000             179200  2.8277180455759704E-01
    72   6.8400000             179200  2.8277024678187129E-01
    73   6.9350000             179200  2.8276913582629265E-01
    74   7.0300000             179200  2.8276848975436125E-01
    75   7.1250000             179200  2.8276831867668184E-01
    76   7.2200000             179200  2.8276862435648631E-01
    77   7.3150000             179200  2.8276940082206570E-01
    78   7.4100000             179200  2.8277063509178091E-01
    79   7.5050000             179200  2.8277230715928381E-01
    80   7.6000000             179200  2.8277438960993329E-01
    81   7.6950000             179200  2.8277684802004754E-01
    82   7.7900000             179200  2.8277964225873647E-01
    83   7.8850000             179200  2.8278272746379829E-01
    84   7.9800000             179200  2.8278605410793345E-01
    85   8.0750000             179200  2.8278956816288064E-01
    86   8.1700000             179200  2.8279321230771193E-01
    87   8.2650000             179200  2.8279692767564235E-01
    88   8.3600000             179200  2.8280065490961970E-01
    89   8.4550000             179200  2.8280433401065636E-01
    90   8.5500000             179200  2.8280790394077593E-01
    91   8.6450000             179200  2.8281130382705277E-01
    92   8.7400000             179200  2.8281447626220685E-01
    93   8.8350000             179200  2.8281737042614330E-01
    94   8.9300000             179200  2.8281994237107755E-01
    95   9.0250000             179200  2.8282215295318114E-01
    96   9.1200000             179200  2.8282396624559891E-01
    97   9.2150000             179200  2.8282534981990226E-01
    98   9.3100000             179200  2.8282627614755695E-01
    99   9.4050000             179200  2.8282672448405566E-01
   100   9.5000000             179200  2.8282668278312645E-01
   101   9.5950000             179200  2.8282614836519782E-01
   102   9.6900000             179200  2.8282512702748891E-01
   103   9.7850000             179200  2.8282363227824547E-01
   104   9.8800000             179200  2.8282168542924724E-01
   105   9.9750000             179200  2.8281931520054610E-01
   106   10.070000             179200  2.8281655645837261E-01
   107   10.165000             179200  2.8281344922840973E-01
   108   10.260000             179200  2.8281003810493199E-01
   109   10.355000             179200  2.8280637164640299E-01
   110   10.450000             179200  2.8280250239365468E-01
   111   10.545000             179200  2.8279848719681600E-01
   112   10.640000             179200  2.8279438585169658E-01
   113   10.735000             179200  2.8279025799840285E-01
   114   10.830000             179200  2.8278616097150444E-01
   115   10.925000             179200  2.8278214976949650E-01
   116   11.020000             179200  2.8277827759660551E-01
   117   11.115000             179200  2.8277459601039456E-01
   118   11.210000             179200  2.8277115500013073E-01
   119   11.305000             179200  2.8276800260479096E-01
   120   11.400000             179200  2.8276518328509309E-01
   121   11.495000             179200  2.8276273520313322E-01
   122   11.590000             179200  2.8276068724957004E-01
   123   11.685000             179200  2.8275905741270563E-01
   124   11.780000             179200  2.8275785432890965E-01
   125   11.875000             179200  2.8275708100289082E-01
   126   11.970000             179200  2.8275673647337274E-01
   127   12.065000             179200  2.8275681355293991E-01
   128   12.160000             179200  2.8275729605197703E-01
   129   12.255000             179200  2.8275815908168495E-01
   130   12.350000             179200  2.8275937144256807E-01
   131   12.445000             179200  2.8276089682866090E-01
   132   12.540000             179200  2.8276269266210335E-01
   133   12.635000             179200  2.8276470804770343E-01
   134   12.730000             179200  2.8276688312795484E-01
   135   12.825000             179200  2.8276915136521696E-01
   136   12.920000             179200  2.8277144450916142E-01
   137   13.015000             179200  2.8277369795389135E-01
   138   13.110000             179200  2.8277585338983913E-01
   139   13.205000             179200  2.8277785686544760E-01
   140   13.300000             179200  2.8277965314110221E-01
   141   13.395000             179200  2.8278118029523996E-01
   142   13.490000             179200  2.8278236909380333E-01
   143   13.585000             179200  2.8278314796508502E-01
   144   13.680000             179200  2.8278345009749395E-01
   145   13.775000             179200  2.8278321864184708E-01
   146   13.870000             179200  2.8278240843500629E-01
   147   13.965000             179200  2.8278098501264010E-01
   148   14.060000             179200  2.8277892260868276E-01
   149   14.155000             179200  2.8277620193188346E-01
   150   14.250000             179200  2.8277280718248388E-01
   151   14.345000             179200  2.8276872303078948E-01
   152   14.440000             179200  2.8276393492228002E-01
   153   14.535000             179200  2.8275843458749894E-01
   154   14.630000             179200  2.8275222671445560E-01
   155   14.725000             179200  2.8274533008133867E-01
   156   14.820000             179200  2.8273777147876927E-01
   157   14.915000             179200  2.8272957741375387E-01
   158   15.010000             179200  2.8272076954971070E-01
   159   15.105000             179200  2.8271136589440360E-01
   160   15.200000             179200  2.8270138580950843E-01
   161   15.295000             179200  2.8269085517174264E-01
   162   15.390000             179200  2.8267980816259375E-01
   163   15.485000             179200  2.8266828394639559E-01
   164   15.580000             179200  2.8265631964320259E-01
   165   15.675000             179200  2.8264394380974978E-01
   166   15.770000             179200  2.8263117443978208E-01
   167   15.865000             179200  2.8261802186787505E-01
   168   15.960000             179200  2.8260449325735593E-01
   169   16.055000             179200  2.8259059492383798E-01
   170   16.150000             179200  2.8257633083916672E-01
   171   16.245000             179200  2.8256169773827960E-01
   172   16.340000             179200  2.8254667910496439E-01
   173   16.435000             179200  2.8253124233485943E-01
   174   16.530000             179200  2.8251534251741239E-01
   175   16.625000             179200  2.8249893033173878E-01
   176   16.720000             179200  2.8248195633218104E-01
   177   16.815000             179200  2.8246436664311125E-01
   178   16.910000             179200  2.8244609313288677E-01
   179   17.005000             179200  2.8242704561898468E-01
   180   17.100000             179200  2.8240711084269576E-01
   181   17.195000             179200  2.8238615725231042E-01
   182   17.290000             179200  2.8236404207219307E-01
   183   17.385000             179200  2.8234061808500682E-01
   184   17.480000             179200  2.8231573744007543E-01
   185   17.575000             179200  2.8228924980212783E-01
   186   17.670000             179200  2.8226099804041277E-01
   187   17.765000             179200  2.8223081989957899E-01
   188   17.860000             179200  2.8219855621327522E-01
   189   17.955000             179200  2.8216405381953696E-01
   190   18.050000             179200  2.8212715646264136E-01
   191   18.145000             179200  2.8208769419023622E-01
   192   18.240000             179200  2.8204548333472612E-01
   193   18.335000             179200  2.8200033347600523E-01
   194   18.430000             179200  2.8195205074696500E-01
   195   18.525000             179200  2.8190043516477881E-01
   196   18.620000             179200  2.8184527674397092E-01
   197   18.715000             179200  2.8178635638166810E-01
   198   18.810000             179200  2.8172345642117164E-01
   199   18.905000             179200  2.8165637760654361E-01
   200   19.000000             179200  2.8158494832221459E-01
   201   19.095000             179200  2.8150901729769467E-01
   202   19.190000             179200  2.8142843928074301E-01
   203   19.285000             179200  2.8134306661364750E-01
   204   19.380000             179200  2.8125274703506364E-01
   205   19.475000             179200  2.8115732436794827E-01
   206   19.570000             179200  2.8105664438763539E-01
   207   19.665000             179200  2.8095056358023973E-01
   208   19.760000             179200  2.8083894963352873E-01
   209   19.855000             179200  2.8072166936972326E-01
   210   19.950000             179200  2.8059857497926100E-01
   211   20.045000             179200  2.8046950063297121E-01
   212   20.140000             179200  2.8033426912758919E-01
   213   20.235000             179200  2.8019270139802138E-01
   214   20.330000             179200  2.8004462620728698E-01
   215   20.425000             179200  2.7988989094873928E-01
   216   20.520000             179200  2.7972836665294443E-01
   217   20.615000             179200  2.7955993484022562E-01
   218   20.710000             179200  2.7938446139881795E-01
   219   20.805000             179200  2.7920178721039834E-01
   220   20.900000             179200  2.7901175743536460E-01
   221   20.995000             179200  2.7881426126479436E-01
   222   21.090000             179200  2.7860922283278922E-01
   223   21.185000             179200  2.7839653267253339E-01
   224   21.280000             179200  2.7817599535186083E-01
   225   21.375000             179200  2.7794736830280770E-01
   226   21.470000             179200  2.7771045949786988E-01
   227   21.565000             179200  2.7746517316530955E-01
   228   21.660000             179200  2.7721144518924501E-01
   229   21.755000             179200  2.7694913128562948E-01
   230   21.850000             179200  2.7667796002920053E-01
   231   21.945000             179200  2.7639759610706638E-01
   232   22.040000             179200  2.7610775859525427E-01
   233   22.135000             179200  2.7580829649034966E-01
   234   22.230000             179200  2.7549916821870835E-01
   235   22.325000             179200  2.7518036678273805E-01
   236   22.420000             179200  2.7485187319895288E-01
   237   22.515000             179200  2.7451366291842361E-01
   238   22.610000             179200  2.7416572076054441E-01
   239   22.705000             179200  2.7380802660787834E-01
   240   22.800000             179200  2.7344052707312250E-01
   241   22.895000             179200  2.7306314209264637E-01
   242   22.990000             179200  2.7267583157815684E-01
   243   23.085000             179200  2.7227868125204263E-01
   244   23.180000             179200  2.7187193887584399E-01
   245   23.275000             179200  2.7145599415948551E-01
   246   23.370000             179200  2.7103137173250746E-01
   247   23.465000             179200  2.7059878467195742E-01
   248   23.560000             179200  2.7015920677532268E-01
   249   23.655000             179200  2.6971389111017685E-01
   250   23.750000             179200  2.6926433093198737E-01
   251   23.845000             179200  2.6881221020288998E-01
   252   23.940000             179200  2.6835938845088181E-01
   253   24.035000             179200  2.6790792705818961E-01
   254   24.130000             179200  2.6746010752063476E-01
   255   24.225000             179200  2.6701839396146465E-01
   256   24.320000             179200  2.6658535109365983E-01
   257   24.415000             179200  2.6616357748473712E-01
   258   24.510000             179200  2.6575570609118399E-01
   259   24.605000             179200  2.6536446494731170E-01
   260   24.700000             179200  2.6499271098627192E-01
   261   24.795000             179200  2.6464335545553885E-01
   262   24.890000             179200  2.6431921467591035E-01
   263   24.985000             179200  2.6402289933028750E-01
   264   25.080000             179200  2.6375680374059574E-01
   265   25.175000             179200  2.6352314825788781E-01
   266   25.270000             179200  2.6332400652865262E-01
   267   25.365000             179200  2.6316129086915385E-01
   268   25.460000             179200  2.6303668721563156E-01
   269   25.555000             179200  2.6295157241429679E-01
   270   25.650000             179200  2.6290697731760754E-01
   271   25.745000             179200  2.6290360352777065E-01
   272   25.840000             179200  2.6294181311143705E-01
   273   25.935000             179200  2.6302154339501715E-01
   274   26.030000             179200  2.6314221166426638E-01
   275   26.125000             179200  2.6330269295812336E-01
   276   26.220000             179200  2.6350139717456389E-01
   277   26.315000             179200  2.6373640682915667E-01
   278   26.410000             179200  2.6400558667385554E-01
   279   26.505000             179200  2.6430662744520922E-01
   280   26.600000             179200  2.6463708572814681E-01
   281   26.695000             179200  2.6499442974882470E-01
   282   26.790000             179200  2.6537604533763848E-01
   283   26.885000             179200  2.6577919882202983E-01
   284   26.980000             179200  2.6620099030861838E-01
   285   27.075000             179200  2.6663827856578010E-01
   286   27.170000             179200  2.6708754971946957E-01
   287   27.265000             179200  2.6754478168505813E-01
   288   27.360000             179200  2.6800539441474491E-01
   289   27.455000             179200  2.6846433384858570E-01
   290   27.550000             179200  2.6891625030935901E-01
   291   27.645000             179200  2.6935567532104510E-01
   292   27.740000             179200  2.6977711251059955E-01
   293   27.835000             179200  2.7017504830556605E-01
   294   27.930000             179200  2.7054394578881730E-01
   295   28.025000             179200  2.7087831771473764E-01
   296   28.120000             179200  2.7117291481082711E-01
   297   28.215000             179200  2.7142293282385210E-01
   298   28.310000             179200  2.7162413038411565E-01
   299   28.405000             179200  2.7177285962761066E-01
   300   28.500000             179200  2.7186609420246705E-01
   301   28.595000             179200  2.7190149233800853E-01
   302   28.690000             179200  2.7187745397282620E-01
   303   28.785000             179200  2.7179315233000739E-01
   304   28.880000             179200  2.7164856367291473E-01
   305   28.975000             179200  2.7144449879772670E-01
   306   29.070000             179200  2.7118263370613416E-01
   307   29.165000             179200  2.7086552434018352E-01
   308   29.260000             179200  2.7049654938329704E-01
   309   29.355000             179200  2.7007977983752729E-01
   310   29.450000             179200  2.6961986570192470E-01
   311   29.545000             179200  2.6912200374586587E-01
   312   29.640000             179200  2.6859195747733133E-01
   313   29.735000             179200  2.6803602706251112E-01
   314   29.830000             179200  2.6746088664532114E-01
   315   29.925000             179200  2.6687336486097701E-01
   316   30.020000             179200  2.6628031616728376E-01
   317   30.115000             179200  2.6568857392463102E-01
   318   30.210000             179200  2.6510485893718028E-01
   319   30.305000             179200  2.6453562753990728E-01
   320   30.400000             179200  2.6398692889622760E-01
   321   30.495000             179200  2.6346427558349139E-01
   322   30.590000             179200  2.6297250755426016E-01
   323   30.685000             179200  2.6251568145926890E-01
   324   30.780000             179200  2.6209705203909706E-01
   325   30.875000             179200  2.6171913795896801E-01
   326   30.970000             179200  2.6138375628150939E-01
   327   31.065000             179200  2.6109198262011035E-01
   328   31.160000             179200  2.6084413331927531E-01
   329   31.255000             179200  2.6063985572276510E-01
   330   31.350000             179200  2.6047828057322070E-01
   331   31.445000             179200  2.6035809541370053E-01
   332   31.540000             179200  2.6027749421349766E-01
   333   31.635000             179200  2.6023409554115468E-01
   334   31.730000             179200  2.6022495359626358E-01
   335   31.825000             179200  2.6024670332195005E-01
   336   31.920000             179200  2.6029576058169501E-01
   337   32.015000             179200  2.6036847350498243E-01
   338   32.110000             179200  2.6046116320441087E-01
   339   32.205000             179200  2.6057003749929269E-01
   340   32.300000             179200  2.6069105629843725E-01
   341   32.395000             179200  2.6081992031263146E-01
   342   32.490000             179200  2.6095225710259684E-01
   343   32.585000             179200  2.6108385489586294E-01
   344   32.680000             179200  2.6121073523936122E-01
   345   32.775000             179200  2.6132902917494610E-01
   346   32.870000             179200  2.6143481382085837E-01
   347   32.965000             179200  2.6152409527264897E-01
   348   33.060000             179200  2.6159297680589189E-01
   349   33.155000             179200  2.6163788741227401E-01
   350   33.250000             179200  2.6165572098937739E-01
   351   33.345000             179200  2.6164384666536378E-01
   352   33.440000             179200  2.6160007927852735E-01
   353   33.535000             179200  2.6152271883063699E-01
   354   33.630000             179200  2.6141066199529761E-01
   355   33.725000             179200  2.6126351670405201E-01
   356   33.820000             179200  2.6108166734241856E-01
   357   33.915000             179200  2.6086628679699980E-01
   358   34.010000             179200  2.6061928599705075E-01
   359   34.105000             179200  2.6034317717204969E-01
   360   34.200000             179200  2.6004093297898900E-01
   361   34.295000             179200  2.5971593756023131E-01
   362   34.390000             179200  2.5937201101309293E-01
   363   34.485000             179200  2.5901343290282697E-01
   364   34.580000             179200  2.5864493055932397E-01
   365   34.675000             179200  2.5827164738021779E-01
   366   34.770000             179200  2.5789908036570519E-01
   367   34.865000             179200  2.5753297754591242E-01
   368   34.960000             179200  2.5717922557871015E-01
   369   35.055000             179200  2.5684374920204200E-01
   370   35.150000             179200  2.5653240643751352E-01
   371   35.245000             179200  2.5625087709854838E-01
   372   35.340000             179200  2.5600459304083556E-01
   373   35.435000             179200  2.5579873800320407E-01
   374   35.530000             179200  2.5563822390976221E-01
   375   35.625000             179200  2.5552755523702070E-01
   376   35.720000             179200  2.5547062759389105E-01
   377   35.815000             179200  2.5547054586046769E-01
   378   35.910000             179200  2.5552952050334232E-01
   379   36.005000             179200  2.5564884897451245E-01
   380   36.100000             179200  2.5582894437712611E-01
   381   36.195000             179200  2.5606935430353583E-01
   382   36.290000             179200  2.5636875878845422E-01
   383   36.385000             179200  2.5672497252709481E-01
   384   36.480000             179200  2.5713497217068626E-01
   385   36.575000             179200  2.5759497501998518E-01
   386   36.670000             179200  2.5810059392670959E-01
   387   36.765000             179200  2.5864705124557597E-01
   388   36.860000             179200  2.5922935148499016E-01
   389   36.955000             179200  2.5984233239616650E-01
   390   37.050000             179200  2.6048064220575645E-01
   391   37.145000             179200  2.6113874923605174E-01
   392   37.240000             179200  2.6181099741085812E-01
   393   37.335000             179200  2.6249161648480890E-01
   394   37.430000             179200  2.6317463446506950E-01
   395   37.525000             179200  2.6385374481481150E-01
   396   37.620000             179200  2.6452224274620639E-01
   397   37.715000             179200  2.6517303766460354E-01
   398   37.810000             179200  2.6579864894187333E-01
   399   37.905000             179200  2.6639119560553270E-01
   400   38.000000             179200  2.6694247096441193E-01
   401   38.095000             179200  2.6744410289371034E-01
   402   38.190000             179200  2.6788770774387588E-01
   403   38.285000             179200  2.6826494718369320E-01
   404   38.380000             179200  2.6856748149763832E-01
   405   38.475000             179200  2.6878698960923819E-01
   406   38.570000             179200  2.6891543985833338E-01
   407   38.665000             179200  2.6894550992520172E-01
   408   38.760000             179200  2.6887094857201443E-01
   409   38.855000             179200  2.6868691549954071E-01
   410   38.950000             179200  2.6839042767331134E-01
   411   39.045000             179200  2.6798082788114974E-01
   412   39.140000             179200  2.6746003611401065E-01
   413   39.235000             179200  2.6683250654292240E-01
   414   39.330000             179200  2.6610493874853502E-01
   415   39.425000             179200  2.6528582332734679E-01
   416   39.520000             179200  2.6438493990520207E-01
   417   39.615000             179200  2.6341289625421710E-01
   418   39.710000             179200  2.6238075936077621E-01
   419   39.805000             179200  2.6129982135012597E-01
   420   39.900000             179200  2.6018150560936470E-01
   421   39.995000             179200  2.5903732624820841E-01
   422   40.090000             179200  2.5787883490507008E-01
