! Kinetic energy for species "electrons-down"
  Iter        Time          Total Par.             Kin. Energy
     0   0.0000000             179200  2.8287839491897560E-01
     1  0.95000000E-01         179200  2.8287815485044127E-01
     2  0.19000000             179200  2.8287743861980363E-01
     3  0.28500000             179200  2.8287625798619964E-01
     4  0.38000000             179200  2.8287463207340552E-01
     5  0.47500000             179200  2.8287258690485501E-01
     6  0.57000000             179200  2.8287015499433454E-01
     7  0.66500000             179200  2.8286737490258829E-01
     8  0.76000000             179200  2.8286429070309704E-01
     9  0.85500000             179200  2.8286095132789602E-01
    10  0.95000000             179200  2.8285740974744022E-01
    11   1.0450000             179200  2.8285372208218940E-01
    12   1.1400000             179200  2.8284994677745501E-01
    13   1.2350000             179200  2.8284614372099848E-01
    14   1.3300000             179200  2.8284237320738703E-01
    15   1.4250000             179200  2.8283869495370412E-01
    16   1.5200000             179200  2.8283516722888374E-01
    17   1.6150000             179200  2.8283184591355759E-01
    18   1.7100000             179200  2.8282878358791103E-01
    19   1.8050000             179200  2.8282602880649244E-01
    20   1.9000000             179200  2.8282362530799998E-01
    21   1.9950000             179200  2.8282161110992099E-01
    22   2.0900000             179200  2.8282001796077533E-01
    23   2.1850000             179200  2.8281887116130416E-01
    24   2.2800000             179200  2.8281818912600692E-01
    25   2.3750000             179200  2.8281798264832364E-01
    26   2.4700000             179200  2.8281825456724385E-01
    27   2.5650000             179200  2.8281900005593624E-01
    28   2.6600000             179200  2.8282020708278632E-01
    29   2.7550000             179200  2.8282185672661370E-01
    30   2.8500000             179200  2.8282392327977945E-01
    31   2.9450000             179200  2.8282637421813156E-01
    32   3.0400000             179200  2.8282917050140616E-01
    33   3.1350000             179200  2.8283226751236834E-01
    34   3.2300000             179200  2.8283561611591157E-01
    35   3.3250000             179200  2.8283916339416426E-01
    36   3.4200000             179200  2.8284285338987381E-01
    37   3.5150000             179200  2.8284662791269088E-01
    38   3.6100000             179200  2.8285042706949359E-01
    39   3.7050000             179200  2.8285419001488049E-01
    40   3.8000000             179200  2.8285785649709794E-01
    41   3.8950000             179200  2.8286136837970771E-01
    42   3.9900000             179200  2.8286467023268286E-01
    43   4.0850000             179200  2.8286770958247376E-01
    44   4.1800000             179200  2.8287043773002751E-01
    45   4.2750000             179200  2.8287281102345596E-01
    46   4.3700000             179200  2.8287479191449971E-01
    47   4.4650000             179200  2.8287634930916622E-01
    48   4.5600000             179200  2.8287745837012784E-01
    49   4.6550000             179200  2.8287810074371833E-01
    50   4.7500000             179200  2.8287826574415426E-01
    51   4.8450000             179200  2.8287795126563053E-01
    52   4.9400000             179200  2.8287716304910543E-01
    53   5.0350000             179200  2.8287591329593181E-01
    54   5.1300000             179200  2.8287422061132028E-01
    55   5.2250000             179200  2.8287211103509818E-01
    56   5.3200000             179200  2.8286961831000290E-01
    57   5.4150000             179200  2.8286678278047872E-01
    58   5.5100000             179200  2.8286364975351974E-01
    59   5.6050000             179200  2.8286026827162192E-01
    60   5.7000000             179200  2.8285669085448961E-01
    61   5.7950000             179200  2.8285297373022039E-01
    62   5.8900000             179200  2.8284917618727701E-01
    63   5.9850000             179200  2.8284535878086703E-01
    64   6.0800000             179200  2.8284158173540830E-01
    65   6.1750000             179200  2.8283790424771033E-01
    66   6.2700000             179200  2.8283438395338362E-01
    67   6.3650000             179200  2.8283107615036301E-01
    68   6.4600000             179200  2.8282803307723847E-01
    69   6.5550000             179200  2.8282530295416719E-01
    70   6.6500000             179200  2.8282292857377633E-01
    71   6.7450000             179200  2.8282094651573431E-01
    72   6.8400000             179200  2.8281938745985569E-01
    73   6.9350000             179200  2.8281827607100707E-01
    74   7.0300000             179200  2.8281762971287183E-01
    75   7.1250000             179200  2.8281745758848831E-01
    76   7.2200000             179200  2.8281776127567698E-01
    77   7.3150000             179200  2.8281853552671204E-01
    78   7.4100000             179200  2.8281976833293199E-01
    79   7.5050000             179200  2.8282144034045403E-01
    80   7.6000000             179200  2.8282352410485728E-01
    81   7.6950000             179200  2.8282598430970818E-01
    82   7.7900000             179200  2.8282877973339171E-01
    83   7.8850000             179200  2.8283186542722044E-01
    84   7.9800000             179200  2.8283519295300374E-01
    85   8.0750000             179200  2.8283870936200944E-01
    86   8.1700000             179200  2.8284235737625318E-01
    87   8.2650000             179200  2.8284607732985145E-01
    88   8.3600000             179200  2.8284980916118529E-01
    89   8.4550000             179200  2.8285349298666601E-01
    90   8.5500000             179200  2.8285706864065796E-01
    91   8.6450000             179200  2.8286047598680175E-01
    92   8.7400000             179200  2.8286365726488688E-01
    93   8.8350000             179200  2.8286656035954238E-01
    94   8.9300000             179200  2.8286914032890625E-01
    95   9.0250000             179200  2.8287135813156977E-01
    96   9.1200000             179200  2.8287317849085736E-01
    97   9.2150000             179200  2.8287456943613754E-01
    98   9.3100000             179200  2.8287550385675625E-01
    99   9.4050000             179200  2.8287596155073902E-01
   100   9.5000000             179200  2.8287593048535453E-01
   101   9.5950000             179200  2.8287540711583553E-01
   102   9.6900000             179200  2.8287439632492994E-01
   103   9.7850000             179200  2.8287291154705729E-01
   104   9.8800000             179200  2.8287097489995161E-01
   105   9.9750000             179200  2.8286861636931115E-01
   106   10.070000             179200  2.8286587159253829E-01
   107   10.165000             179200  2.8286277953558187E-01
   108   10.260000             179200  2.8285938219379242E-01
   109   10.355000             179200  2.8285572657701508E-01
   110   10.450000             179200  2.8285186635524390E-01
   111   10.545000             179200  2.8284786047191901E-01
   112   10.640000             179200  2.8284376929186367E-01
   113   10.735000             179200  2.8283965134288985E-01
   114   10.830000             179200  2.8283556252011044E-01
   115   10.925000             179200  2.8283155693492407E-01
   116   11.020000             179200  2.8282768788401769E-01
   117   11.115000             179200  2.8282400834668603E-01
   118   11.210000             179200  2.8282057055217236E-01
   119   11.305000             179200  2.8281742393869924E-01
   120   11.400000             179200  2.8281461210527548E-01
   121   11.495000             179200  2.8281217054432961E-01
   122   11.590000             179200  2.8281012594684563E-01
   123   11.685000             179200  2.8280849666503138E-01
   124   11.780000             179200  2.8280729395840748E-01
   125   11.875000             179200  2.8280652318775695E-01
   126   11.970000             179200  2.8280618366676724E-01
   127   12.065000             179200  2.8280626740218362E-01
   128   12.160000             179200  2.8280675830766244E-01
   129   12.255000             179200  2.8280763251516239E-01
   130   12.350000             179200  2.8280885927307031E-01
   131   12.445000             179200  2.8281040180534012E-01
   132   12.540000             179200  2.8281221719777461E-01
   133   12.635000             179200  2.8281425475686683E-01
   134   12.730000             179200  2.8281645450280785E-01
   135   12.825000             179200  2.8281874891569858E-01
   136   12.920000             179200  2.8282106876563090E-01
   137   13.015000             179200  2.8282334961159666E-01
   138   13.110000             179200  2.8282553421998036E-01
   139   13.205000             179200  2.8282756932105058E-01
   140   13.300000             179200  2.8282939941470286E-01
   141   13.395000             179200  2.8283096220285581E-01
   142   13.490000             179200  2.8283218887013029E-01
   143   13.585000             179200  2.8283300892875707E-01
   144   13.680000             179200  2.8283335642385155E-01
   145   13.775000             179200  2.8283317437021605E-01
   146   13.870000             179200  2.8283241649028379E-01
   147   13.965000             179200  2.8283104707470685E-01
   148   14.060000             179200  2.8282903976567564E-01
   149   14.155000             179200  2.8282637504827490E-01
   150   14.250000             179200  2.8282303657800423E-01
   151   14.345000             179200  2.8281900860071746E-01
   152   14.440000             179200  2.8281427719391172E-01
   153   14.535000             179200  2.8280883510999821E-01
   154   14.630000             179200  2.8280268678683912E-01
   155   14.725000             179200  2.8279584964843346E-01
   156   14.820000             179200  2.8278835005550473E-01
   157   14.915000             179200  2.8278021579065893E-01
   158   15.010000             179200  2.8277146977129003E-01
   159   15.105000             179200  2.8276212940579254E-01
   160   15.200000             179200  2.8275221209826379E-01
   161   15.295000             179200  2.8274174252597545E-01
   162   15.390000             179200  2.8273075563954048E-01
   163   15.485000             179200  2.8271929259184120E-01
   164   15.580000             179200  2.8270739217937457E-01
   165   15.675000             179200  2.8269508346627981E-01
   166   15.770000             179200  2.8268238389499967E-01
   167   15.865000             179200  2.8266930270467139E-01
   168   15.960000             179200  2.8265584602118821E-01
   169   16.055000             179200  2.8264202016260798E-01
   170   16.150000             179200  2.8262783115047224E-01
   171   16.245000             179200  2.8261327938870978E-01
   172   16.340000             179200  2.8259835144982126E-01
   173   16.435000             179200  2.8258301530212909E-01
   174   16.530000             179200  2.8256722452122013E-01
   175   16.625000             179200  2.8255092864014686E-01
   176   16.720000             179200  2.8253407937239516E-01
   177   16.815000             179200  2.8251662569584618E-01
   178   16.910000             179200  2.8249850190283282E-01
   179   17.005000             179200  2.8247961878858552E-01
   180   17.100000             179200  2.8245986320381533E-01
   181   17.195000             179200  2.8243910359423441E-01
   182   17.290000             179200  2.8241719751182448E-01
   183   17.385000             179200  2.8239399875038862E-01
   184   17.480000             179200  2.8236936096166604E-01
   185   17.575000             179200  2.8234313485359075E-01
   186   17.670000             179200  2.8231516295373044E-01
   187   17.765000             179200  2.8228528115321405E-01
   188   17.860000             179200  2.8225332780937995E-01
   189   17.955000             179200  2.8221914813549154E-01
   190   18.050000             179200  2.8218258574934196E-01
   191   18.145000             179200  2.8214347098017967E-01
   192   18.240000             179200  2.8210161956491647E-01
   193   18.335000             179200  2.8205683991196306E-01
   194   18.430000             179200  2.8200893711634806E-01
   195   18.525000             179200  2.8195770970620826E-01
   196   18.620000             179200  2.8190294515823755E-01
   197   18.715000             179200  2.8184442175390489E-01
   198   18.810000             179200  2.8178192016585235E-01
   199   18.905000             179200  2.8171523972264612E-01
   200   19.000000             179200  2.8164420651789157E-01
   201   19.095000             179200  2.8156866641243788E-01
   202   19.190000             179200  2.8148847177412561E-01
   203   19.285000             179200  2.8140347325239368E-01
   204   19.380000             179200  2.8131351695197010E-01
   205   19.475000             179200  2.8121844466784468E-01
   206   19.570000             179200  2.8111809965041390E-01
   207   19.665000             179200  2.8101233541175974E-01
   208   19.760000             179200  2.8090101674279339E-01
   209   19.855000             179200  2.8078400865053232E-01
   210   19.950000             179200  2.8066116315377165E-01
   211   20.045000             179200  2.8053231557780189E-01
   212   20.140000             179200  2.8039729078810793E-01
   213   20.235000             179200  2.8025591255804061E-01
   214   20.330000             179200  2.8010801262988994E-01
   215   20.425000             179200  2.7995344073096556E-01
   216   20.520000             179200  2.7979207015839735E-01
   217   20.615000             179200  2.7962378595555093E-01
   218   20.710000             179200  2.7944845848209221E-01
   219   20.805000             179200  2.7926593255262455E-01
   220   20.900000             179200  2.7907605701444671E-01
   221   20.995000             179200  2.7887872646788553E-01
   222   21.090000             179200  2.7867387283783690E-01
   223   21.185000             179200  2.7846139553428401E-01
   224   21.280000             179200  2.7824110769757526E-01
   225   21.375000             179200  2.7801277432696214E-01
   226   21.470000             179200  2.7777620987685947E-01
   227   21.565000             179200  2.7753132486594884E-01
   228   21.660000             179200  2.7727806218636342E-01
   229   21.755000             179200  2.7701628459417704E-01
   230   21.850000             179200  2.7674572653947094E-01
   231   21.945000             179200  2.7646605786148942E-01
   232   22.040000             179200  2.7617700288765989E-01
   233   22.135000             179200  2.7587841473719205E-01
   234   22.230000             179200  2.7557025314089145E-01
   235   22.325000             179200  2.7525251081849156E-01
   236   22.420000             179200  2.7492517027495056E-01
   237   22.515000             179200  2.7458821235363473E-01
   238   22.610000             179200  2.7424163123581136E-01
   239   22.705000             179200  2.7388541969125246E-01
   240   22.800000             179200  2.7351954099891645E-01
   241   22.895000             179200  2.7314393679631543E-01
   242   22.990000             179200  2.7275859600149188E-01
   243   23.085000             179200  2.7236364266942342E-01
   244   23.180000             179200  2.7195937255167596E-01
   245   23.275000             179200  2.7154623233171382E-01
   246   23.370000             179200  2.7112481188295329E-01
   247   23.465000             179200  2.7069589633796121E-01
   248   23.560000             179200  2.7026053490786850E-01
   249   23.655000             179200  2.6982005478807819E-01
   250   23.750000             179200  2.6937601797903010E-01
   251   23.845000             179200  2.6893016772593953E-01
   252   23.940000             179200  2.6848440825217612E-01
   253   24.035000             179200  2.6804082379059735E-01
   254   24.130000             179200  2.6760168866800893E-01
   255   24.225000             179200  2.6716942542417244E-01
   256   24.320000             179200  2.6674652446148084E-01
   257   24.415000             179200  2.6633548122577544E-01
   258   24.510000             179200  2.6593879819678856E-01
   259   24.605000             179200  2.6555904556441634E-01
   260   24.700000             179200  2.6519889605607888E-01
   261   24.795000             179200  2.6486105048477881E-01
   262   24.890000             179200  2.6454808743796343E-01
   263   24.985000             179200  2.6426235327157965E-01
   264   25.080000             179200  2.6400595391173698E-01
   265   25.175000             179200  2.6378080238504814E-01
   266   25.270000             179200  2.6358865439281143E-01
   267   25.365000             179200  2.6343110710648271E-01
   268   25.460000             179200  2.6330955797840266E-01
   269   25.555000             179200  2.6322515167684402E-01
   270   25.650000             179200  2.6317877522904864E-01
   271   25.745000             179200  2.6317111334634685E-01
   272   25.840000             179200  2.6320267458386920E-01
   273   25.935000             179200  2.6327372592100978E-01
   274   26.030000             179200  2.6338419776464805E-01
   275   26.125000             179200  2.6353364475841995E-01
   276   26.220000             179200  2.6372128148862750E-01
   277   26.315000             179200  2.6394604229908680E-01
   278   26.410000             179200  2.6420657992215851E-01
   279   26.505000             179200  2.6450118948111079E-01
   280   26.600000             179200  2.6482774708618906E-01
   281   26.695000             179200  2.6518368551220473E-01
   282   26.790000             179200  2.6556597301002843E-01
   283   26.885000             179200  2.6597110189458795E-01
   284   26.980000             179200  2.6639511797484600E-01
   285   27.075000             179200  2.6683367250068424E-01
   286   27.170000             179200  2.6728204935314448E-01
   287   27.265000             179200  2.6773517824616627E-01
   288   27.360000             179200  2.6818769809843851E-01
   289   27.455000             179200  2.6863410314508052E-01
   290   27.550000             179200  2.6906894390314245E-01
   291   27.645000             179200  2.6948699721512592E-01
   292   27.740000             179200  2.6988332243907220E-01
   293   27.835000             179200  2.7025320502094874E-01
   294   27.930000             179200  2.7059205169951994E-01
   295   28.025000             179200  2.7089535819224875E-01
   296   28.120000             179200  2.7115881446962392E-01
   297   28.215000             179200  2.7137845880863298E-01
   298   28.310000             179200  2.7155075414572333E-01
   299   28.405000             179200  2.7167259360487661E-01
   300   28.500000             179200  2.7174133263046552E-01
   301   28.595000             179200  2.7175487291495376E-01
   302   28.690000             179200  2.7171174883175331E-01
   303   28.785000             179200  2.7161119277724094E-01
   304   28.880000             179200  2.7145318401747542E-01
   305   28.975000             179200  2.7123848571516895E-01
   306   29.070000             179200  2.7096868499935300E-01
   307   29.165000             179200  2.7064622515167291E-01
   308   29.260000             179200  2.7027436115532188E-01
   309   29.355000             179200  2.6985703032111930E-01
   310   29.450000             179200  2.6939873323877417E-01
   311   29.545000             179200  2.6890448978599207E-01
   312   29.640000             179200  2.6837984780737223E-01
   313   29.735000             179200  2.6783085136206741E-01
   314   29.830000             179200  2.6726388716423016E-01
   315   29.925000             179200  2.6668547634908613E-01
   316   30.020000             179200  2.6610215056138653E-01
   317   30.115000             179200  2.6552040534232590E-01
   318   30.210000             179200  2.6494661258944885E-01
   319   30.305000             179200  2.6438688428708756E-01
   320   30.400000             179200  2.6384695594058827E-01
   321   30.495000             179200  2.6333208603934410E-01
   322   30.590000             179200  2.6284694508078221E-01
   323   30.685000             179200  2.6239552008525430E-01
   324   30.780000             179200  2.6198109484914234E-01
   325   30.875000             179200  2.6160630101935045E-01
   326   30.970000             179200  2.6127313436818661E-01
   327   31.065000             179200  2.6098289707279820E-01
   328   31.160000             179200  2.6073615951438922E-01
   329   31.255000             179200  2.6053282511734582E-01
   330   31.350000             179200  2.6037225388199103E-01
   331   31.445000             179200  2.6025331231388549E-01
   332   31.540000             179200  2.6017431028451043E-01
   333   31.635000             179200  2.6013291913640313E-01
   334   31.730000             179200  2.6012620053814350E-01
   335   31.825000             179200  2.6015078240667311E-01
   336   31.920000             179200  2.6020308928512914E-01
   337   32.015000             179200  2.6027951207963917E-01
   338   32.110000             179200  2.6037645359389994E-01
   339   32.205000             179200  2.6049023787693715E-01
   340   32.300000             179200  2.6061696176786803E-01
   341   32.395000             179200  2.6075245121696289E-01
   342   32.490000             179200  2.6089239515092955E-01
   343   32.585000             179200  2.6103253267229032E-01
   344   32.680000             179200  2.6116871805773467E-01
   345   32.775000             179200  2.6129682625851747E-01
   346   32.870000             179200  2.6141262283022282E-01
   347   32.965000             179200  2.6151177054760927E-01
   348   33.060000             179200  2.6159002393898706E-01
   349   33.155000             179200  2.6164349188521219E-01
   350   33.250000             179200  2.6166879997576975E-01
   351   33.345000             179200  2.6166310376259871E-01
   352   33.440000             179200  2.6162405516027298E-01
   353   33.535000             179200  2.6154983415830402E-01
   354   33.630000             179200  2.6143924871999114E-01
   355   33.725000             179200  2.6129184751757212E-01
   356   33.820000             179200  2.6110800113272919E-01
   357   33.915000             179200  2.6088893568532379E-01
   358   34.010000             179200  2.6063670062304090E-01
   359   34.105000             179200  2.6035404972284915E-01
   360   34.200000             179200  2.6004430772619225E-01
   361   34.295000             179200  2.5971130667927123E-01
   362   34.390000             179200  2.5935938310820311E-01
   363   34.485000             179200  2.5899337924333066E-01
   364   34.580000             179200  2.5861861575911760E-01
   365   34.675000             179200  2.5824084003897457E-01
   366   34.770000             179200  2.5786613503980393E-01
   367   34.865000             179200  2.5750079493403166E-01
   368   34.960000             179200  2.5715121327499013E-01
   369   35.055000             179200  2.5682379272868855E-01
   370   35.150000             179200  2.5652482825910061E-01
   371   35.245000             179200  2.5626035795269431E-01
   372   35.340000             179200  2.5603605910597638E-01
   373   35.435000             179200  2.5585723049018461E-01
   374   35.530000             179200  2.5572875507237308E-01
   375   35.625000             179200  2.5565494302987862E-01
   376   35.720000             179200  2.5563930344830454E-01
   377   35.815000             179200  2.5568435262907729E-01
   378   35.910000             179200  2.5579153470331273E-01
   379   36.005000             179200  2.5596124830388745E-01
   380   36.100000             179200  2.5619292237152647E-01
   381   36.195000             179200  2.5648507320693481E-01
   382   36.290000             179200  2.5683532569507816E-01
   383   36.385000             179200  2.5724042675032061E-01
   384   36.480000             179200  2.5769628220611845E-01
   385   36.575000             179200  2.5819804880237007E-01
   386   36.670000             179200  2.5874029010610411E-01
   387   36.765000             179200  2.5931716229115420E-01
   388   36.860000             179200  2.5992254678027227E-01
   389   36.955000             179200  2.6055008823663173E-01
   390   37.050000             179200  2.6119320084579450E-01
   391   37.145000             179200  2.6184512449246899E-01
   392   37.240000             179200  2.6249902952210608E-01
   393   37.335000             179200  2.6314810338098471E-01
   394   37.430000             179200  2.6378558916081307E-01
   395   37.525000             179200  2.6440480523794346E-01
   396   37.620000             179200  2.6499921533460574E-01
   397   37.715000             179200  2.6556252828756449E-01
   398   37.810000             179200  2.6608871483834062E-01
   399   37.905000             179200  2.6657193795881312E-01
   400   38.000000             179200  2.6700651412968363E-01
   401   38.095000             179200  2.6738697560864316E-01
   402   38.190000             179200  2.6770817880733633E-01
   403   38.285000             179200  2.6796534092856089E-01
   404   38.380000             179200  2.6815396652797974E-01
   405   38.475000             179200  2.6826982608562144E-01
   406   38.570000             179200  2.6830911289931347E-01
   407   38.665000             179200  2.6826863057370071E-01
   408   38.760000             179200  2.6814583430497585E-01
   409   38.855000             179200  2.6793880799600411E-01
   410   38.950000             179200  2.6764636616291204E-01
   411   39.045000             179200  2.6726826076229759E-01
   412   39.140000             179200  2.6680528894773797E-01
   413   39.235000             179200  2.6625927721273235E-01
   414   39.330000             179200  2.6563309092957910E-01
   415   39.425000             179200  2.6493071971698545E-01
   416   39.520000             179200  2.6415734680886960E-01
   417   39.615000             179200  2.6331936283811580E-01
   418   39.710000             179200  2.6242435267820058E-01
   419   39.805000             179200  2.6148099067332942E-01
   420   39.900000             179200  2.6049880624672384E-01
   421   39.995000             179200  2.5948791812719502E-01
   422   40.090000             179200  2.5845886887903069E-01
