! Kinetic energy for species "electrons-up"
  Iter        Time          Total Par.             Kin. Energy
     0   0.0000000             179200  2.8280249032907367E-01
     1  0.95000000E-01         179200  2.8280272897489800E-01
     2  0.19000000             179200  2.8280344130576412E-01
     3  0.28500000             179200  2.8280461639414706E-01
     4  0.38000000             179200  2.8280623591548726E-01
     5  0.47500000             179200  2.8280827437232425E-01
     6  0.57000000             179200  2.8281069955270993E-01
     7  0.66500000             179200  2.8281347310128713E-01
     8  0.76000000             179200  2.8281655116080906E-01
     9  0.85500000             179200  2.8281988504536115E-01
    10  0.95000000             179200  2.8282342194170551E-01
    11   1.0450000             179200  2.8282710572374076E-01
    12   1.1400000             179200  2.8283087791516076E-01
    13   1.2350000             179200  2.8283467870406276E-01
    14   1.3300000             179200  2.8283844791947127E-01
    15   1.4250000             179200  2.8284212594228636E-01
    16   1.5200000             179200  2.8284565452081389E-01
    17   1.6150000             179200  2.8284897753814514E-01
    18   1.7100000             179200  2.8285204189131241E-01
    19   1.8050000             179200  2.8285479853308154E-01
    20   1.9000000             179200  2.8285720349049215E-01
    21   1.9950000             179200  2.8285921861772367E-01
    22   2.0900000             179200  2.8286081205754537E-01
    23   2.1850000             179200  2.8286195862384372E-01
    24   2.2800000             179200  2.8286264018233859E-01
    25   2.3750000             179200  2.8286284583280169E-01
    26   2.4700000             179200  2.8286257193434156E-01
    27   2.5650000             179200  2.8286182237111918E-01
    28   2.6600000             179200  2.8286060902981164E-01
    29   2.7550000             179200  2.8285895180299586E-01
    30   2.8500000             179200  2.8285687774424473E-01
    31   2.9450000             179200  2.8285441993985599E-01
    32   3.0400000             179200  2.8285161688125338E-01
    33   3.1350000             179200  2.8284851236273456E-01
    34   3.2300000             179200  2.8284515531268495E-01
    35   3.3250000             179200  2.8284159919387730E-01
    36   3.4200000             179200  2.8283790097255812E-01
    37   3.5150000             179200  2.8283411973245232E-01
    38   3.6100000             179200  2.8283031531517078E-01
    39   3.7050000             179200  2.8282654748628022E-01
    40   3.8000000             179200  2.8282287544306539E-01
    41   3.8950000             179200  2.8281935713548434E-01
    42   3.9900000             179200  2.8281604840995750E-01
    43   4.0850000             179200  2.8281300209579296E-01
    44   4.1800000             179200  2.8281026683746668E-01
    45   4.2750000             179200  2.8280788584558347E-01
    46   4.3700000             179200  2.8280589616776197E-01
    47   4.4650000             179200  2.8280432862166227E-01
    48   4.5600000             179200  2.8280320785828905E-01
    49   4.6550000             179200  2.8280255204191435E-01
    50   4.7500000             179200  2.8280237220137927E-01
    51   4.8450000             179200  2.8280267161108713E-01
    52   4.9400000             179200  2.8280344540217162E-01
    53   5.0350000             179200  2.8280468061006669E-01
    54   5.1300000             179200  2.8280635683869143E-01
    55   5.2250000             179200  2.8280844710901604E-01
    56   5.3200000             179200  2.8281091824709526E-01
    57   5.4150000             179200  2.8281373100461615E-01
    58   5.5100000             179200  2.8281684054620215E-01
    59   5.6050000             179200  2.8282019730623126E-01
    60   5.7000000             179200  2.8282374786386411E-01
    61   5.7950000             179200  2.8282743590336756E-01
    62   5.8900000             179200  2.8283120333421524E-01
    63   5.9850000             179200  2.8283499100115023E-01
    64   6.0800000             179200  2.8283873870108511E-01
    65   6.1750000             179200  2.8284238564981717E-01
    66   6.2700000             179200  2.8284587243450371E-01
    67   6.3650000             179200  2.8284914320739329E-01
    68   6.4600000             179200  2.8285214627247235E-01
    69   6.5550000             179200  2.8285483371259246E-01
    70   6.6500000             179200  2.8285716199210736E-01
    71   6.7450000             179200  2.8285909349434840E-01
    72   6.8400000             179200  2.8286059747227843E-01
    73   6.9350000             179200  2.8286165001518843E-01
    74   7.0300000             179200  2.8286223384460585E-01
    75   7.1250000             179200  2.8286233856611698E-01
    76   7.2200000             179200  2.8286196149759174E-01
    77   7.3150000             179200  2.8286110854869195E-01
    78   7.4100000             179200  2.8285979403391565E-01
    79   7.5050000             179200  2.8285803927785025E-01
    80   7.6000000             179200  2.8285587148510749E-01
    81   7.6950000             179200  2.8285332369472482E-01
    82   7.7900000             179200  2.8285043482036343E-01
    83   7.8850000             179200  2.8284724910525155E-01
    84   7.9800000             179200  2.8284381559644423E-01
    85   8.0750000             179200  2.8284018767362240E-01
    86   8.1700000             179200  2.8283642190591718E-01
    87   8.2650000             179200  2.8283257662599726E-01
    88   8.3600000             179200  2.8282871128719222E-01
    89   8.4550000             179200  2.8282488612297951E-01
    90   8.5500000             179200  2.8282116072836494E-01
    91   8.6450000             179200  2.8281759205588575E-01
    92   8.7400000             179200  2.8281423380881970E-01
    93   8.8350000             179200  2.8281113734422636E-01
    94   8.9300000             179200  2.8280835184664338E-01
    95   9.0250000             179200  2.8280592243792368E-01
    96   9.1200000             179200  2.8280388733314255E-01
    97   9.2150000             179200  2.8280227581407763E-01
    98   9.3100000             179200  2.8280110796894731E-01
    99   9.4050000             179200  2.8280039613237345E-01
   100   9.5000000             179200  2.8280014672851289E-01
   101   9.5950000             179200  2.8280036075628939E-01
   102   9.6900000             179200  2.8280103274719270E-01
   103   9.7850000             179200  2.8280214995253289E-01
   104   9.8800000             179200  2.8280369281616369E-01
   105   9.9750000             179200  2.8280563537266945E-01
   106   10.070000             179200  2.8280794413882993E-01
   107   10.165000             179200  2.8281057688015526E-01
   108   10.260000             179200  2.8281348392642369E-01
   109   10.355000             179200  2.8281661215004750E-01
   110   10.450000             179200  2.8281990858977302E-01
   111   10.545000             179200  2.8282332077891903E-01
   112   10.640000             179200  2.8282679393167243E-01
   113   10.735000             179200  2.8283026810049339E-01
   114   10.830000             179200  2.8283367837028772E-01
   115   10.925000             179200  2.8283695826948507E-01
   116   11.020000             179200  2.8284004401636448E-01
   117   11.115000             179200  2.8284287742601893E-01
   118   11.210000             179200  2.8284540708088901E-01
   119   11.305000             179200  2.8284758805806587E-01
   120   11.400000             179200  2.8284938033217027E-01
   121   11.495000             179200  2.8285074694327855E-01
   122   11.590000             179200  2.8285165391280342E-01
   123   11.685000             179200  2.8285207219454844E-01
   124   11.780000             179200  2.8285197987117638E-01
   125   11.875000             179200  2.8285136356815410E-01
   126   11.970000             179200  2.8285021935197863E-01
   127   12.065000             179200  2.8284855266629771E-01
   128   12.160000             179200  2.8284637675677426E-01
   129   12.255000             179200  2.8284371091572713E-01
   130   12.350000             179200  2.8284058030620496E-01
   131   12.445000             179200  2.8283701671533995E-01
   132   12.540000             179200  2.8283305783802803E-01
   133   12.635000             179200  2.8282874422356602E-01
   134   12.730000             179200  2.8282411604121110E-01
   135   12.825000             179200  2.8281921284025580E-01
   136   12.920000             179200  2.8281407724237023E-01
   137   13.015000             179200  2.8280876004943156E-01
   138   13.110000             179200  2.8280332252039631E-01
   139   13.205000             179200  2.8279783293567085E-01
   140   13.300000             179200  2.8279235835829486E-01
   141   13.395000             179200  2.8278695612099208E-01
   142   13.490000             179200  2.8278166995898224E-01
   143   13.585000             179200  2.8277653225141774E-01
   144   13.680000             179200  2.8277156938791642E-01
   145   13.775000             179200  2.8276680584756442E-01
   146   13.870000             179200  2.8276226527927756E-01
   147   13.965000             179200  2.8275796987171453E-01
   148   14.060000             179200  2.8275393871429533E-01
   149   14.155000             179200  2.8275018411190689E-01
   150   14.250000             179200  2.8274670633526755E-01
   151   14.345000             179200  2.8274349030111395E-01
   152   14.440000             179200  2.8274050724060934E-01
   153   14.535000             179200  2.8273772056112684E-01
   154   14.630000             179200  2.8273509195111812E-01
   155   14.725000             179200  2.8273258348352204E-01
   156   14.820000             179200  2.8273015365723864E-01
   157   14.915000             179200  2.8272774950252977E-01
   158   15.010000             179200  2.8272530093072273E-01
   159   15.105000             179200  2.8272272269204135E-01
   160   15.200000             179200  2.8271992283696207E-01
   161   15.295000             179200  2.8271681125305648E-01
   162   15.390000             179200  2.8271330309158282E-01
   163   15.485000             179200  2.8270931656409215E-01
   164   15.580000             179200  2.8270476754579948E-01
   165   15.675000             179200  2.8269956447749500E-01
   166   15.770000             179200  2.8269360747261718E-01
   167   15.865000             179200  2.8268679374987238E-01
   168   15.960000             179200  2.8267902667407091E-01
   169   16.055000             179200  2.8267022169255301E-01
   170   16.150000             179200  2.8266030418420096E-01
   171   16.245000             179200  2.8264920128766552E-01
   172   16.340000             179200  2.8263683563275255E-01
   173   16.435000             179200  2.8262312710161575E-01
   174   16.530000             179200  2.8260800053350171E-01
   175   16.625000             179200  2.8259139173861431E-01
   176   16.720000             179200  2.8257324744030160E-01
   177   16.815000             179200  2.8255352103809539E-01
   178   16.910000             179200  2.8253216741162268E-01
   179   17.005000             179200  2.8250913865464566E-01
   180   17.100000             179200  2.8248438273254062E-01
   181   17.195000             179200  2.8245784537495017E-01
   182   17.290000             179200  2.8242947172460092E-01
   183   17.385000             179200  2.8239920575174476E-01
   184   17.480000             179200  2.8236699135926158E-01
   185   17.575000             179200  2.8233277803122941E-01
   186   17.670000             179200  2.8229652497275504E-01
   187   17.765000             179200  2.8225819558002330E-01
   188   17.860000             179200  2.8221774550125212E-01
   189   17.955000             179200  2.8217511737476875E-01
   190   18.050000             179200  2.8213024809632248E-01
   191   18.145000             179200  2.8208307828502754E-01
   192   18.240000             179200  2.8203354935364644E-01
   193   18.335000             179200  2.8198158676802632E-01
   194   18.430000             179200  2.8192708348282253E-01
   195   18.525000             179200  2.8186989811439900E-01
   196   18.620000             179200  2.8180986799431124E-01
   197   18.715000             179200  2.8174682413006003E-01
   198   18.810000             179200  2.8168059744239315E-01
   199   18.905000             179200  2.8161101762916396E-01
   200   19.000000             179200  2.8153791102333992E-01
   201   19.095000             179200  2.8146109901458288E-01
   202   19.190000             179200  2.8138039479520532E-01
   203   19.285000             179200  2.8129559911521002E-01
   204   19.380000             179200  2.8120649876659265E-01
   205   19.475000             179200  2.8111286944900826E-01
   206   19.570000             179200  2.8101448159832321E-01
   207   19.665000             179200  2.8091110554970833E-01
   208   19.760000             179200  2.8080250928175743E-01
   209   19.855000             179200  2.8068844543648674E-01
   210   19.950000             179200  2.8056863885317490E-01
   211   20.045000             179200  2.8044279223365420E-01
   212   20.140000             179200  2.8031060963058840E-01
   213   20.235000             179200  2.8017181463410834E-01
   214   20.330000             179200  2.8002614428031986E-01
   215   20.425000             179200  2.7987332872322701E-01
   216   20.520000             179200  2.7971308935416384E-01
   217   20.615000             179200  2.7954517261886813E-01
   218   20.710000             179200  2.7936938706180547E-01
   219   20.805000             179200  2.7918559082631367E-01
   220   20.900000             179200  2.7899362956822643E-01
   221   20.995000             179200  2.7879329207402848E-01
   222   21.090000             179200  2.7858433674088195E-01
   223   21.185000             179200  2.7836656300441331E-01
   224   21.280000             179200  2.7813985747303549E-01
   225   21.375000             179200  2.7790417425157776E-01
   226   21.470000             179200  2.7765946972762018E-01
   227   21.565000             179200  2.7740565333620704E-01
   228   21.660000             179200  2.7714261031255483E-01
   229   21.755000             179200  2.7687028121838136E-01
   230   21.850000             179200  2.7658871258193507E-01
   231   21.945000             179200  2.7629802161886291E-01
   232   22.040000             179200  2.7599831720413415E-01
   233   22.135000             179200  2.7568966490189073E-01
   234   22.230000             179200  2.7537213820211931E-01
   235   22.325000             179200  2.7504591737258421E-01
   236   22.420000             179200  2.7471134201587954E-01
   237   22.515000             179200  2.7436885959397683E-01
   238   22.610000             179200  2.7401891906399140E-01
   239   22.705000             179200  2.7366190652430317E-01
   240   22.800000             179200  2.7329815456864404E-01
   241   22.895000             179200  2.7292797877452935E-01
   242   22.990000             179200  2.7255170075424640E-01
   243   23.085000             179200  2.7216968312215623E-01
   244   23.180000             179200  2.7178240813638926E-01
   245   23.275000             179200  2.7139055745897372E-01
   246   23.370000             179200  2.7099501947961180E-01
   247   23.465000             179200  2.7059681076713760E-01
   248   23.560000             179200  2.7019698895140043E-01
   249   23.655000             179200  2.6979665072015108E-01
   250   23.750000             179200  2.6939700623880181E-01
   251   23.845000             179200  2.6899941888578016E-01
   252   23.940000             179200  2.6860531093925133E-01
   253   24.035000             179200  2.6821597467431552E-01
   254   24.130000             179200  2.6783245322949600E-01
   255   24.225000             179200  2.6745560233800103E-01
   256   24.320000             179200  2.6708626546821534E-01
   257   24.415000             179200  2.6672537276815228E-01
   258   24.510000             179200  2.6637385980695227E-01
   259   24.605000             179200  2.6603250156860142E-01
   260   24.700000             179200  2.6570180964704970E-01
   261   24.795000             179200  2.6538204136901755E-01
   262   24.890000             179200  2.6507327908543793E-01
   263   24.985000             179200  2.6477550701705621E-01
   264   25.080000             179200  2.6448861006690749E-01
   265   25.175000             179200  2.6421230480236924E-01
   266   25.270000             179200  2.6394612358098202E-01
   267   25.365000             179200  2.6368949722088331E-01
   268   25.460000             179200  2.6344186111982870E-01
   269   25.555000             179200  2.6320268091327736E-01
   270   25.650000             179200  2.6297138508729978E-01
   271   25.745000             179200  2.6274732127363698E-01
   272   25.840000             179200  2.6252981301984873E-01
   273   25.935000             179200  2.6231824554463162E-01
   274   26.030000             179200  2.6211210267095830E-01
   275   26.125000             179200  2.6191099198694406E-01
   276   26.220000             179200  2.6171468445546886E-01
   277   26.315000             179200  2.6152314697763779E-01
   278   26.410000             179200  2.6133654668214201E-01
   279   26.505000             179200  2.6115522387435175E-01
   280   26.600000             179200  2.6097963231712901E-01
   281   26.695000             179200  2.6081024316703516E-01
   282   26.790000             179200  2.6064749734097120E-01
   283   26.885000             179200  2.6049185539344599E-01
   284   26.980000             179200  2.6034388156994093E-01
   285   27.075000             179200  2.6020432637240876E-01
   286   27.170000             179200  2.6007421100830508E-01
   287   27.265000             179200  2.5995490083505857E-01
   288   27.360000             179200  2.5984814388558958E-01
   289   27.455000             179200  2.5975607365759668E-01
   290   27.550000             179200  2.5968116867442836E-01
   291   27.645000             179200  2.5962614890628805E-01
   292   27.740000             179200  2.5959384042962563E-01
   293   27.835000             179200  2.5958709397772184E-01
   294   27.930000             179200  2.5960877574290991E-01
   295   28.025000             179200  2.5966175583322276E-01
   296   28.120000             179200  2.5974884702834111E-01
   297   28.215000             179200  2.5987267541995895E-01
   298   28.310000             179200  2.6003552272872299E-01
   299   28.405000             179200  2.6023924010537702E-01
   300   28.500000             179200  2.6048524158014408E-01
   301   28.595000             179200  2.6077449078524090E-01
   302   28.690000             179200  2.6110742120628927E-01
   303   28.785000             179200  2.6148380370324015E-01
   304   28.880000             179200  2.6190264648124256E-01
   305   28.975000             179200  2.6236220453697301E-01
   306   29.070000             179200  2.6286008487003654E-01
   307   29.165000             179200  2.6339335720643053E-01
   308   29.260000             179200  2.6395856486911973E-01
   309   29.355000             179200  2.6455161204387284E-01
   310   29.450000             179200  2.6516765716471652E-01
   311   29.545000             179200  2.6580115453557562E-01
   312   29.640000             179200  2.6644603834174141E-01
   313   29.735000             179200  2.6709593832999934E-01
   314   29.830000             179200  2.6774433025982902E-01
   315   29.925000             179200  2.6838460172511847E-01
   316   30.020000             179200  2.6901006858218246E-01
   317   30.115000             179200  2.6961402131258083E-01
   318   30.210000             179200  2.7018985789814598E-01
   319   30.305000             179200  2.7073126815567977E-01
   320   30.400000             179200  2.7123238220651535E-01
   321   30.495000             179200  2.7168783546075992E-01
   322   30.590000             179200  2.7209278355613942E-01
   323   30.685000             179200  2.7244295540599256E-01
   324   30.780000             179200  2.7273481192927151E-01
   325   30.875000             179200  2.7296576857302279E-01
   326   30.970000             179200  2.7313433639518908E-01
   327   31.065000             179200  2.7324008650834847E-01
   328   31.160000             179200  2.7328350859204020E-01
   329   31.255000             179200  2.7326590301426101E-01
   330   31.350000             179200  2.7318934506503917E-01
   331   31.445000             179200  2.7305664793395151E-01
   332   31.540000             179200  2.7287125297692771E-01
   333   31.635000             179200  2.7263704708150949E-01
   334   31.730000             179200  2.7235816288323322E-01
   335   31.825000             179200  2.7203882075123015E-01
   336   31.920000             179200  2.7168325740029575E-01
   337   32.015000             179200  2.7129574147503877E-01
   338   32.110000             179200  2.7088064281645158E-01
   339   32.205000             179200  2.7044248083258066E-01
   340   32.300000             179200  2.6998587227256909E-01
   341   32.395000             179200  2.6951542190003042E-01
   342   32.490000             179200  2.6903568901189218E-01
   343   32.585000             179200  2.6855128325534999E-01
   344   32.680000             179200  2.6806694389221419E-01
   345   32.775000             179200  2.6758743644909855E-01
   346   32.870000             179200  2.6711734738220255E-01
   347   32.965000             179200  2.6666099282906564E-01
   348   33.060000             179200  2.6622248696360895E-01
   349   33.155000             179200  2.6580583055210127E-01
   350   33.250000             179200  2.6541490752558594E-01
   351   33.345000             179200  2.6505338729229655E-01
   352   33.440000             179200  2.6472457704061514E-01
   353   33.535000             179200  2.6443130384486457E-01
   354   33.630000             179200  2.6417586448160879E-01
   355   33.725000             179200  2.6395999844118534E-01
   356   33.820000             179200  2.6378484781454825E-01
   357   33.915000             179200  2.6365082121647931E-01
   358   34.010000             179200  2.6355732487174960E-01
   359   34.105000             179200  2.6350251559260263E-01
   360   34.200000             179200  2.6348331445252510E-01
   361   34.295000             179200  2.6349570258788751E-01
   362   34.390000             179200  2.6353499058207186E-01
   363   34.485000             179200  2.6359580781254716E-01
   364   34.580000             179200  2.6367195332022292E-01
   365   34.675000             179200  2.6375640395084377E-01
   366   34.770000             179200  2.6384151922160248E-01
   367   34.865000             179200  2.6391932667224233E-01
   368   34.960000             179200  2.6398187221943731E-01
   369   35.055000             179200  2.6402157392252873E-01
   370   35.150000             179200  2.6403141937164532E-01
   371   35.245000             179200  2.6400499643354003E-01
   372   35.340000             179200  2.6393653105560422E-01
   373   35.435000             179200  2.6382103713123883E-01
   374   35.530000             179200  2.6365446917126401E-01
   375   35.625000             179200  2.6343371937141480E-01
   376   35.720000             179200  2.6315641555984604E-01
   377   35.815000             179200  2.6282059977076722E-01
   378   35.910000             179200  2.6242445838253026E-01
   379   36.005000             179200  2.6196625743668900E-01
   380   36.100000             179200  2.6144446617478562E-01
   381   36.195000             179200  2.6085787024203677E-01
   382   36.290000             179200  2.6020550003394882E-01
   383   36.385000             179200  2.5948647410760300E-01
   384   36.480000             179200  2.5870002998693131E-01
   385   36.575000             179200  2.5784579903396210E-01
   386   36.670000             179200  2.5692408964074676E-01
   387   36.765000             179200  2.5593599724160954E-01
   388   36.860000             179200  2.5488340312398150E-01
   389   36.955000             179200  2.5376896686704936E-01
   390   37.050000             179200  2.5259612708641238E-01
   391   37.145000             179200  2.5136909638433491E-01
   392   37.240000             179200  2.5009286820192134E-01
   393   37.335000             179200  2.4877322870858115E-01
   394   37.430000             179200  2.4741671965819612E-01
   395   37.525000             179200  2.4603054514905859E-01
   396   37.620000             179200  2.4462246720260108E-01
   397   37.715000             179200  2.4320078783569624E-01
   398   37.810000             179200  2.4177449416553595E-01
   399   37.905000             179200  2.4035348623629227E-01
   400   38.000000             179200  2.3894862840840100E-01
   401   38.095000             179200  2.3757148545680468E-01
   402   38.190000             179200  2.3623392869391649E-01
   403   38.285000             179200  2.3494781569081058E-01
   404   38.380000             179200  2.3372473078979944E-01
   405   38.475000             179200  2.3257567751565650E-01
   406   38.570000             179200  2.3151073524630125E-01
   407   38.665000             179200  2.3053877527381683E-01
   408   38.760000             179200  2.2966728380020204E-01
   409   38.855000             179200  2.2890229794617536E-01
   410   38.950000             179200  2.2824841345152513E-01
   411   39.045000             179200  2.2770879631409713E-01
   412   39.140000             179200  2.2728512169358261E-01
   413   39.235000             179200  2.2697741320327097E-01
   414   39.330000             179200  2.2678382658006335E-01
   415   39.425000             179200  2.2670044743432191E-01
   416   39.520000             179200  2.2672116578810542E-01
   417   39.615000             179200  2.2683759992434394E-01
   418   39.710000             179200  2.2703903859354885E-01
   419   39.805000             179200  2.2731249221142297E-01
   420   39.900000             179200  2.2764302349196128E-01
   421   39.995000             179200  2.2801432538247790E-01
   422   40.090000             179200  2.2840936045998933E-01
