! EM field energy per field component
  Iter        Time                          B1                      B2                      B3                      E1                      E2                      E3
     0   0.0000000      0.0000000000000000E+00  0.0000000000000000E+00  0.0000000000000000E+00  0.0000000000000000E+00  0.0000000000000000E+00  0.0000000000000000E+00
     1  0.95000000E-01  0.0000000000000000E+00  5.4839485280091312E-11  5.7474114409373746E-11  5.2031610221216356E-10  7.4945838653217916E-10  6.2348499572417463E-10
     2  0.19000000      0.0000000000000000E+00  6.0592297586576459E-10  6.3192710121520082E-10  2.0506886188138595E-09  2.2521418896867425E-09  1.7394430314534058E-09
     3  0.28500000      0.0000000000000000E+00  1.8454315927138639E-09  1.8838963693942563E-09  4.5058186102487314E-09  3.8430702907538762E-09  2.5454361857039428E-09
     4  0.38000000      0.0000000000000000E+00  3.3743098588861189E-09  3.4223657414388307E-09  7.7521097069947558E-09  5.5521394334801027E-09  2.9512475819406684E-09
     5  0.47500000      0.0000000000000000E+00  4.7833341315153881E-09  5.2195411584888739E-09  1.1615274266127288E-08  7.1403057260288026E-09  3.0757538708514972E-09
     6  0.57000000      0.0000000000000000E+00  5.7711305288476429E-09  7.4376710936710521E-09  1.5890223555976839E-08  8.3660822119178710E-09  3.1573323761055399E-09
     7  0.66500000      0.0000000000000000E+00  6.2357510595090148E-09  9.9863483421841708E-09  2.0352638450127933E-08  9.3190476948662914E-09  3.3315847296505798E-09
     8  0.76000000      0.0000000000000000E+00  6.3008203240959543E-09  1.2648174704164649E-08  2.4771587119846238E-08  1.0122333106914982E-08  3.5013420336489848E-09
     9  0.85500000      0.0000000000000000E+00  6.0561920882752655E-09  1.5340652169302361E-08  2.8922452924174740E-08  1.0605685534524206E-08  3.6686647445005508E-09
    10  0.95000000      0.0000000000000000E+00  5.6076647997283244E-09  1.7880542284259499E-08  3.2599339370480311E-08  1.0718440566253548E-08  3.8263115758699875E-09
    11   1.0450000      0.0000000000000000E+00  5.0378563510062237E-09  1.9984266002092199E-08  3.5626287819394355E-08  1.0689518695890569E-08  4.0104790687699007E-09
    12   1.1400000      0.0000000000000000E+00  4.4541851563910663E-09  2.1770963016412406E-08  3.7866655594304140E-08  1.0453285576642181E-08  4.2174259657825746E-09
    13   1.2350000      0.0000000000000000E+00  4.0756841070128776E-09  2.3524579866519538E-08  3.9230123610105018E-08  9.9770395752501952E-09  4.2285373097901292E-09
    14   1.3300000      0.0000000000000000E+00  3.9969047228451258E-09  2.5413043181153326E-08  3.9676889636011291E-08  9.4698298765663473E-09  3.9308168205237283E-09
    15   1.4250000      0.0000000000000000E+00  4.2150765995205682E-09  2.7532653426154731E-08  3.9218910760743047E-08  9.0910060923969417E-09  3.2833804802170848E-09
    16   1.5200000      0.0000000000000000E+00  4.5369491181994134E-09  2.9890087458896460E-08  3.7918163940944633E-08  8.8531430121383486E-09  2.5036457336799284E-09
    17   1.6150000      0.0000000000000000E+00  4.6555221962375743E-09  3.2547814065912056E-08  3.5882036911480092E-08  8.4396033792120206E-09  1.9980131320959701E-09
    18   1.7100000      0.0000000000000000E+00  4.5436737382025221E-09  3.5477516326429683E-08  3.3256128384478523E-08  7.7347320852489775E-09  1.8321966039347843E-09
    19   1.8050000      0.0000000000000000E+00  4.3871244938054204E-09  3.8808619512393465E-08  3.0214923555482210E-08  6.8364829755737007E-09  1.8070419810189173E-09
    20   1.9000000      0.0000000000000000E+00  4.3364405845365439E-09  4.2941365116052250E-08  2.6950950119156550E-08  5.9230135127132520E-09  1.8034230944440819E-09
    21   1.9950000      0.0000000000000000E+00  4.5496458812273501E-09  4.8131112252916043E-08  2.3663123247435279E-08  5.4234598689646154E-09  1.6938964953198382E-09
    22   2.0900000      0.0000000000000000E+00  5.0025806429912107E-09  5.4533722189386080E-08  2.0544955112781711E-08  5.3866713785635483E-09  1.5507479048338251E-09
    23   2.1850000      0.0000000000000000E+00  5.4877415021076334E-09  6.2057760260456532E-08  1.7773320396505429E-08  5.4702760962850316E-09  1.5629264148204480E-09
    24   2.2800000      0.0000000000000000E+00  5.7670577179019518E-09  7.0207401602898716E-08  1.5498481756902982E-08  5.4046660203425820E-09  1.8777784145965242E-09
    25   2.3750000      0.0000000000000000E+00  5.8163642546346442E-09  7.8320345196842499E-08  1.3835910130003772E-08  5.1782068272087380E-09  2.4108008838488009E-09
    26   2.4700000      0.0000000000000000E+00  5.9026621437639828E-09  8.5933888967469436E-08  1.2860339655959911E-08  5.0205310900337245E-09  2.7518222837624661E-09
    27   2.5650000      0.0000000000000000E+00  6.0001000803841186E-09  9.3249911673017836E-08  1.2602500946143007E-08  4.9415854293064994E-09  2.8771671282297029E-09
    28   2.6600000      0.0000000000000000E+00  5.8113100226220111E-09  1.0085118717537423E-07  1.3048613677870694E-08  4.9795235944014275E-09  3.0927473223279068E-09
    29   2.7550000      0.0000000000000000E+00  5.3411901186528970E-09  1.0918413033350369E-07  1.4142587529264656E-08  5.3977768794354634E-09  3.3225280323383741E-09
    30   2.8500000      0.0000000000000000E+00  4.7065132786527174E-09  1.1841528236049767E-07  1.5790703150467697E-08  6.1312109437860636E-09  3.4384310355937009E-09
    31   2.9450000      0.0000000000000000E+00  3.9695993010488168E-09  1.2809271681704180E-07  1.7868511841459453E-08  6.8984056402648231E-09  3.4955724287191807E-09
    32   3.0400000      0.0000000000000000E+00  3.2913479513932348E-09  1.3734869540556557E-07  2.0229497522549546E-08  7.5890302396737650E-09  3.4813550376357378E-09
    33   3.1350000      0.0000000000000000E+00  2.7392991204233631E-09  1.4601722833853878E-07  2.2714851952610943E-08  8.1364481838065844E-09  3.5189423871945648E-09
    34   3.2300000      0.0000000000000000E+00  2.3796021998352945E-09  1.5528476541131599E-07  2.5163770125897772E-08  8.2783220451152278E-09  3.6360154432428764E-09
    35   3.3250000      0.0000000000000000E+00  2.3104468336092324E-09  1.6657051382187522E-07  2.7423627610002194E-08  8.1483226889936488E-09  3.6828399440894927E-09
    36   3.4200000      0.0000000000000000E+00  2.5106903888765423E-09  1.8031213110696989E-07  2.9359383074050242E-08  8.3662640748892021E-09  3.5801495727806986E-09
    37   3.5150000      0.0000000000000000E+00  2.9241065649776306E-09  1.9625227775406497E-07  3.0861630382988041E-08  8.9691362235687012E-09  3.2627887980355975E-09
    38   3.6100000      0.0000000000000000E+00  3.3824822424712634E-09  2.1388633122464454E-07  3.1852802255406073E-08  9.6029399996930671E-09  2.8505453132891346E-09
    39   3.7050000      0.0000000000000000E+00  3.7016399565929141E-09  2.3304598369685445E-07  3.2291192651293807E-08  1.0137099530287300E-08  2.5341289970261508E-09
    40   3.8000000      0.0000000000000000E+00  3.8531085201596791E-09  2.5447547091447479E-07  3.2172582464926815E-08  1.0518816854897520E-08  2.3081811530522126E-09
    41   3.8950000      0.0000000000000000E+00  3.8055982204778954E-09  2.7922973789856166E-07  3.1529427332458424E-08  1.0796858676629427E-08  2.2053266019371809E-09
    42   3.9900000      0.0000000000000000E+00  3.6594936409952036E-09  3.0761619992995671E-07  3.0427644725567779E-08  1.1063953326760288E-08  2.1128546362959462E-09
    43   4.0850000      0.0000000000000000E+00  3.4944975936296798E-09  3.3884039354459997E-07  2.8961328063840965E-08  1.1467696052160140E-08  1.9664037405637214E-09
    44   4.1800000      0.0000000000000000E+00  3.1601136680047694E-09  3.7193052944609994E-07  2.7245766173735678E-08  1.2036690916272838E-08  2.0492152042420198E-09
    45   4.2750000      0.0000000000000000E+00  2.8031450278910817E-09  4.0672087357419111E-07  2.5409202961719171E-08  1.2750701786424926E-08  2.3008673386543859E-09
    46   4.3700000      0.0000000000000000E+00  2.8274528852416738E-09  4.4386060604158628E-07  2.3583908280039900E-08  1.3681499076383091E-08  2.3485229695082666E-09
    47   4.4650000      0.0000000000000000E+00  3.2901357791775486E-09  4.8424373341610567E-07  2.1897235352733804E-08  1.4617178671646161E-08  2.2247750091935789E-09
    48   4.5600000      0.0000000000000000E+00  3.9829915909786853E-09  5.2822197089951442E-07  2.0463129635135943E-08  1.5245204398560482E-08  2.1714307635175362E-09
    49   4.6550000      0.0000000000000000E+00  4.6657934727173481E-09  5.7559130824758113E-07  1.9374672914289770E-08  1.5437792888679859E-08  2.3333456180564953E-09
    50   4.7500000      0.0000000000000000E+00  5.1602414872104192E-09  6.2595608227773634E-07  1.8698172625195185E-08  1.5401139031555059E-08  2.6911678772375890E-09
    51   4.8450000      0.0000000000000000E+00  5.4341356178235620E-09  6.7875857711585076E-07  1.8469153503737979E-08  1.5678916141276947E-08  3.0350186411031358E-09
    52   4.9400000      0.0000000000000000E+00  5.5027048437979271E-09  7.3367614279992174E-07  1.8690497554593585E-08  1.6356024500577253E-08  3.2523560129536663E-09
    53   5.0350000      0.0000000000000000E+00  5.5122915942753703E-09  7.9096183104250650E-07  1.9332776851027631E-08  1.7253976771715283E-08  3.2293320025515241E-09
    54   5.1300000      0.0000000000000000E+00  5.5008993710410512E-09  8.5204962882549511E-07  2.0336807824133759E-08  1.8376877188819146E-08  3.0804434691212278E-09
    55   5.2250000      0.0000000000000000E+00  5.3063513706341064E-09  9.1978138422082931E-07  2.1618169284456613E-08  1.9745707396133850E-08  3.1462808075397718E-09
    56   5.3200000      0.0000000000000000E+00  4.9398289100302812E-09  9.9703308269004586E-07  2.3073359212977328E-08  2.1447491764057018E-08  3.4415624639080504E-09
    57   5.4150000      0.0000000000000000E+00  4.5643224039877333E-09  1.0850911174229001E-06  2.4587212417147330E-08  2.3480718839906587E-08  3.7186013622818040E-09
    58   5.5100000      0.0000000000000000E+00  4.2945380720226107E-09  1.1833082527204801E-06  2.6041044407987980E-08  2.5756979983806676E-08  3.7907699410655901E-09
    59   5.6050000      0.0000000000000000E+00  4.2114447177559901E-09  1.2906043876468375E-06  2.7320931611115843E-08  2.7865222558440537E-08  3.5348904773921105E-09
    60   5.7000000      0.0000000000000000E+00  4.2274907379851037E-09  1.4068910796347180E-06  2.8325618107122476E-08  2.9367281332410273E-08  3.0934922023282753E-09
    61   5.7950000      0.0000000000000000E+00  4.2170126317689241E-09  1.5330781459821923E-06  2.8973511980741318E-08  3.0435574881627221E-08  2.6786992707750328E-09
    62   5.8900000      0.0000000000000000E+00  4.1537021446585793E-09  1.6705766505544241E-06  2.9208323524473070E-08  3.1098358288520015E-08  2.3661319534589242E-09
    63   5.9850000      0.0000000000000000E+00  4.0446200543662129E-09  1.8199148917136632E-06  2.9003010449942781E-08  3.1147357256909777E-08  2.2072309956798945E-09
    64   6.0800000      0.0000000000000000E+00  4.0032003184303968E-09  1.9797828535657753E-06  2.8361700702288757E-08  3.0959815899825246E-08  2.0937682964348782E-09
    65   6.1750000      0.0000000000000000E+00  4.0095868077669073E-09  2.1484653051761880E-06  2.7319532666862444E-08  3.1124117740985060E-08  2.0916277937832350E-09
    66   6.2700000      0.0000000000000000E+00  3.9893956031429180E-09  2.3258070859986667E-06  2.5940403533154749E-08  3.1803857933019274E-08  2.2993097350089929E-09
    67   6.3650000      0.0000000000000000E+00  3.9426742960680852E-09  2.5134875302706571E-06  2.4312782312025971E-08  3.3029509552656881E-08  2.6807293815795405E-09
    68   6.4600000      0.0000000000000000E+00  3.9643458116842101E-09  2.7144414912803129E-06  2.2543866555581169E-08  3.5072343173219202E-08  3.0908084170332452E-09
    69   6.5550000      0.0000000000000000E+00  4.4714027356870640E-09  2.9330546691073696E-06  2.0752497047291109E-08  3.7741538861126497E-08  2.9815049423343626E-09
    70   6.6500000      0.0000000000000000E+00  5.5965206618491578E-09  3.1744849886118322E-06  1.9061272295201923E-08  4.0805018836025820E-08  2.0677690366795507E-09
    71   6.7450000      0.0000000000000000E+00  6.4153031775760035E-09  3.4430511326302449E-06  1.7588393783116934E-08  4.5036779302330405E-08  1.3849660959061018E-09
    72   6.8400000      0.0000000000000000E+00  6.2854609539172497E-09  3.7421839805238245E-06  1.6439809662287014E-08  5.0624846396034095E-08  1.6197618522010287E-09
    73   6.9350000      0.0000000000000000E+00  5.5060619988290668E-09  4.0740985977669286E-06  1.5702120193246698E-08  5.6744975897000008E-08  2.3894006079691492E-09
    74   7.0300000      0.0000000000000000E+00  4.5579738587885609E-09  4.4392364698004299E-06  1.5436751095333215E-08  6.2941927757265291E-08  3.2062490448408235E-09
    75   7.1250000      0.0000000000000000E+00  3.8477674455439618E-09  4.8374091674980032E-06  1.5675758507144758E-08  6.8963659389440261E-08  3.6579096663851544E-09
    76   7.2200000      0.0000000000000000E+00  3.4943865783521735E-09  5.2687491139319664E-06  1.6419509298759333E-08  7.4510251695909704E-08  3.6584686129354327E-09
    77   7.3150000      0.0000000000000000E+00  3.3404402558522075E-09  5.7338442207416171E-06  1.7636408559217770E-08  7.9582620630770920E-08  3.4408811175462972E-09
    78   7.4100000      0.0000000000000000E+00  3.2782237272358095E-09  6.2342363368524040E-06  1.9264727549346020E-08  8.4659464180755236E-08  3.1641098081584618E-09
    79   7.5050000      0.0000000000000000E+00  3.2720631323826545E-09  6.7733906478255656E-06  2.1216334386913626E-08  9.0196434732003936E-08  2.9225106264268219E-09
    80   7.6000000      0.0000000000000000E+00  3.3276038139592762E-09  7.3563941761095777E-06  2.3382126935722880E-08  9.6363807979870653E-08  2.7633288252276122E-09
    81   7.6950000      0.0000000000000000E+00  3.4449510844542001E-09  7.9879806707557406E-06  2.5638874407328915E-08  1.0356748185229496E-07  2.6746605029846266E-09
    82   7.7900000      0.0000000000000000E+00  3.4696245575631415E-09  8.6715811319077529E-06  2.7856966894725787E-08  1.1215328723262306E-07  2.7949174308429537E-09
    83   7.8850000      0.0000000000000000E+00  3.3463503288114119E-09  9.4103127498148693E-06  2.9908549155635632E-08  1.2221253844349002E-07  3.0861154336936086E-09
    84   7.9800000      0.0000000000000000E+00  3.1225299185743518E-09  1.0209172431511694E-05  3.1675503383487036E-08  1.3394133248615404E-07  3.4400121019967299E-09
    85   8.0750000      0.0000000000000000E+00  3.0175097391726316E-09  1.1076879678051511E-05  3.3056883652984471E-08  1.4758287944020315E-07  3.6271900274869332E-09
    86   8.1700000      0.0000000000000000E+00  3.3225408837017993E-09  1.2025232490186212E-05  3.3975238824044891E-08  1.6339141294546513E-07  3.3911885581732171E-09
    87   8.2650000      0.0000000000000000E+00  3.9910323240199522E-09  1.3066681582727593E-05  3.4381400796046577E-08  1.8112859770294330E-07  2.8928250123475011E-09
    88   8.3600000      0.0000000000000000E+00  4.7376769758098139E-09  1.4211682975659311E-05  3.4257456980905909E-08  2.0012449427149832E-07  2.4838418929402366E-09
    89   8.4550000      0.0000000000000000E+00  5.3375708342602998E-09  1.5467753605178904E-05  3.3617804700871669E-08  2.1972594623587820E-07  2.2866891545952334E-09
    90   8.5500000      0.0000000000000000E+00  5.6010812121767680E-09  1.6840593720594828E-05  3.2508144337599462E-08  2.3927162068195745E-07  2.3230325990571725E-09
    91   8.6450000      0.0000000000000000E+00  5.5192673627109218E-09  1.8335281932332819E-05  3.1002508745667620E-08  2.5872533773134615E-07  2.4394273991247934E-09
    92   8.7400000      0.0000000000000000E+00  5.2554378961521108E-09  1.9957808920891383E-05  2.9198530678158481E-08  2.7860900245049104E-07  2.4176757799628671E-09
    93   8.8350000      0.0000000000000000E+00  4.9589553039607225E-09  2.1716648860827868E-05  2.7211233732790652E-08  2.9939394738836721E-07  2.1985863344600490E-09
    94   8.9300000      0.0000000000000000E+00  4.6367732290531880E-09  2.3622994801166246E-05  2.5165768860804049E-08  3.2138492766620149E-07  1.9284615661342615E-09
    95   9.0250000      0.0000000000000000E+00  4.1353819707278115E-09  2.5689546545123104E-05  2.3189530750457232E-08  3.4481437910348882E-07  1.9684257272788800E-09
    96   9.1200000      0.0000000000000000E+00  3.6248369252411748E-09  2.7929172826982715E-05  2.1404202677188977E-08  3.7029027824254621E-07  2.2371766722369546E-09
    97   9.2150000      0.0000000000000000E+00  3.4398971322032629E-09  3.0356152361188406E-05  1.9918218494714592E-08  3.9854861133845057E-07  2.3721695923428511E-09
    98   9.3100000      0.0000000000000000E+00  3.4993710455632849E-09  3.2989278856124808E-05  1.8820094062693596E-08  4.3010868697702013E-07  2.4562479530877885E-09
    99   9.4050000      0.0000000000000000E+00  3.6193906642064023E-09  3.5853103428908928E-05  1.8173026091639805E-08  4.6564261795202157E-07  2.6380941761395273E-09
   100   9.5000000      0.0000000000000000E+00  3.7966277608804968E-09  3.8975530977704403E-05  1.8011164960968409E-08  5.0569380244541603E-07  2.8481183967964997E-09
   101   9.5950000      0.0000000000000000E+00  4.0099307776944712E-09  4.2382710444145172E-05  1.8337713314935482E-08  5.5032125150837780E-07  3.0976720166584964E-09
   102   9.6900000      0.0000000000000000E+00  4.2959929190333195E-09  4.6095523566086216E-05  1.9124977717443544E-08  5.9951518580890541E-07  3.2926332430673561E-09
   103   9.7850000      0.0000000000000000E+00  4.5906108201264718E-09  5.0132074575144021E-05  2.0316402341911553E-08  6.5365096984592069E-07  3.4058712165552647E-09
   104   9.8800000      0.0000000000000000E+00  4.6866269674244581E-09  5.4515243503117500E-05  2.1830374677848308E-08  7.1309161537443660E-07  3.5650981242045817E-09
   105   9.9750000      0.0000000000000000E+00  4.5166107631432018E-09  5.9278518807475757E-05  2.3565573641499629E-08  7.7801806401819034E-07  3.7592248618507276E-09
   106   10.070000      0.0000000000000000E+00  4.1488726592424219E-09  6.4465131266236447E-05  2.5407469837870272E-08  8.4915521255080743E-07  3.9477608853301527E-09
   107   10.165000      0.0000000000000000E+00  3.8280863687507334E-09  7.0122978966320976E-05  2.7235620187124329E-08  9.2722990914346489E-07  3.9801293653998429E-09
   108   10.260000      0.0000000000000000E+00  3.8040381393812238E-09  7.6299341947845523E-05  2.8931273355868088E-08  1.0122074937204049E-06  3.7190247731645343E-09
   109   10.355000      0.0000000000000000E+00  4.0773387502440343E-09  8.3038221412926310E-05  3.0384743896570608E-08  1.1037203329800184E-06  3.2836823127404516E-09
   110   10.450000      0.0000000000000000E+00  4.5559170284550838E-09  9.0381568335529247E-05  3.1502214623663704E-08  1.2014204820087469E-06  2.7697944518306470E-09
   111   10.545000      0.0000000000000000E+00  5.0287785032177595E-09  9.8372389039155260E-05  3.2211492813992503E-08  1.3053618856539015E-06  2.3386455431879673E-09
   112   10.640000      0.0000000000000000E+00  5.3522728634537476E-09  1.0705810314167318E-04  3.2466361198184005E-08  1.4162120393534252E-06  2.0839755471915546E-09
   113   10.735000      0.0000000000000000E+00  5.6795460437634836E-09  1.1649373188710226E-04  3.2249194473612248E-08  1.5353155178992167E-06  1.7585062686299882E-09
   114   10.830000      0.0000000000000000E+00  5.9383373651484067E-09  1.2674468638595228E-04  3.1571767919941158E-08  1.6644121299162175E-06  1.4467950863830358E-09
   115   10.925000      0.0000000000000000E+00  5.8645981145015672E-09  1.3788780162652024E-04  3.0474267238647418E-08  1.8051765507178400E-06  1.4768382073997176E-09
   116   11.020000      0.0000000000000000E+00  5.5362752244044163E-09  1.5000957973255969E-04  2.9022544623743867E-08  1.9593436053976232E-06  1.7227935744381730E-09
   117   11.115000      0.0000000000000000E+00  5.1694478794372995E-09  1.6320403892401344E-04  2.7303828678101155E-08  2.1284618703247296E-06  1.9100821463171822E-09
   118   11.210000      0.0000000000000000E+00  4.8384601030312764E-09  1.7757208484946019E-04  2.5421145270757526E-08  2.3136237963843790E-06  1.9782515495732877E-09
   119   11.305000      0.0000000000000000E+00  4.5104599819905639E-09  1.9322117451491387E-04  2.3486892428394588E-08  2.5155889697465530E-06  2.0227258842916239E-09
   120   11.400000      0.0000000000000000E+00  4.0888155933800671E-09  2.1026220454914204E-04  2.1615919480056119E-08  2.7351006515111164E-06  2.2472837641461265E-09
   121   11.495000      0.0000000000000000E+00  3.5935778933214311E-09  2.2880387018109558E-04  1.9918530010554782E-08  2.9740251792221799E-06  2.6729252329301958E-09
   122   11.590000      0.0000000000000000E+00  3.0807787945169698E-09  2.4895285123748315E-04  1.8493974135475427E-08  3.2355957125186939E-06  3.2529239783708044E-09
   123   11.685000      0.0000000000000000E+00  2.7041798391839886E-09  2.7082642231022867E-04  1.7424740821128849E-08  3.5240574152191758E-06  3.7948501481553612E-09
   124   11.780000      0.0000000000000000E+00  2.6786016417409915E-09  2.9457351927812388E-04  1.6771973239103244E-08  3.8444557776415201E-06  3.9832938354612182E-09
   125   11.875000      0.0000000000000000E+00  2.8920572870680295E-09  3.2039104678449593E-04  1.6572322194551928E-08  4.2014533387103560E-06  3.9014942263986893E-09
   126   11.970000      0.0000000000000000E+00  3.0789821880685387E-09  3.4852171605084543E-04  1.6836385692948770E-08  4.5980773433506959E-06  3.8280585356107499E-09
   127   12.065000      0.0000000000000000E+00  3.1411500512085738E-09  3.7923256232201585E-04  1.7548766557370680E-08  5.0348665735548697E-06  3.8631069298846837E-09
   128   12.160000      0.0000000000000000E+00  3.1182090966198082E-09  4.1278654899635928E-04  1.8669707963851166E-08  5.5101908185262460E-06  3.9774432124997368E-09
   129   12.255000      0.0000000000000000E+00  3.1919418699523874E-09  4.4942383117696667E-04  2.0138269852972056E-08  6.0213531917517703E-06  3.9648062070848223E-09
   130   12.350000      0.0000000000000000E+00  3.5130261511683035E-09  4.8936227086594699E-04  2.1876702841564141E-08  6.5660251794472701E-06  3.6491340934376969E-09
   131   12.445000      0.0000000000000000E+00  4.0400580948945921E-09  5.3281634325215118E-04  2.3795728463704457E-08  7.1447928893424483E-06  3.1195704963663775E-09
   132   12.540000      0.0000000000000000E+00  4.6967895543187957E-09  5.8002891908701050E-04  2.5800428483228700E-08  7.7619982063820144E-06  2.4989785010099494E-09
   133   12.635000      0.0000000000000000E+00  5.3443319002826837E-09  6.3130389622591591E-04  2.7796247137104358E-08  8.4242000545537717E-06  2.0139558232434880E-09
   134   12.730000      0.0000000000000000E+00  5.9712533726661069E-09  6.8702277418697009E-04  2.9694773031754801E-08  9.1388110572327539E-06  1.6855413635684448E-09
   135   12.825000      0.0000000000000000E+00  6.5760394484939918E-09  7.4763446276663930E-04  3.1418975361504616E-08  9.9127585741717097E-06  1.4364509696725588E-09
   136   12.920000      0.0000000000000000E+00  6.9837824580098025E-09  8.1362120512139681E-04  3.2907495653958696E-08  1.0751220795267970E-05  1.2956252360499879E-09
   137   13.015000      0.0000000000000000E+00  6.9295937525259029E-09  8.8545941706885505E-04  3.4117622200581617E-08  1.1658159733219086E-05  1.3020461041953772E-09
   138   13.110000      0.0000000000000000E+00  6.0090360814396331E-09  9.6360258127891620E-04  3.5027022264628181E-08  1.2639188011010405E-05  1.7524945893228455E-09
   139   13.205000      0.0000000000000000E+00  4.2935073868642011E-09  1.0485038314378425E-03  3.5634168013323121E-08  1.3703576288682201E-05  2.6528285262480999E-09
   140   13.300000      0.0000000000000000E+00  2.8443236433041647E-09  1.1406681118307400E-03  3.5957281460309648E-08  1.4864416713364929E-05  3.0265407540927966E-09
   141   13.395000      0.0000000000000000E+00  2.3048636503798721E-09  1.2407022188699905E-03  3.6031976991401428E-08  1.6139207479702295E-05  2.5286870580408761E-09
   142   13.490000      0.0000000000000000E+00  2.2984332054943153E-09  1.3493386293909526E-03  3.5907814966013680E-08  1.7547614151664708E-05  1.9778342205115589E-09
   143   13.585000      0.0000000000000000E+00  2.4506279214364460E-09  1.4674282567381969E-03  3.5644053632406933E-08  1.9106796072462175E-05  1.9116103500275479E-09
   144   13.680000      0.0000000000000000E+00  2.5721479655416697E-09  1.5959139215744882E-03  3.5304844527539532E-08  2.0829266201872601E-05  2.4882178972936938E-09
   145   13.775000      0.0000000000000000E+00  2.7424610013365576E-09  1.7358037382488379E-03  3.4954308525879765E-08  2.2722194982669615E-05  3.4070006760318409E-09
   146   13.870000      0.0000000000000000E+00  3.1799579482913108E-09  1.8881528897393572E-03  3.4651802577324926E-08  2.4787520343073549E-05  4.1610922450688286E-09
   147   13.965000      0.0000000000000000E+00  3.9085111065041403E-09  2.0540513236385208E-03  3.4447729543050268E-08  2.7023548005564933E-05  4.5061930536822345E-09
   148   14.060000      0.0000000000000000E+00  4.7782321244986944E-09  2.2346153746243664E-03  3.4380189816417773E-08  2.9427913180410492E-05  4.4595392037530899E-09
   149   14.155000      0.0000000000000000E+00  5.6039374771384716E-09  2.4309877035941642E-03  3.4472916657921480E-08  3.2000653669486390E-05  4.1335600022022289E-09
   150   14.250000      0.0000000000000000E+00  6.2085896765818438E-09  2.6443526877089215E-03  3.4734416656057616E-08  3.4746478910422565E-05  3.7244683657357471E-09
   151   14.345000      0.0000000000000000E+00  6.5835477607496854E-09  2.8759696024994036E-03  3.5157807283297433E-08  3.7677124256805649E-05  3.2432198857245007E-09
   152   14.440000      0.0000000000000000E+00  6.6756554594273095E-09  3.1272185282048338E-03  3.5722408412093121E-08  4.0812249231885579E-05  2.7950457007549364E-09
   153   14.535000      0.0000000000000000E+00  6.4357093325164828E-09  3.3996440588070450E-03  3.6396514233520904E-08  4.4177920193219814E-05  2.4805463647217496E-09
   154   14.630000      0.0000000000000000E+00  5.8514831789158957E-09  3.6949779814199595E-03  3.7141096033058438E-08  4.7804310165059623E-05  2.3743083346828109E-09
   155   14.725000      0.0000000000000000E+00  4.9658973926937750E-09  4.0151329419803464E-03  3.7914097383153659E-08  5.1723172175164011E-05  2.5345366296563130E-09
   156   14.820000      0.0000000000000000E+00  4.1053761138687146E-09  4.3621762771500839E-03  3.8675119112197775E-08  5.5966346022489191E-05  2.6676838004411942E-09
   157   14.915000      0.0000000000000000E+00  3.5813939422264658E-09  4.7383072138231707E-03  3.9390271493609113E-08  6.0564966597359965E-05  2.4769161517536148E-09
   158   15.010000      0.0000000000000000E+00  3.3762033223785176E-09  5.1458591365858728E-03  4.0036360340414135E-08  6.5549041866485992E-05  2.0394319641779419E-09
   159   15.105000      0.0000000000000000E+00  3.3336191709094261E-09  5.5873302505698432E-03  4.0604567262145536E-08  7.0947492075140302E-05  1.5601768710527141E-09
   160   15.200000      0.0000000000000000E+00  3.2631445607870094E-09  6.0654232025270337E-03  4.1103928490190830E-08  7.6786508737631049E-05  1.2843045196925414E-09
   161   15.295000      0.0000000000000000E+00  3.0386162170475464E-09  6.5830613160780373E-03  4.1563330694455876E-08  8.3087483346179296E-05  1.4005574281899149E-09
   162   15.390000      0.0000000000000000E+00  2.7498058103070302E-09  7.1433623861324597E-03  4.2031562809055221E-08  8.9865530463515949E-05  1.8284269331524186E-09
   163   15.485000      0.0000000000000000E+00  2.6108653571014310E-09  7.7495829280064838E-03  4.2577424675467192E-08  9.7129478469058656E-05  2.3286097602954996E-09
   164   15.580000      0.0000000000000000E+00  2.8318182266860903E-09  8.4050698396249696E-03  4.3289202351867323E-08  1.0488424920704504E-04  2.5750023883471616E-09
   165   15.675000      0.0000000000000000E+00  3.2163920820865491E-09  9.1132545408101947E-03  4.4271713241888978E-08  1.1313435450972226E-04  2.7009821528644113E-09
   166   15.770000      0.0000000000000000E+00  3.4296210361458964E-09  9.8776952726405166E-03  4.5641654494087634E-08  1.2188667921179796E-04  3.0527141899544035E-09
   167   15.865000      0.0000000000000000E+00  3.5925009370699416E-09  1.0702137937918174E-02  4.7524327499079374E-08  1.3115063572132906E-04  3.4638155920438588E-09
   168   15.960000      0.0000000000000000E+00  3.8953326419890193E-09  1.1590551075766590E-02  5.0049784693453776E-08  1.4093591265870576E-04  3.7212728313340904E-09
   169   16.055000      0.0000000000000000E+00  4.2880616536674027E-09  1.2547107498495941E-02  5.3347485419019609E-08  1.5125148958810653E-04  3.8816470379486440E-09
   170   16.150000      0.0000000000000000E+00  4.7217510270591698E-09  1.3576126791735761E-02  5.7540106148146021E-08  1.6210691574398972E-04  3.9236385599101778E-09
   171   16.245000      0.0000000000000000E+00  5.0833476169917248E-09  1.4682022871948537E-02  6.2739204709416129E-08  1.7351326704342104E-04  3.9015873981780139E-09
   172   16.340000      0.0000000000000000E+00  5.3063306327853342E-09  1.5869293416171850E-02  6.9041838338983087E-08  1.8548249453541194E-04  3.8322464509581622E-09
   173   16.435000      0.0000000000000000E+00  5.4618125491348983E-09  1.7142550357316037E-02  7.6531741953439119E-08  1.9802434125655100E-04  3.5910503751108038E-09
   174   16.530000      0.0000000000000000E+00  5.5365971960761133E-09  1.8506551657370720E-02  8.5276213465674833E-08  2.1114125809077282E-04  3.2318914365786221E-09
   175   16.625000      0.0000000000000000E+00  5.5136667347318682E-09  1.9966188750220753E-02  9.5328475854648006E-08  2.2482372367306448E-04  2.8361442514092476E-09
   176   16.720000      0.0000000000000000E+00  5.3485262333092083E-09  2.1526418049055737E-02  1.0673241299300796E-07  2.3904949598119982E-04  2.5288502511718797E-09
   177   16.815000      0.0000000000000000E+00  5.0247523278855678E-09  2.3192170136733296E-02  1.1952462851546921E-07  2.5378481374625713E-04  2.3966535369642902E-09
   178   16.910000      0.0000000000000000E+00  4.6915949945000247E-09  2.4968279945507994E-02  1.3373923875773312E-07  2.6898353165033789E-04  2.2919242144077035E-09
   179   17.005000      0.0000000000000000E+00  4.4460474396839766E-09  2.6859446858816319E-02  1.4940740393342987E-07  2.8458444064838827E-04  2.1442497941764639E-09
   180   17.100000      0.0000000000000000E+00  4.3514886416575384E-09  2.8870192549057056E-02  1.6656224420689745E-07  3.0050749499722809E-04  1.9186627531976889E-09
   181   17.195000      0.0000000000000000E+00  4.3849373567878151E-09  3.1004781146989742E-02  1.8524532183990515E-07  3.1665277237581473E-04  1.6502985977275398E-09
   182   17.290000      0.0000000000000000E+00  4.2996705166755273E-09  3.3267105362781539E-02  2.0549466392326808E-07  3.3290416740776405E-04  1.6600427200346325E-09
   183   17.385000      0.0000000000000000E+00  4.1203226199022775E-09  3.5660582050941657E-02  2.2735374399303263E-07  3.4913588915265730E-04  1.8948825317079256E-09
   184   17.480000      0.0000000000000000E+00  4.0393552226337656E-09  3.8188104030664465E-02  2.5090420486551362E-07  3.6521807338732448E-04  2.0481998083299759E-09
   185   17.575000      0.0000000000000000E+00  3.8965977045825186E-09  4.0852041392900912E-02  2.7627384042865397E-07  3.8101570896028708E-04  2.2454091938626302E-09
   186   17.670000      0.0000000000000000E+00  3.5076269374984080E-09  4.3654236163968435E-02  3.0364104473746104E-07  3.9638459613125618E-04  2.6693815067889953E-09
   187   17.765000      0.0000000000000000E+00  2.9888393946548511E-09  4.6595934029751040E-02  3.3322909018700895E-07  4.1116653154989451E-04  3.2119148488874071E-09
   188   17.860000      0.0000000000000000E+00  2.5909266211412558E-09  4.9677638034032280E-02  3.6534922890446308E-07  4.2519053705646591E-04  3.6652793835061760E-09
   189   17.955000      0.0000000000000000E+00  2.5321522264597150E-09  5.2898927629444419E-02  4.0037831245513103E-07  4.3828085409493116E-04  3.8225123718261223E-09
   190   18.050000      0.0000000000000000E+00  2.8024237125257924E-09  5.6258308910171764E-02  4.3866293196432200E-07  4.5026745495177560E-04  3.7117069900122148E-09
   191   18.145000      0.0000000000000000E+00  3.2699461402159384E-09  5.9753133388481476E-02  4.8052366838443563E-07  4.6099256060321030E-04  3.4642904608073417E-09
   192   18.240000      0.0000000000000000E+00  3.7367833902525486E-09  6.3379583174918847E-02  5.2629424902582735E-07  4.7031114251570860E-04  3.2617281534991463E-09
   193   18.335000      0.0000000000000000E+00  3.9784674381621391E-09  6.7132701869101752E-02  5.7625364111572351E-07  4.7808754266000832E-04  3.3310276627054147E-09
   194   18.430000      0.0000000000000000E+00  4.0929355754971053E-09  7.1006415450366414E-02  6.3052694949411748E-07  4.8419032837316520E-04  3.4770755946333663E-09
   195   18.525000      0.0000000000000000E+00  4.2653995945698550E-09  7.4993478708799174E-02  6.8939709551649482E-07  4.8849276673648928E-04  3.4010922691878876E-09
   196   18.620000      0.0000000000000000E+00  4.4498084929675184E-09  7.9085305739912334E-02  7.5328344445232939E-07  4.9087357965024844E-04  3.0949225036700898E-09
   197   18.715000      0.0000000000000000E+00  4.4854343108065857E-09  8.3271730845251885E-02  8.2263577024170087E-07  4.9122807826742511E-04  2.7025359961157857E-09
   198   18.810000      0.0000000000000000E+00  4.2044993980457415E-09  8.7540841843030570E-02  8.9777919910545014E-07  4.8948252331507461E-04  2.4496293666711302E-09
   199   18.905000      0.0000000000000000E+00  3.6097326556601245E-09  9.1878947302664257E-02  9.7867115540245110E-07  4.8560281180314800E-04  2.4566335178237345E-09
   200   19.000000      0.0000000000000000E+00  2.9672708650077774E-09  9.6270587860689760E-02  1.0648308807144492E-06  4.7959332479493379E-04  2.5537310682980991E-09
   201   19.095000      0.0000000000000000E+00  2.5087566759773707E-09  1.0069847846342705E-01  1.1554393105756191E-06  4.7149597771819140E-04  2.6007411203547144E-09
   202   19.190000      0.0000000000000000E+00  2.3626227949689650E-09  1.0514339617836482E-01  1.2494795266244635E-06  4.6139337134960861E-04  2.4819608705353409E-09
   203   19.285000      0.0000000000000000E+00  2.4367235926538178E-09  1.0958417617335897E-01  1.3458188024387437E-06  4.4942642146762941E-04  2.2956331826047549E-09
   204   19.380000      0.0000000000000000E+00  2.5588791921928331E-09  1.1399790025049950E-01  1.4434063054132461E-06  4.3581346892429708E-04  2.2349147055403415E-09
   205   19.475000      0.0000000000000000E+00  2.7223384271510652E-09  1.1836025623722160E-01  1.5409666935906559E-06  4.2085235030040174E-04  2.2819015931449725E-09
   206   19.570000      0.0000000000000000E+00  2.9745386867341467E-09  1.2264600558996737E-01  1.6371684008491748E-06  4.0489946809765066E-04  2.3848976538378719E-09
   207   19.665000      0.0000000000000000E+00  3.4990788004739843E-09  1.2682950904336485E-01  1.7311151798811408E-06  3.8833635974840178E-04  2.2722936096166973E-09
   208   19.760000      0.0000000000000000E+00  4.1720253882626751E-09  1.3088528769369026E-01  1.8225788912825163E-06  3.7153628770590164E-04  1.9620566570590716E-09
   209   19.855000      0.0000000000000000E+00  4.2903864658465718E-09  1.3478861492935046E-01  1.9120302611570743E-06  3.5485053915733269E-04  2.2157295874129035E-09
   210   19.950000      0.0000000000000000E+00  3.8086120714300601E-09  1.3851609502176529E-01  2.0006367932130960E-06  3.3858975958456211E-04  3.0723470852366268E-09
   211   20.045000      0.0000000000000000E+00  3.5564545171918326E-09  1.4204606195631647E-01  2.0892295740908741E-06  3.2301548282813599E-04  3.5494417833924416E-09
   212   20.140000      0.0000000000000000E+00  3.8548126261127249E-09  1.4535879254475989E-01  2.1781406254259824E-06  3.0833879978090797E-04  3.3518445435185288E-09
   213   20.235000      0.0000000000000000E+00  4.4730039492750384E-09  1.4843660269465100E-01  2.2678028265425551E-06  2.9472957566049961E-04  2.7396952399360865E-09
   214   20.330000      0.0000000000000000E+00  4.9205553000263345E-09  1.5126390505273085E-01  2.3578361838091902E-06  2.8233437269501539E-04  2.2607791430095110E-09
   215   20.425000      0.0000000000000000E+00  4.8172666185780638E-09  1.5382718611249180E-01  2.4461238248881096E-06  2.7130182212162766E-04  2.3851625062612705E-09
   216   20.520000      0.0000000000000000E+00  4.2879869819373806E-09  1.5611484330983560E-01  2.5294979736104840E-06  2.6180733801886715E-04  3.0361377075080466E-09
   217   20.615000      0.0000000000000000E+00  3.7258785464963184E-09  1.5811697330959246E-01  2.6037748125587564E-06  2.5407921026353363E-04  3.8190835980203371E-09
   218   20.710000      0.0000000000000000E+00  3.4176350944703273E-09  1.5982532753312817E-01  2.6648841907538883E-06  2.4841390403743742E-04  4.3911829128233474E-09
   219   20.805000      0.0000000000000000E+00  3.4422523435782976E-09  1.6123357812203951E-01  2.7102243980613443E-06  2.4516615802008373E-04  4.5574592306381709E-09
   220   20.900000      0.0000000000000000E+00  3.6495960842233776E-09  1.6233770883568652E-01  2.7395398727182852E-06  2.4472277249467999E-04  4.4271641431026255E-09
   221   20.995000      0.0000000000000000E+00  3.9518215197813764E-09  1.6313629684560738E-01  2.7549985090952237E-06  2.4746079441940089E-04  4.0930720242449413E-09
   222   21.090000      0.0000000000000000E+00  4.3195953555456670E-09  1.6363047002852513E-01  2.7615532203402325E-06  2.5371604117867735E-04  3.6209464270948007E-09
   223   21.185000      0.0000000000000000E+00  4.6611393917965282E-09  1.6382376885640848E-01  2.7673544608026920E-06  2.6374860402990103E-04  3.1355121234448950E-09
   224   21.280000      0.0000000000000000E+00  4.8717043499960822E-09  1.6372229313322520E-01  2.7813293440010894E-06  2.7768407343525911E-04  2.6817793560984366E-09
   225   21.375000      0.0000000000000000E+00  4.6837591895247983E-09  1.6333508662784049E-01  2.8100458997844278E-06  2.9542314815156399E-04  2.5049992712053715E-09
   226   21.470000      0.0000000000000000E+00  4.0105177259752385E-09  1.6267445151329415E-01  2.8568428328718873E-06  3.1660064254411096E-04  2.6865489172599234E-09
   227   21.565000      0.0000000000000000E+00  3.1541036050073263E-09  1.6175597377359072E-01  2.9211019697572001E-06  3.4057840165897433E-04  2.9229951551968280E-09
   228   21.660000      0.0000000000000000E+00  2.4538270625061283E-09  1.6059818503485801E-01  2.9966870204160672E-06  3.6648536179252812E-04  2.9524370930164426E-09
   229   21.755000      0.0000000000000000E+00  2.1147647862396405E-09  1.5922197833463025E-01  3.0732347071675421E-06  3.9326472442247041E-04  2.7022951364582375E-09
   230   21.850000      0.0000000000000000E+00  2.1985658238974465E-09  1.5765008184107432E-01  3.1378414266627986E-06  4.1972390145974696E-04  2.2275711189582012E-09
   231   21.945000      0.0000000000000000E+00  2.5423998598930567E-09  1.5590670196148482E-01  3.1793690495786635E-06  4.4457173726947209E-04  1.7873008206203134E-09
   232   22.040000      0.0000000000000000E+00  2.8994658069922644E-09  1.5401726270767160E-01  3.1932551280308708E-06  4.6647072942323961E-04  1.6319759104905782E-09
   233   22.135000      0.0000000000000000E+00  3.0682318997229744E-09  1.5200805197379716E-01  3.1805691847745313E-06  4.8415785992253604E-04  1.9292093466323178E-09
   234   22.230000      0.0000000000000000E+00  3.1997481081640357E-09  1.4990566040535999E-01  3.1475034109042049E-06  4.9658153283994779E-04  2.4101112622859358E-09
   235   22.325000      0.0000000000000000E+00  3.5431305787236831E-09  1.4773633178160869E-01  3.1046283652678231E-06  5.0305263561224679E-04  2.6797296581185900E-09
   236   22.420000      0.0000000000000000E+00  3.9245568314253878E-09  1.4552547850257250E-01  3.0628800776984138E-06  5.0334414110796513E-04  2.9072516378794999E-09
   237   22.515000      0.0000000000000000E+00  4.2010864583400495E-09  1.4329742902380346E-01  3.0299145052386896E-06  4.9769439551585284E-04  3.2372200703932733E-09
   238   22.610000      0.0000000000000000E+00  4.4829423600238021E-09  1.4107512424514917E-01  3.0124043114604228E-06  4.8677370736060674E-04  3.4961469772619527E-09
   239   22.705000      0.0000000000000000E+00  4.7453343973456109E-09  1.3887953473377299E-01  3.0167473952069402E-06  4.7167311258057679E-04  3.6457626259785688E-09
   240   22.800000      0.0000000000000000E+00  4.8804999801566901E-09  1.3672903229867581E-01  3.0441014529002668E-06  4.5386500540904736E-04  3.6767646304753333E-09
   241   22.895000      0.0000000000000000E+00  4.7711030973309702E-09  1.3463912081167870E-01  3.0905145198134533E-06  4.3508785967031038E-04  3.6136897017997292E-09
   242   22.990000      0.0000000000000000E+00  4.3416295295280039E-09  1.3262267711841003E-01  3.1514287532368669E-06  4.1715631881050454E-04  3.5924912860429334E-09
   243   23.085000      0.0000000000000000E+00  3.8104044157900844E-09  1.3069047345741436E-01  3.2264564648482340E-06  4.0176534365499357E-04  3.5298298691027829E-09
   244   23.180000      0.0000000000000000E+00  3.4515326700187341E-09  1.2885164640821398E-01  3.3180167810301819E-06  3.9034924335368341E-04  3.3502383869740702E-09
   245   23.275000      0.0000000000000000E+00  3.4199824254159577E-09  1.2711406400688016E-01  3.4327042964873752E-06  3.8398953800001325E-04  3.0409942576803306E-09
   246   23.370000      0.0000000000000000E+00  3.6915934660535073E-09  1.2548475654070365E-01  3.5825174990568699E-06  3.8335061392679652E-04  2.6429482115353328E-09
   247   23.465000      0.0000000000000000E+00  4.0259682694315560E-09  1.2397043510618402E-01  3.7825693859921951E-06  3.8863817775240873E-04  2.3744296994084785E-09
   248   23.560000      0.0000000000000000E+00  4.2915582441889878E-09  1.2257796830819637E-01  4.0466612491487662E-06  3.9960325384731855E-04  2.2873572759179010E-09
   249   23.655000      0.0000000000000000E+00  4.4732688861534708E-09  1.2131476342806330E-01  4.3830529679399937E-06  4.1559354939314265E-04  2.3219552423508796E-09
   250   23.750000      0.0000000000000000E+00  4.6159368352898058E-09  1.2018901357289216E-01  4.7938174379295604E-06  4.3566245929696490E-04  2.3940218142600347E-09
   251   23.845000      0.0000000000000000E+00  4.8875142259701256E-09  1.1920981435305585E-01  5.2748505220288194E-06  4.5868871358185594E-04  2.2402754142454318E-09
   252   23.940000      0.0000000000000000E+00  5.1301027362849368E-09  1.1838703130673033E-01  5.8157699047115962E-06  4.8349620412889449E-04  2.0049721433282621E-09
   253   24.035000      0.0000000000000000E+00  5.0512051929783617E-09  1.1773076191828916E-01  6.4011448000946588E-06  5.0895929483330069E-04  2.0467719455015769E-09
   254   24.130000      0.0000000000000000E+00  4.8197838049363592E-09  1.1725053235374470E-01  7.0090032140938624E-06  5.3411579159618253E-04  2.2029427816856810E-09
   255   24.225000      0.0000000000000000E+00  4.6765332679952997E-09  1.1695450441854141E-01  7.6103690314955643E-06  5.5825398741211972E-04  2.2650676324987070E-09
   256   24.320000      0.0000000000000000E+00  4.5606170173469872E-09  1.1684876638830705E-01  8.1720980344540685E-06  5.8093193483147679E-04  2.3527418846447916E-09
   257   24.415000      0.0000000000000000E+00  4.3193423394755185E-09  1.1693656775897970E-01  8.6619401974422859E-06  6.0194168596683416E-04  2.6161278475377289E-09
   258   24.510000      0.0000000000000000E+00  3.8879615718283873E-09  1.1721748490446311E-01  9.0554337889478831E-06  6.2121866629728155E-04  3.0989341429967298E-09
   259   24.605000      0.0000000000000000E+00  3.4285583793951302E-09  1.1768674030670306E-01  9.3384701014499544E-06  6.3878827344732094E-04  3.6056395556314930E-09
   260   24.700000      0.0000000000000000E+00  3.1714675192147191E-09  1.1833493763434473E-01  9.5071580084367441E-06  6.5477832554164460E-04  3.9049035111348642E-09
   261   24.795000      0.0000000000000000E+00  3.2449284478341490E-09  1.1914830893896666E-01  9.5716203781027070E-06  6.6945551250732662E-04  3.9038830310794252E-09
   262   24.890000      0.0000000000000000E+00  3.6513357728604761E-09  1.2010945277904206E-01  9.5563322306289649E-06  6.8324315773112617E-04  3.5717827942665075E-09
   263   24.985000      0.0000000000000000E+00  4.0291619204847428E-09  1.2119841235702289E-01  9.4968221693576568E-06  6.9661976556056751E-04  3.2572818215542794E-09
   264   25.080000      0.0000000000000000E+00  4.0113349478698755E-09  1.2239369714525945E-01  9.4311640739277535E-06  7.0994688418835766E-04  3.2809092139231046E-09
   265   25.175000      0.0000000000000000E+00  3.6135938754805023E-09  1.2367298892170815E-01  9.3913183935050988E-06  7.2337851439690137E-04  3.5550244866854450E-09
   266   25.270000      0.0000000000000000E+00  3.0846381279367625E-09  1.2501384085466852E-01  9.3987783964283095E-06  7.3687578575559872E-04  3.8438695805123214E-09
   267   25.365000      0.0000000000000000E+00  2.7476853150598701E-09  1.2639468639338469E-01  9.4628074297643558E-06  7.5021466819722316E-04  3.8918730100457126E-09
   268   25.460000      0.0000000000000000E+00  2.7590199171235889E-09  1.2779595234870875E-01  9.5789118788741617E-06  7.6297278862154589E-04  3.6227076556709872E-09
   269   25.555000      0.0000000000000000E+00  2.9752926907635375E-09  1.2920073251502248E-01  9.7285446362448110E-06  7.7452682563934714E-04  3.2699496753911714E-09
   270   25.650000      0.0000000000000000E+00  3.2479224141723915E-09  1.3059487619794952E-01  9.8824501761674664E-06  7.8413650103946117E-04  2.9856663309339978E-09
   271   25.745000      0.0000000000000000E+00  3.4989465778747148E-09  1.3196701551603041E-01  1.0008022843483855E-05  7.9108865323133026E-04  2.8052694026640613E-09
   272   25.840000      0.0000000000000000E+00  3.7564914723128291E-09  1.3330880088459049E-01  1.0077459080295885E-05  7.9478257286524478E-04  2.6424710957913044E-09
   273   25.935000      0.0000000000000000E+00  4.0920247855009797E-09  1.3461477502338012E-01  1.0072605362383905E-05  7.9480238985622179E-04  2.3642735079172927E-09
   274   26.030000      0.0000000000000000E+00  4.4045894636722593E-09  1.3588145769219839E-01  9.9842343740545621E-06  7.9104686619204810E-04  2.0717608904589102E-09
   275   26.125000      0.0000000000000000E+00  4.5624194065030337E-09  1.3710638994147636E-01  9.8132115185314674E-06  7.8389008919127966E-04  1.8369841477704481E-09
   276   26.220000      0.0000000000000000E+00  4.3371499201764018E-09  1.3828837222157819E-01  9.5727227209586771E-06  7.7423765655723956E-04  1.8743753621151582E-09
   277   26.315000      0.0000000000000000E+00  3.8075371969636927E-09  1.3942913391206330E-01  9.2888575868674221E-06  7.6337979635085593E-04  2.1502284065534247E-09
   278   26.410000      0.0000000000000000E+00  3.5911836589703638E-09  1.4053471291507427E-01  8.9911931603122716E-06  7.5276685159547782E-04  2.0566018797122588E-09
   279   26.505000      0.0000000000000000E+00  3.7380704733277517E-09  1.4161484297558088E-01  8.7100678107337818E-06  7.4389665385813384E-04  1.6933999250811232E-09
   280   26.600000      0.0000000000000000E+00  3.6176470389771236E-09  1.4268111443912096E-01  8.4770814413584707E-06  7.3824053961092206E-04  1.9463228188048821E-09
   281   26.695000      0.0000000000000000E+00  3.2320501725365683E-09  1.4374593984624973E-01  8.3299313071432602E-06  7.3707064098303536E-04  2.7688476728179415E-09
   282   26.790000      0.0000000000000000E+00  2.9794294258741406E-09  1.4482289975112686E-01  8.3121426592182358E-06  7.4123510156950837E-04  3.6017903154272393E-09
   283   26.885000      0.0000000000000000E+00  3.1286121850115269E-09  1.4592702339340799E-01  8.4657376054901509E-06  7.5106165219413759E-04  4.0049215662695888E-09
   284   26.980000      0.0000000000000000E+00  3.6876446320298583E-09  1.4707384191750394E-01  8.8230887414736998E-06  7.6647225933453890E-04  3.8354431578716673E-09
   285   27.075000      0.0000000000000000E+00  4.2814784164260433E-09  1.4827771092287967E-01  9.4010643988842053E-06  7.8713534645490774E-04  3.5112293929151959E-09
   286   27.170000      0.0000000000000000E+00  4.5900084732714232E-09  1.4955045081182569E-01  1.0199455074485729E-05  8.1247929435839016E-04  3.4353075338977199E-09
   287   27.265000      0.0000000000000000E+00  4.5532183361137646E-09  1.5090034117734097E-01  1.1203133630925296E-05  8.4170945646030353E-04  3.6934870390421822E-09
   288   27.360000      0.0000000000000000E+00  4.2742113804110341E-09  1.5233085190020570E-01  1.2380495191259696E-05  8.7401303424976891E-04  4.1252382582702010E-09
   289   27.455000      0.0000000000000000E+00  3.9639549476860181E-09  1.5383953071052001E-01  1.3682657145533304E-05  9.0891043683013627E-04  4.4134123471542293E-09
   290   27.550000      0.0000000000000000E+00  3.7741318556388334E-09  1.5541814421501721E-01  1.5044567646801168E-05  9.4654667771277852E-04  4.3652393391884118E-09
   291   27.645000      0.0000000000000000E+00  3.7586060546236163E-09  1.5705422431243998E-01  1.6399965936840415E-05  9.8772514962138934E-04  3.9965223586155999E-09
   292   27.740000      0.0000000000000000E+00  3.9583189884932656E-09  1.5873281663740943E-01  1.7701436761176873E-05  1.0338281358580014E-03  3.3434927160767288E-09
   293   27.835000      0.0000000000000000E+00  4.2656714057113432E-09  1.6043759109263239E-01  1.8925880981235316E-05  1.0867675839466874E-03  2.6284908241448062E-09
   294   27.930000      0.0000000000000000E+00  4.6497187472711369E-09  1.6215189294782162E-01  2.0056662186542008E-05  1.1488239037531808E-03  1.8973133073707258E-09
   295   28.025000      0.0000000000000000E+00  4.9893959283597414E-09  1.6386047490620098E-01  2.1075830468644981E-05  1.2221970013767292E-03  1.2655020004369880E-09
   296   28.120000      0.0000000000000000E+00  5.0070769172886996E-09  1.6555141722584396E-01  2.1968659478428664E-05  1.3084547571351548E-03  1.0415270504827061E-09
   297   28.215000      0.0000000000000000E+00  4.6442358787802042E-09  1.6721724055659754E-01  2.2709311767433859E-05  1.4081292669672913E-03  1.2834425365384336E-09
   298   28.310000      0.0000000000000000E+00  4.0970701528727712E-09  1.6885510407578358E-01  2.3248085964046288E-05  1.5204427007790666E-03  1.7832608003170318E-09
   299   28.405000      0.0000000000000000E+00  3.6177680010756762E-09  1.7046636142331986E-01  2.3531390615139185E-05  1.6431655346140048E-03  2.3072981039382833E-09
   300   28.500000      0.0000000000000000E+00  3.4362569123356379E-09  1.7205542836162721E-01  2.3514749341583547E-05  1.7726961507839607E-03  2.6253519454807906E-09
   301   28.595000      0.0000000000000000E+00  3.6014318183349180E-09  1.7362816266411413E-01  2.3161689865598461E-05  1.9043842023775310E-03  2.6819093003643483E-09
   302   28.690000      0.0000000000000000E+00  3.9709924617454979E-09  1.7519029005288075E-01  2.2470251661041612E-05  2.0328760395911263E-03  2.5701734088036120E-09
   303   28.785000      0.0000000000000000E+00  4.1777066336128632E-09  1.7674618171895554E-01  2.1498940095864134E-05  2.1524516211137955E-03  2.6293088644511062E-09
   304   28.880000      0.0000000000000000E+00  3.9574297550901088E-09  1.7829795617176991E-01  2.0340708994289068E-05  2.2575023008950075E-03  3.1345012220788049E-09
   305   28.975000      0.0000000000000000E+00  3.6079722702595514E-09  1.7984478088109854E-01  1.9099286986413093E-05  2.3431633238935995E-03  3.7172741634144198E-09
   306   29.070000      0.0000000000000000E+00  3.4465476569259530E-09  1.8138228308785331E-01  1.7908098914975764E-05  2.4059156408459876E-03  4.0711087059034520E-09
   307   29.165000      0.0000000000000000E+00  3.5112914574020226E-09  1.8290229243109529E-01  1.6918845449000169E-05  2.4440041633577605E-03  4.2533332212668934E-09
   308   29.260000      0.0000000000000000E+00  3.8271006142493672E-09  1.8439343592321700E-01  1.6266588343790997E-05  2.4576279764800587E-03  4.2402669106992455E-09
   309   29.355000      0.0000000000000000E+00  4.2976168914158010E-09  1.8584251488584047E-01  1.6052395078686103E-05  2.4488171627885355E-03  4.0586687833906596E-09
   310   29.450000      0.0000000000000000E+00  4.7743441198757596E-09  1.8723582361795435E-01  1.6338146963320784E-05  2.4211647446088745E-03  3.7786954183091564E-09
   311   29.545000      0.0000000000000000E+00  5.2477035258871598E-09  1.8856031741979098E-01  1.7122223463825663E-05  2.3794421788253424E-03  3.3545413700602758E-09
   312   29.640000      0.0000000000000000E+00  5.6398618979512591E-09  1.8980499611786628E-01  1.8338374915676957E-05  2.3290142985692409E-03  2.9312435000677264E-09
   313   29.735000      0.0000000000000000E+00  5.8970617747932165E-09  1.9096204270253575E-01  1.9886033227221565E-05  2.2752099352542779E-03  2.6275922444326438E-09
   314   29.830000      0.0000000000000000E+00  6.0202823114728397E-09  1.9202728872785155E-01  2.1643951316992124E-05  2.2228324427188925E-03  2.4604416907992683E-09
   315   29.925000      0.0000000000000000E+00  6.0287296261548906E-09  1.9300007061884267E-01  2.3477964399367818E-05  2.1758235721161668E-03  2.4196620054931506E-09
   316   30.020000      0.0000000000000000E+00  6.0447802109757908E-09  1.9388239671856156E-01  2.5255621568131984E-05  2.1370896396321168E-03  2.3453230880414711E-09
   317   30.115000      0.0000000000000000E+00  6.0446295626507166E-09  1.9467740941290762E-01  2.6863245411433956E-05  2.1084483449351128E-03  2.2532656966245078E-09
   318   30.210000      0.0000000000000000E+00  5.9068777708489933E-09  1.9538767120935249E-01  2.8222396250302680E-05  2.0908014795825137E-03  2.2418713186945848E-09
   319   30.305000      0.0000000000000000E+00  5.5549055219818024E-09  1.9601418536380499E-01  2.9286210392578478E-05  2.0844316352048200E-03  2.3271915016672021E-09
   320   30.400000      0.0000000000000000E+00  4.9074922332012897E-09  1.9655680417410315E-01  3.0025539648210610E-05  2.0892685747268573E-03  2.6244135632493269E-09
   321   30.495000      0.0000000000000000E+00  4.2256806840518007E-09  1.9701567262890909E-01  3.0447556413058039E-05  2.1049935191082966E-03  2.9125128041591894E-09
   322   30.590000      0.0000000000000000E+00  3.8689009210574893E-09  1.9739296898411707E-01  3.0602151308414260E-05  2.1312183817772373E-03  2.8621158078805414E-09
   323   30.685000      0.0000000000000000E+00  3.6944754702720636E-09  1.9769500924107453E-01  3.0553144600448176E-05  2.1676062693697039E-03  2.7343898335531514E-09
   324   30.780000      0.0000000000000000E+00  3.4960577057958938E-09  1.9793450636507681E-01  3.0378625823995466E-05  2.2137140877868107E-03  2.7804723880768879E-09
   325   30.875000      0.0000000000000000E+00  3.3631316262399791E-09  1.9813162336207976E-01  3.0175597180991013E-05  2.2687980272884855E-03  2.8608707235478138E-09
   326   30.970000      0.0000000000000000E+00  3.4177282265126431E-09  1.9831330070952027E-01  3.0052449660628773E-05  2.3319551715666391E-03  2.8274720627838710E-09
   327   31.065000      0.0000000000000000E+00  3.6470574008653079E-09  1.9851207175140614E-01  3.0116419483868127E-05  2.4022414169913540E-03  2.6940319545599591E-09
   328   31.160000      0.0000000000000000E+00  3.8781818844809073E-09  1.9876548553758622E-01  3.0425066382626671E-05  2.4786061331310734E-03  2.6590177464312573E-09
   329   31.255000      0.0000000000000000E+00  3.9833603274865234E-09  1.9911593637922806E-01  3.0970102735894563E-05  2.5596460483071010E-03  2.8541608648671085E-09
   330   31.350000      0.0000000000000000E+00  4.0033295230222591E-09  1.9960950191720042E-01  3.1678771880444121E-05  2.6434804872878057E-03  3.1690421428955127E-09
   331   31.445000      0.0000000000000000E+00  3.9887520850509576E-09  2.0029332552561235E-01  3.2421762206709437E-05  2.7279144558030391E-03  3.4852717292352425E-09
   332   31.540000      0.0000000000000000E+00  4.1155613128703681E-09  2.0121306518152046E-01  3.3072043384181065E-05  2.8106615648213363E-03  3.5079905009334590E-09
   333   31.635000      0.0000000000000000E+00  4.4277011609753366E-09  2.0241191002292958E-01  3.3592206695897702E-05  2.8894262199323055E-03  3.1287186320888596E-09
   334   31.730000      0.0000000000000000E+00  4.6531161558931326E-09  2.0393038771460859E-01  3.4029321327316537E-05  2.9619978017243797E-03  2.6970351852394030E-09
   335   31.825000      0.0000000000000000E+00  4.5946685557369949E-09  2.0580495141746691E-01  3.4469902112236181E-05  3.0266645020972948E-03  2.5151979866244253E-09
   336   31.920000      0.0000000000000000E+00  4.2558236590817502E-09  2.0806516481374976E-01  3.5087081830718537E-05  3.0828268011963891E-03  2.6928888757829660E-09
   337   32.015000      0.0000000000000000E+00  3.8480934582946090E-09  2.1073078804485929E-01  3.6112469025521386E-05  3.1312684011298776E-03  3.0855052148804297E-09
   338   32.110000      0.0000000000000000E+00  3.7045911566630410E-09  2.1380919468569970E-01  3.7712262558289035E-05  3.1741136756112420E-03  3.3370297109843414E-09
   339   32.205000      0.0000000000000000E+00  3.9263158268589230E-09  2.1729299959717452E-01  3.9923202664185866E-05  3.2149077902415878E-03  3.3020101558308337E-09
   340   32.300000      0.0000000000000000E+00  4.3525316727305185E-09  2.2115815851968532E-01  4.2598959860642921E-05  3.2584903008330696E-03  3.0799264036960876E-09
   341   32.395000      0.0000000000000000E+00  4.7530565954380918E-09  2.2536268215533506E-01  4.5398983095383293E-05  3.3105096163200775E-03  2.8229939406297175E-09
   342   32.490000      0.0000000000000000E+00  4.9726002801645713E-09  2.2984634758361164E-01  4.7956450155389621E-05  3.3769507792300191E-03  2.6680314329818727E-09
   343   32.585000      0.0000000000000000E+00  5.0959278618829846E-09  2.3453289351789089E-01  5.0059243031291716E-05  3.4638645838816818E-03  2.5119332976248487E-09
   344   32.680000      0.0000000000000000E+00  5.1857446561866060E-09  2.3933588916622597E-01  5.1683444645228392E-05  3.5768462880501326E-03  2.3411428589331529E-09
   345   32.775000      0.0000000000000000E+00  5.3090512519169327E-09  2.4416660274542137E-01  5.2985805535588030E-05  3.7198848925552156E-03  2.0971847981176263E-09
   346   32.870000      0.0000000000000000E+00  5.3401788437817600E-09  2.4894021239507336E-01  5.4237402250099524E-05  3.8941797534565122E-03  1.8886661117109405E-09
   347   32.965000      0.0000000000000000E+00  4.8724915387548750E-09  2.5357870015948292E-01  5.5693786822729716E-05  4.0975790814607648E-03  2.2109627058974458E-09
   348   33.060000      0.0000000000000000E+00  4.1480748389065162E-09  2.5801197931778475E-01  5.7476085328147742E-05  4.3245139507079354E-03  2.7988249540895983E-09
   349   33.155000      0.0000000000000000E+00  3.8533956641107825E-09  2.6217849902409096E-01  5.9561468927607154E-05  4.5658767963977732E-03  2.8136241221168046E-09
   350   33.250000      0.0000000000000000E+00  3.8159727805128396E-09  2.6602419770937974E-01  6.1871133484474035E-05  4.8095464588757174E-03  2.4849183222403146E-09
   351   33.345000      0.0000000000000000E+00  3.5022590720340264E-09  2.6949981954324692E-01  6.4336081125008460E-05  5.0415769375572028E-03  2.4712290907366033E-09
   352   33.440000      0.0000000000000000E+00  2.8191182098370816E-09  2.7255845694125946E-01  6.6898399067173277E-05  5.2475213287907626E-03  2.9630950360294980E-09
   353   33.535000      0.0000000000000000E+00  2.0664376153756095E-09  2.7515488471443827E-01  6.9467918096217598E-05  5.4140259166590779E-03  3.7815089938169591E-09
   354   33.630000      0.0000000000000000E+00  1.8389681824822508E-09  2.7724787695388958E-01  7.1893999562077745E-05  5.5306200615139398E-03  4.2810555675455024E-09
   355   33.725000      0.0000000000000000E+00  2.3366288007048407E-09  2.7880551037354007E-01  7.3975976238263564E-05  5.5906332478859360E-03  4.1530496092018873E-09
   356   33.820000      0.0000000000000000E+00  3.1995832503988711E-09  2.7981094460136197E-01  7.5537118655801363E-05  5.5914220960709485E-03  3.6072102583453421E-09
   357   33.915000      0.0000000000000000E+00  3.8697261363596904E-09  2.8026590844328253E-01  7.6500945785290718E-05  5.5345047214341650E-03  3.0860951842943127E-09
   358   34.010000      0.0000000000000000E+00  3.9938634517012867E-09  2.8019174698976917E-01  7.6917927459524459E-05  5.4253053843600213E-03  2.9355820151384228E-09
   359   34.105000      0.0000000000000000E+00  3.6794327801462641E-09  2.7962901640454574E-01  7.6997789891540707E-05  5.2724902838029919E-03  3.1452297822077866E-09
   360   34.200000      0.0000000000000000E+00  3.3314512390729922E-09  2.7863596610324226E-01  7.7105546006486946E-05  5.0869749865798935E-03  3.4148680336612134E-09
   361   34.295000      0.0000000000000000E+00  3.2144501698486854E-09  2.7728501433131253E-01  7.7668781692801582E-05  4.8807885795778610E-03  3.5846703901760704E-09
   362   34.390000      0.0000000000000000E+00  3.4439168466973152E-09  2.7565673305732669E-01  7.9033600801398337E-05  4.6659693787650756E-03  3.4925169334585501E-09
   363   34.485000      0.0000000000000000E+00  3.8334845271414156E-09  2.7383285170297800E-01  8.1360570220298355E-05  4.4537370509161039E-03  3.2452663197207617E-09
   364   34.580000      0.0000000000000000E+00  4.1870383214496795E-09  2.7188997695779865E-01  8.4540782017980673E-05  4.2540016316875073E-03  2.9597500292190619E-09
   365   34.675000      0.0000000000000000E+00  4.5345206035564291E-09  2.6989464179573797E-01  8.8210892977953867E-05  4.0749925689717763E-03  2.5614636041954901E-09
   366   34.770000      0.0000000000000000E+00  4.8089189375411860E-09  2.6789998091866812E-01  9.1794657409935730E-05  3.9231758670071224E-03  2.1947512789943804E-09
   367   34.865000      0.0000000000000000E+00  4.8863354695677185E-09  2.6594416792089648E-01  9.4630068621851657E-05  3.8032659715615509E-03  2.0860697894015928E-09
   368   34.960000      0.0000000000000000E+00  4.7794005654910800E-09  2.6404995735348907E-01  9.6236038648337736E-05  3.7180421981473063E-03  2.2546506811932469E-09
   369   35.055000      0.0000000000000000E+00  4.5548995805842044E-09  2.6222434326371485E-01  9.6462459009147435E-05  3.6685121492318687E-03  2.6152575519868688E-09
   370   35.150000      0.0000000000000000E+00  4.3045933829356186E-09  2.6045898010265933E-01  9.5504281476354851E-05  3.6546881472511632E-03  3.0055704028823560E-09
   371   35.245000      0.0000000000000000E+00  4.1442219904883124E-09  2.5873298196899536E-01  9.3873773364662729E-05  3.6758647402245284E-03  3.2411602385176789E-09
   372   35.340000      0.0000000000000000E+00  4.2487000666433711E-09  2.5701733594480453E-01  9.2316504107610366E-05  3.7308878198848306E-03  3.1098435155382023E-09
   373   35.435000      0.0000000000000000E+00  4.6559743928830494E-09  2.5527958775590465E-01  9.1661261291103353E-05  3.8185504350985722E-03  2.5467062253270480E-09
   374   35.530000      0.0000000000000000E+00  4.9428107611724523E-09  2.5348886322639824E-01  9.2604298130881158E-05  3.9370692944165437E-03  2.0630788756527195E-09
   375   35.625000      0.0000000000000000E+00  4.8459837226997549E-09  2.5162075385150345E-01  9.5537115695169147E-05  4.0835390677103301E-03  1.9611134722658810E-09
   376   35.720000      0.0000000000000000E+00  4.5395370882843152E-09  2.4966186631039006E-01  1.0053599484147490E-04  4.2533275993100013E-03  2.0416673955988379E-09
   377   35.815000      0.0000000000000000E+00  4.1947176584182426E-09  2.4761278886156901E-01  1.0728962430728681E-04  4.4395229583814545E-03  2.1717232245256936E-09
   378   35.910000      0.0000000000000000E+00  3.9274986957249440E-09  2.4548741506433497E-01  1.1502207784631868E-04  4.6337679767825121E-03  2.2630541478423040E-09
   379   36.005000      0.0000000000000000E+00  3.7663276044836786E-09  2.4330988630009909E-01  1.2264667718157974E-04  4.8269523171209283E-03  2.2821999500517503E-09
   380   36.100000      0.0000000000000000E+00  3.6003130611697231E-09  2.4111082085301289E-01  1.2900355468560611E-04  5.0098014825437978E-03  2.3764511147552597E-09
   381   36.195000      0.0000000000000000E+00  3.4724067215945803E-09  2.3892346011265195E-01  1.3307883458450889E-04  5.1740677404646497E-03  2.4981677659863559E-09
   382   36.290000      0.0000000000000000E+00  3.4573237091313855E-09  2.3678153719970330E-01  1.3436024014447072E-04  5.3127123056841991E-03  2.5743071295904366E-09
   383   36.385000      0.0000000000000000E+00  3.5466038445054955E-09  2.3471917833376452E-01  1.3309642509815045E-04  5.4193695207644709E-03  2.6343749102743229E-09
   384   36.480000      0.0000000000000000E+00  3.7375737768377243E-09  2.3277117219662344E-01  1.3024493897239748E-04  5.4880890488386812E-03  2.6744462710555413E-09
   385   36.575000      0.0000000000000000E+00  3.9679991788168062E-09  2.3097217501666414E-01  1.2718643620634351E-04  5.5133940578787274E-03  2.7769358196655131E-09
   386   36.670000      0.0000000000000000E+00  4.2768885580176483E-09  2.2935445623952352E-01  1.2534406452313521E-04  5.4908713845568183E-03  2.8656796538329182E-09
   387   36.765000      0.0000000000000000E+00  4.6878211309111700E-09  2.2794594377236815E-01  1.2577806679329084E-04  5.4179824999294234E-03  2.8500808928956291E-09
   388   36.860000      0.0000000000000000E+00  5.1170555646756150E-09  2.2677018894494774E-01  1.2887083290970318E-04  5.2945610082924723E-03  2.7691169789854268E-09
   389   36.955000      0.0000000000000000E+00  5.5611498461371277E-09  2.2584631958607926E-01  1.3429651176119847E-04  5.1234016576684150E-03  2.5447981892442991E-09
   390   37.050000      0.0000000000000000E+00  5.8505338251457712E-09  2.2518726518670384E-01  1.4112707986062916E-04  4.9112025272926131E-03  2.3372059720754827E-09
   391   37.145000      0.0000000000000000E+00  5.7968083831421227E-09  2.2479786809506364E-01  1.4805871354941743E-04  4.6690142336141627E-03  2.3816707901428352E-09
   392   37.240000      0.0000000000000000E+00  5.6232097654445771E-09  2.2467402519971019E-01  1.5376415641423131E-04  4.4121240077636681E-03  2.3868911761713074E-09
   393   37.335000      0.0000000000000000E+00  5.4572691094188925E-09  2.2480263567203196E-01  1.5718477884828683E-04  4.1594463397467210E-03  2.1833046182348586E-09
   394   37.430000      0.0000000000000000E+00  5.1116226970468662E-09  2.2516259433471661E-01  1.5771748109912487E-04  3.9323145895628934E-03  1.9954817801649835E-09
   395   37.525000      0.0000000000000000E+00  4.4927247733507214E-09  2.2572642553749378E-01  1.5540917093690663E-04  3.7524681975048646E-03  1.9620803674917081E-09
   396   37.620000      0.0000000000000000E+00  3.7340878021398869E-09  2.2646089410141165E-01  1.5072589212553706E-04  3.6402930341119313E-03  2.0318045905714519E-09
   397   37.715000      0.0000000000000000E+00  3.1334408257479799E-09  2.2732662819322602E-01  1.4452242741443334E-04  3.6132223787190792E-03  2.0228530269970713E-09
   398   37.810000      0.0000000000000000E+00  2.9097590428235140E-09  2.2827925396099738E-01  1.3783594906948565E-04  3.6834681793407268E-03  1.8572679577152049E-09
   399   37.905000      0.0000000000000000E+00  3.0259248835131697E-09  2.2927349592409901E-01  1.3171994303152589E-04  3.8555351921810248E-03  1.7050932546319732E-09
   400   38.000000      0.0000000000000000E+00  3.3457685851538084E-09  2.3026844373706112E-01  1.2716419182362022E-04  4.1234870835186680E-03  1.6881472071039168E-09
   401   38.095000      0.0000000000000000E+00  3.6218947056856959E-09  2.3123133810582630E-01  1.2492724046224283E-04  4.4693208626115115E-03  1.9544900482284008E-09
   402   38.190000      0.0000000000000000E+00  3.7573557156978608E-09  2.3214070407154619E-01  1.2523902328549411E-04  4.8629802361232601E-03  2.4602958626163674E-09
   403   38.285000      0.0000000000000000E+00  3.9831992952739779E-09  2.3298978675980542E-01  1.2771405319956738E-04  5.2642275664003275E-03  2.8236403700666556E-09
   404   38.380000      0.0000000000000000E+00  4.4354304836530388E-09  2.3378772361382072E-01  1.3161708163612586E-04  5.6275075804229678E-03  2.8759703349556738E-09
   405   38.475000      0.0000000000000000E+00  5.0492984200989762E-09  2.3455710214710335E-01  1.3631565946952114E-04  5.9093594723162723E-03  2.6595350763975591E-09
   406   38.570000      0.0000000000000000E+00  5.5751536996616828E-09  2.3533121036475457E-01  1.4132849892984961E-04  6.0760894076819175E-03  2.3881303254000380E-09
   407   38.665000      0.0000000000000000E+00  5.7296220840526685E-09  2.3615323227827023E-01  1.4617596306731461E-04  6.1095878660405714E-03  2.3638325827172676E-09
   408   38.760000      0.0000000000000000E+00  5.5475105671234507E-09  2.3707514966440116E-01  1.5010150839376036E-04  6.0100192148740527E-03  2.5977298002035851E-09
   409   38.855000      0.0000000000000000E+00  5.2881941456588542E-09  2.3815513236821517E-01  1.5243837975986878E-04  5.7953267996528317E-03  2.8671467730921035E-09
   410   38.950000      0.0000000000000000E+00  5.1363016398593710E-09  2.3945491311187414E-01  1.5313746290740050E-04  5.4975340983995750E-03  3.0014218801931308E-09
   411   39.045000      0.0000000000000000E+00  5.1564373699882070E-09  2.4103594474164841E-01  1.5303623569340027E-04  5.1569796946785776E-03  2.8930709897333102E-09
   412   39.140000      0.0000000000000000E+00  5.2425661717760574E-09  2.4295198608270938E-01  1.5364483305629445E-04  4.8171001760496631E-03  2.6701878943796523E-09
   413   39.235000      0.0000000000000000E+00  5.3300297896815141E-09  2.4524021627448650E-01  1.5627302578974757E-04  4.5205745930054038E-03  2.4258469117404483E-09
   414   39.330000      0.0000000000000000E+00  5.3298841676064242E-09  2.4791508982607793E-01  1.6142304950744228E-04  4.3056019759304563E-03  2.2953008345900599E-09
   415   39.425000      0.0000000000000000E+00  5.2663258096743317E-09  2.5096628977029606E-01  1.6890390746737434E-04  4.2024113189731175E-03  2.2958471787149691E-09
   416   39.520000      0.0000000000000000E+00  5.4668612497023646E-09  2.5436076591720652E-01  1.7844270111390140E-04  4.2301033152607010E-03  2.0446526491029710E-09
   417   39.615000      0.0000000000000000E+00  5.7770973474525499E-09  2.5804988784128186E-01  1.8987527850700977E-04  4.3941049748832464E-03  1.7685104806547701E-09
   418   39.710000      0.0000000000000000E+00  5.7262995180016114E-09  2.6198117055796061E-01  2.0289351820212921E-04  4.6850770568163756E-03  2.0687802690852972E-09
   419   39.805000      0.0000000000000000E+00  5.5623635170544299E-09  2.6610977135345526E-01  2.1663547928668205E-04  5.0796014884153364E-03  2.5596559020634837E-09
   420   39.900000      0.0000000000000000E+00  5.6986246855453627E-09  2.7040317809046338E-01  2.2986438944893581E-04  5.5433302348447877E-03  2.6415675010292030E-09
   421   39.995000      0.0000000000000000E+00  6.0468614894659616E-09  2.7483635711578830E-01  2.4153512587563814E-04  6.0362655986038096E-03  2.3915630512460426E-09
   422   40.090000      0.0000000000000000E+00  6.3464170937990025E-09  2.7938065088518077E-01  2.5116373755141084E-04  6.5181391490718651E-03  2.0924486654192680E-09
