! Kinetic energy for species "positrons-up"
  Iter        Time          Total Par.             Kin. Energy
     0   0.0000000             230400  4.9402608079604149E-01
     1  0.95000000E-01         230400  4.9402626831064289E-01
     2  0.19000000             230400  4.9402682835229517E-01
     3  0.28500000             230400  4.9402775326932058E-01
     4  0.38000000             230400  4.9402903002346327E-01
     5  0.47500000             230400  4.9403064022555837E-01
     6  0.57000000             230400  4.9403256053211020E-01
     7  0.66500000             230400  4.9403476317064249E-01
     8  0.76000000             230400  4.9403721639038239E-01
     9  0.85500000             230400  4.9403988483701183E-01
    10  0.95000000             230400  4.9404272997221055E-01
    11   1.0450000             230400  4.9404571064736985E-01
    12   1.1400000             230400  4.9404878380588824E-01
    13   1.2350000             230400  4.9405190513113889E-01
    14   1.3300000             230400  4.9405502953740921E-01
    15   1.4250000             230400  4.9405811169912461E-01
    16   1.5200000             230400  4.9406110686397309E-01
    17   1.6150000             230400  4.9406397178737421E-01
    18   1.7100000             230400  4.9406666532609467E-01
    19   1.8050000             230400  4.9406914863454765E-01
    20   1.9000000             230400  4.9407138551901941E-01
    21   1.9950000             230400  4.9407334330301989E-01
    22   2.0900000             230400  4.9407499373675279E-01
    23   2.1850000             230400  4.9407631333681629E-01
    24   2.2800000             230400  4.9407728328136657E-01
    25   2.3750000             230400  4.9407788941355363E-01
    26   2.4700000             230400  4.9407812257433836E-01
    27   2.5650000             230400  4.9407797908770329E-01
    28   2.6600000             230400  4.9407746105111483E-01
    29   2.7550000             230400  4.9407657614307227E-01
    30   2.8500000             230400  4.9407533716797769E-01
    31   2.9450000             230400  4.9407376191382535E-01
    32   3.0400000             230400  4.9407187323560209E-01
    33   3.1350000             230400  4.9406969862883571E-01
    34   3.2300000             230400  4.9406726935155271E-01
    35   3.3250000             230400  4.9406462001468732E-01
    36   3.4200000             230400  4.9406178866713435E-01
    37   3.5150000             230400  4.9405881638641286E-01
    38   3.6100000             230400  4.9405574624329385E-01
    39   3.7050000             230400  4.9405262247358966E-01
    40   3.8000000             230400  4.9404948996043468E-01
    41   3.8950000             230400  4.9404639354249047E-01
    42   3.9900000             230400  4.9404337742871052E-01
    43   4.0850000             230400  4.9404048504221076E-01
    44   4.1800000             230400  4.9403775848375397E-01
    45   4.2750000             230400  4.9403523717384989E-01
    46   4.3700000             230400  4.9403295693419325E-01
    47   4.4650000             230400  4.9403095026165855E-01
    48   4.5600000             230400  4.9402924638743523E-01
    49   4.6550000             230400  4.9402787018241728E-01
    50   4.7500000             230400  4.9402684126122903E-01
    51   4.8450000             230400  4.9402617422688760E-01
    52   4.9400000             230400  4.9402587885511473E-01
    53   5.0350000             230400  4.9402595936645671E-01
    54   5.1300000             230400  4.9402641379082302E-01
    55   5.2250000             230400  4.9402723428606354E-01
    56   5.3200000             230400  4.9402840790726399E-01
    57   5.4150000             230400  4.9402991716025046E-01
    58   5.5100000             230400  4.9403174018962515E-01
    59   5.6050000             230400  4.9403385059136035E-01
    60   5.7000000             230400  4.9403621723252195E-01
    61   5.7950000             230400  4.9403880489416524E-01
    62   5.8900000             230400  4.9404157569782359E-01
    63   5.9850000             230400  4.9404449004910655E-01
    64   6.0800000             230400  4.9404750646481110E-01
    65   6.1750000             230400  4.9405058123672263E-01
    66   6.2700000             230400  4.9405366886310531E-01
    67   6.3650000             230400  4.9405672305750004E-01
    68   6.4600000             230400  4.9405969781572623E-01
    69   6.5550000             230400  4.9406254822081941E-01
    70   6.6500000             230400  4.9406523092544302E-01
    71   6.7450000             230400  4.9406770482974643E-01
    72   6.8400000             230400  4.9406993226868473E-01
    73   6.9350000             230400  4.9407187984310025E-01
    74   7.0300000             230400  4.9407351824425916E-01
    75   7.1250000             230400  4.9407482206252823E-01
    76   7.2200000             230400  4.9407577054683449E-01
    77   7.3150000             230400  4.9407634849692955E-01
    78   7.4100000             230400  4.9407654609406115E-01
    79   7.5050000             230400  4.9407635806582401E-01
    80   7.6000000             230400  4.9407578351497961E-01
    81   7.6950000             230400  4.9407482674489994E-01
    82   7.7900000             230400  4.9407349799083544E-01
    83   7.8850000             230400  4.9407181299219716E-01
    84   7.9800000             230400  4.9406979175023769E-01
    85   8.0750000             230400  4.9406745769139127E-01
    86   8.1700000             230400  4.9406483773506960E-01
    87   8.2650000             230400  4.9406196274658343E-01
    88   8.3600000             230400  4.9405886774266539E-01
    89   8.4550000             230400  4.9405559148271883E-01
    90   8.5500000             230400  4.9405217539971469E-01
    91   8.6450000             230400  4.9404866241766510E-01
    92   8.7400000             230400  4.9404509616140413E-01
    93   8.8350000             230400  4.9404152007995478E-01
    94   8.9300000             230400  4.9403797607338829E-01
    95   9.0250000             230400  4.9403450369172747E-01
    96   9.1200000             230400  4.9403114075002652E-01
    97   9.2150000             230400  4.9402792375321108E-01
    98   9.3100000             230400  4.9402488617601092E-01
    99   9.4050000             230400  4.9402205585651360E-01
   100   9.5000000             230400  4.9401945458295871E-01
   101   9.5950000             230400  4.9401710019166512E-01
   102   9.6900000             230400  4.9401500822811006E-01
   103   9.7850000             230400  4.9401319091251383E-01
   104   9.8800000             230400  4.9401165415354842E-01
   105   9.9750000             230400  4.9401039508636591E-01
   106   10.070000             230400  4.9400940215173944E-01
   107   10.165000             230400  4.9400865745129940E-01
   108   10.260000             230400  4.9400813879696265E-01
   109   10.355000             230400  4.9400781962556223E-01
   110   10.450000             230400  4.9400766794789097E-01
   111   10.545000             230400  4.9400764619364346E-01
   112   10.640000             230400  4.9400771167675461E-01
   113   10.735000             230400  4.9400781632221125E-01
   114   10.830000             230400  4.9400790566017383E-01
   115   10.925000             230400  4.9400791861298726E-01
   116   11.020000             230400  4.9400778913907423E-01
   117   11.115000             230400  4.9400744865523227E-01
   118   11.210000             230400  4.9400682700326753E-01
   119   11.305000             230400  4.9400585167437921E-01
   120   11.400000             230400  4.9400444782842884E-01
   121   11.495000             230400  4.9400254081943834E-01
   122   11.590000             230400  4.9400005868263397E-01
   123   11.685000             230400  4.9399693033266401E-01
   124   11.780000             230400  4.9399307944317772E-01
   125   11.875000             230400  4.9398841927200282E-01
   126   11.970000             230400  4.9398285361484717E-01
   127   12.065000             230400  4.9397628405228239E-01
   128   12.160000             230400  4.9396861899050637E-01
   129   12.255000             230400  4.9395977925231982E-01
   130   12.350000             230400  4.9394969773456066E-01
   131   12.445000             230400  4.9393831383502207E-01
   132   12.540000             230400  4.9392556461694936E-01
   133   12.635000             230400  4.9391137521139827E-01
   134   12.730000             230400  4.9389565269562286E-01
   135   12.825000             230400  4.9387828866661077E-01
   136   12.920000             230400  4.9385917180771266E-01
   137   13.015000             230400  4.9383820300677256E-01
   138   13.110000             230400  4.9381529983550893E-01
   139   13.205000             230400  4.9379038341967052E-01
   140   13.300000             230400  4.9376335608446886E-01
   141   13.395000             230400  4.9373408689318754E-01
   142   13.490000             230400  4.9370241377629487E-01
   143   13.585000             230400  4.9366815479286297E-01
   144   13.680000             230400  4.9363111533250192E-01
   145   13.775000             230400  4.9359108691839293E-01
   146   13.870000             230400  4.9354784384991707E-01
   147   13.965000             230400  4.9350114472336332E-01
   148   14.060000             230400  4.9345073877593537E-01
   149   14.155000             230400  4.9339637073905429E-01
   150   14.250000             230400  4.9333777729216521E-01
   151   14.345000             230400  4.9327467297906813E-01
   152   14.440000             230400  4.9320673075856447E-01
   153   14.535000             230400  4.9313356740075909E-01
   154   14.630000             230400  4.9305474165074176E-01
   155   14.725000             230400  4.9296976380066782E-01
   156   14.820000             230400  4.9287810730577120E-01
   157   14.915000             230400  4.9277921304129774E-01
   158   15.010000             230400  4.9267248285811172E-01
   159   15.105000             230400  4.9255726613372380E-01
   160   15.200000             230400  4.9243284796935199E-01
   161   15.295000             230400  4.9229844798268108E-01
   162   15.390000             230400  4.9215323247713638E-01
   163   15.485000             230400  4.9199633243766916E-01
   164   15.580000             230400  4.9182685479876687E-01
   165   15.675000             230400  4.9164388018807020E-01
   166   15.770000             230400  4.9144645118726060E-01
   167   15.865000             230400  4.9123356082064851E-01
   168   15.960000             230400  4.9100414696806050E-01
   169   16.055000             230400  4.9075709222830949E-01
   170   16.150000             230400  4.9049122907850456E-01
   171   16.245000             230400  4.9020535290507145E-01
   172   16.340000             230400  4.8989823790777082E-01
   173   16.435000             230400  4.8956864046811854E-01
   174   16.530000             230400  4.8921528366063216E-01
   175   16.625000             230400  4.8883684358936547E-01
   176   16.720000             230400  4.8843196801844968E-01
   177   16.815000             230400  4.8799932775443433E-01
   178   16.910000             230400  4.8753765842139007E-01
   179   17.005000             230400  4.8704575228042429E-01
   180   17.100000             230400  4.8652242192537187E-01
   181   17.195000             230400  4.8596650464083785E-01
   182   17.290000             230400  4.8537692803655963E-01
   183   17.385000             230400  4.8475277328849292E-01
   184   17.480000             230400  4.8409327857447970E-01
   185   17.575000             230400  4.8339781473965160E-01
   186   17.670000             230400  4.8266589972988738E-01
   187   17.765000             230400  4.8189725579772347E-01
   188   17.860000             230400  4.8109185583918285E-01
   189   17.955000             230400  4.8024991609493628E-01
   190   18.050000             230400  4.7937186734639692E-01
   191   18.145000             230400  4.7845838051021633E-01
   192   18.240000             230400  4.7751046223963872E-01
   193   18.335000             230400  4.7652954160144267E-01
   194   18.430000             230400  4.7551746360381675E-01
   195   18.525000             230400  4.7447642955933561E-01
   196   18.620000             230400  4.7340901633845794E-01
   197   18.715000             230400  4.7231830064772945E-01
   198   18.810000             230400  4.7120795801991655E-01
   199   18.905000             230400  4.7008225648611379E-01
   200   19.000000             230400  4.6894601788342322E-01
   201   19.095000             230400  4.6780460200155222E-01
   202   19.190000             230400  4.6666386891273126E-01
   203   19.285000             230400  4.6553007895092285E-01
   204   19.380000             230400  4.6440976366069631E-01
   205   19.475000             230400  4.6330960652473996E-01
   206   19.570000             230400  4.6223631601809312E-01
   207   19.665000             230400  4.6119642854052789E-01
   208   19.760000             230400  4.6019595998265911E-01
   209   19.855000             230400  4.5923989703517742E-01
   210   19.950000             230400  4.5833171514982474E-01
   211   20.045000             230400  4.5747322217053987E-01
   212   20.140000             230400  4.5666476927770011E-01
   213   20.235000             230400  4.5590560283797193E-01
   214   20.330000             230400  4.5519412823406663E-01
   215   20.425000             230400  4.5452811327777198E-01
   216   20.520000             230400  4.5390497918174988E-01
   217   20.615000             230400  4.5332217993918666E-01
   218   20.710000             230400  4.5277754419506611E-01
   219   20.805000             230400  4.5226947464702838E-01
   220   20.900000             230400  4.5179709087455011E-01
   221   20.995000             230400  4.5136041553387801E-01
   222   21.090000             230400  4.5096057002215340E-01
   223   21.185000             230400  4.5059977212918345E-01
   224   21.280000             230400  4.5028105065486568E-01
   225   21.375000             230400  4.5000789833154176E-01
   226   21.470000             230400  4.4978410241447725E-01
   227   21.565000             230400  4.4961369057057760E-01
   228   21.660000             230400  4.4950079987434621E-01
   229   21.755000             230400  4.4944947725524470E-01
   230   21.850000             230400  4.4946350801892321E-01
   231   21.945000             230400  4.4954632648231935E-01
   232   22.040000             230400  4.4970098618972776E-01
   233   22.135000             230400  4.4993013874580334E-01
   234   22.230000             230400  4.5023601725504359E-01
   235   22.325000             230400  4.5062042148132164E-01
   236   22.420000             230400  4.5108461350315066E-01
   237   22.515000             230400  4.5162909754886432E-01
   238   22.610000             230400  4.5225342200007701E-01
   239   22.705000             230400  4.5295615489523283E-01
   240   22.800000             230400  4.5373500745387951E-01
   241   22.895000             230400  4.5458692211921781E-01
   242   22.990000             230400  4.5550798739359394E-01
   243   23.085000             230400  4.5649325867304924E-01
   244   23.180000             230400  4.5753667785847008E-01
   245   23.275000             230400  4.5863111848319188E-01
   246   23.370000             230400  4.5976843372460374E-01
   247   23.465000             230400  4.6093946547518694E-01
   248   23.560000             230400  4.6213406371900678E-01
   249   23.655000             230400  4.6334110554212504E-01
   250   23.750000             230400  4.6454844339266099E-01
   251   23.845000             230400  4.6574279770707372E-01
   252   23.940000             230400  4.6690981769752721E-01
   253   24.035000             230400  4.6803445957852552E-01
   254   24.130000             230400  4.6910150928831518E-01
   255   24.225000             230400  4.7009597663704439E-01
   256   24.320000             230400  4.7100336276384036E-01
   257   24.415000             230400  4.7181007237564199E-01
   258   24.510000             230400  4.7250404867766682E-01
   259   24.605000             230400  4.7307539145465632E-01
   260   24.700000             230400  4.7351673891180890E-01
   261   24.795000             230400  4.7382345514678870E-01
   262   24.890000             230400  4.7399371764607723E-01
   263   24.985000             230400  4.7402843544787526E-01
   264   25.080000             230400  4.7393094318094292E-01
   265   25.175000             230400  4.7370664306194210E-01
   266   25.270000             230400  4.7336277163869278E-01
   267   25.365000             230400  4.7290820251204818E-01
   268   25.460000             230400  4.7235310010790399E-01
   269   25.555000             230400  4.7170856374464931E-01
   270   25.650000             230400  4.7098640922079216E-01
   271   25.745000             230400  4.7019886845880210E-01
   272   25.840000             230400  4.6935810511109577E-01
   273   25.935000             230400  4.6847586834004729E-01
   274   26.030000             230400  4.6756357607145732E-01
   275   26.125000             230400  4.6663258763935522E-01
   276   26.220000             230400  4.6569404902448053E-01
   277   26.315000             230400  4.6475799830400899E-01
   278   26.410000             230400  4.6383235523836874E-01
   279   26.505000             230400  4.6292265320168857E-01
   280   26.600000             230400  4.6203255062421539E-01
   281   26.695000             230400  4.6116432332104612E-01
   282   26.790000             230400  4.6031870476779402E-01
   283   26.885000             230400  4.5949462671749364E-01
   284   26.980000             230400  4.5868978600313320E-01
   285   27.075000             230400  4.5790184642883003E-01
   286   27.170000             230400  4.5712918117852885E-01
   287   27.265000             230400  4.5637085020177082E-01
   288   27.360000             230400  4.5562666783375472E-01
   289   27.455000             230400  4.5489781918904798E-01
   290   27.550000             230400  4.5418729962518378E-01
   291   27.645000             230400  4.5349950580377962E-01
   292   27.740000             230400  4.5283946911816325E-01
   293   27.835000             230400  4.5221238624593141E-01
   294   27.930000             230400  4.5162328982945438E-01
   295   28.025000             230400  4.5107651126381471E-01
   296   28.120000             230400  4.5057505951274013E-01
   297   28.215000             230400  4.5012016171404357E-01
   298   28.310000             230400  4.4971114326101763E-01
   299   28.405000             230400  4.4934581899155918E-01
   300   28.500000             230400  4.4902113613752248E-01
   301   28.595000             230400  4.4873342591243714E-01
   302   28.690000             230400  4.4847820334919164E-01
   303   28.785000             230400  4.4825017143313178E-01
   304   28.880000             230400  4.4804362049924951E-01
   305   28.975000             230400  4.4785266073065666E-01
   306   29.070000             230400  4.4767115340935804E-01
   307   29.165000             230400  4.4749275988601417E-01
   308   29.260000             230400  4.4731097678114301E-01
   309   29.355000             230400  4.4711878512267350E-01
   310   29.450000             230400  4.4690824572652543E-01
   311   29.545000             230400  4.4667054910256571E-01
   312   29.640000             230400  4.4639647159231044E-01
   313   29.735000             230400  4.4607691732199267E-01
   314   29.830000             230400  4.4570312635290793E-01
   315   29.925000             230400  4.4526643222691792E-01
   316   30.020000             230400  4.4475827762159392E-01
   317   30.115000             230400  4.4417098885048206E-01
   318   30.210000             230400  4.4349856513319630E-01
   319   30.305000             230400  4.4273665324022082E-01
   320   30.400000             230400  4.4188205040786410E-01
   321   30.495000             230400  4.4093250216928759E-01
   322   30.590000             230400  4.3988652383474769E-01
   323   30.685000             230400  4.3874256586142169E-01
   324   30.780000             230400  4.3749808401363655E-01
   325   30.875000             230400  4.3614947337905063E-01
   326   30.970000             230400  4.3469251662776021E-01
   327   31.065000             230400  4.3312248364849792E-01
   328   31.160000             230400  4.3143399879459510E-01
   329   31.255000             230400  4.2962125646785654E-01
   330   31.350000             230400  4.2767870687164766E-01
   331   31.445000             230400  4.2560221147843069E-01
   332   31.540000             230400  4.2339057048246909E-01
   333   31.635000             230400  4.2104650073466582E-01
   334   31.730000             230400  4.1857646990630371E-01
   335   31.825000             230400  4.1599029291861339E-01
   336   31.920000             230400  4.1330134097214649E-01
   337   32.015000             230400  4.1052720835522638E-01
   338   32.110000             230400  4.0769047671718994E-01
   339   32.205000             230400  4.0481914680009878E-01
   340   32.300000             230400  4.0194630973767176E-01
   341   32.395000             230400  3.9910948072588281E-01
   342   32.490000             230400  3.9635032682457860E-01
   343   32.585000             230400  3.9371376853951284E-01
   344   32.680000             230400  3.9124507342468789E-01
   345   32.775000             230400  3.8898621365019703E-01
   346   32.870000             230400  3.8697365047109955E-01
   347   32.965000             230400  3.8523765616269784E-01
   348   33.060000             230400  3.8380241682497768E-01
   349   33.155000             230400  3.8268678765704156E-01
   350   33.250000             230400  3.8190523847839064E-01
   351   33.345000             230400  3.8146814287402558E-01
   352   33.440000             230400  3.8138145487952935E-01
   353   33.535000             230400  3.8164648098166798E-01
   354   33.630000             230400  3.8225996125375972E-01
   355   33.725000             230400  3.8321383752620108E-01
   356   33.820000             230400  3.8449418467411300E-01
   357   33.915000             230400  3.8608006446084409E-01
   358   34.010000             230400  3.8794354715570878E-01
   359   34.105000             230400  3.9005112941299225E-01
   360   34.200000             230400  3.9236582827577027E-01
   361   34.295000             230400  3.9484952042535626E-01
   362   34.390000             230400  3.9746532518271832E-01
   363   34.485000             230400  4.0017954343223727E-01
   364   34.580000             230400  4.0296290946630026E-01
   365   34.675000             230400  4.0579092634410147E-01
   366   34.770000             230400  4.0864308745141587E-01
   367   34.865000             230400  4.1150147579969282E-01
   368   34.960000             230400  4.1434961892723754E-01
   369   35.055000             230400  4.1717230054073973E-01
   370   35.150000             230400  4.1995607857074180E-01
   371   35.245000             230400  4.2268955643026918E-01
   372   35.340000             230400  4.2536310846482750E-01
   373   35.435000             230400  4.2796786588200791E-01
   374   35.530000             230400  4.3049428465027595E-01
   375   35.625000             230400  4.3293118345719450E-01
   376   35.720000             230400  4.3526473294954438E-01
   377   35.815000             230400  4.3747780469795683E-01
   378   35.910000             230400  4.3955090398106855E-01
   379   36.005000             230400  4.4146404170022224E-01
   380   36.100000             230400  4.4319890742952067E-01
   381   36.195000             230400  4.4474100746202277E-01
   382   36.290000             230400  4.4608110405476270E-01
   383   36.385000             230400  4.4721601396548422E-01
   384   36.480000             230400  4.4814849466908202E-01
   385   36.575000             230400  4.4888613592354187E-01
   386   36.670000             230400  4.4944101283905413E-01
   387   36.765000             230400  4.4982975194608715E-01
   388   36.860000             230400  4.5007199613336812E-01
   389   36.955000             230400  4.5018868075083729E-01
   390   37.050000             230400  4.5020165164924686E-01
   391   37.145000             230400  4.5013336241421031E-01
   392   37.240000             230400  4.5000674382580191E-01
   393   37.335000             230400  4.4984637303305552E-01
   394   37.430000             230400  4.4967971653549516E-01
   395   37.525000             230400  4.4953688817547099E-01
   396   37.620000             230400  4.4944910728504867E-01
   397   37.715000             230400  4.4944650662134222E-01
   398   37.810000             230400  4.4955573794632864E-01
   399   37.905000             230400  4.4979750877842761E-01
   400   38.000000             230400  4.5018562397049267E-01
   401   38.095000             230400  4.5072962180424564E-01
   402   38.190000             230400  4.5143801696719038E-01
   403   38.285000             230400  4.5231687000502724E-01
   404   38.380000             230400  4.5336524172170345E-01
   405   38.475000             230400  4.5457243583600920E-01
   406   38.570000             230400  4.5591690169122845E-01
   407   38.665000             230400  4.5736558558653584E-01
   408   38.760000             230400  4.5887417059576563E-01
   409   38.855000             230400  4.6038640538102238E-01
   410   38.950000             230400  4.6183215915127984E-01
   411   39.045000             230400  4.6312858771992094E-01
   412   39.140000             230400  4.6418750729158598E-01
   413   39.235000             230400  4.6492658570919737E-01
   414   39.330000             230400  4.6527944388935238E-01
   415   39.425000             230400  4.6520124368917293E-01
   416   39.520000             230400  4.6466873535772402E-01
   417   39.615000             230400  4.6367625954342895E-01
   418   39.710000             230400  4.6223048178148424E-01
   419   39.805000             230400  4.6034535687657357E-01
   420   39.900000             230400  4.5803842782800402E-01
   421   39.995000             230400  4.5533018934344005E-01
   422   40.090000             230400  4.5224657034105986E-01
