! Kinetic energy for species "positrons-down"
  Iter        Time          Total Par.             Kin. Energy
     0   0.0000000             230400  4.9412256992058895E-01
     1  0.95000000E-01         230400  4.9412238121344609E-01
     2  0.19000000             230400  4.9412181796810534E-01
     3  0.28500000             230400  4.9412088861018200E-01
     4  0.38000000             230400  4.9411960676108929E-01
     5  0.47500000             230400  4.9411799102512061E-01
     6  0.57000000             230400  4.9411606484030807E-01
     7  0.66500000             230400  4.9411385618495146E-01
     8  0.76000000             230400  4.9411139710084961E-01
     9  0.85500000             230400  4.9410872317683180E-01
    10  0.95000000             230400  4.9410587307634007E-01
    11   1.0450000             230400  4.9410288802676239E-01
    12   1.1400000             230400  4.9409981117163559E-01
    13   1.2350000             230400  4.9409668684798375E-01
    14   1.3300000             230400  4.9409355995093829E-01
    15   1.4250000             230400  4.9409047540799816E-01
    16   1.5200000             230400  4.9408747762404909E-01
    17   1.6150000             230400  4.9408460984254743E-01
    18   1.7100000             230400  4.9408191351723085E-01
    19   1.8050000             230400  4.9407942770209479E-01
    20   1.9000000             230400  4.9407718832387976E-01
    21   1.9950000             230400  4.9407522743111765E-01
    22   2.0900000             230400  4.9407357283746367E-01
    23   2.1850000             230400  4.9407224822470941E-01
    24   2.2800000             230400  4.9407127309722476E-01
    25   2.3750000             230400  4.9407066217506057E-01
    26   2.4700000             230400  4.9407042462700751E-01
    27   2.5650000             230400  4.9407056367811347E-01
    28   2.6600000             230400  4.9407107668538197E-01
    29   2.7550000             230400  4.9407195560984446E-01
    30   2.8500000             230400  4.9407318765924035E-01
    31   2.9450000             230400  4.9407475557215375E-01
    32   3.0400000             230400  4.9407663734214197E-01
    33   3.1350000             230400  4.9407880596232051E-01
    34   3.2300000             230400  4.9408122976963076E-01
    35   3.3250000             230400  4.9408387323192265E-01
    36   3.4200000             230400  4.9408669778305919E-01
    37   3.5150000             230400  4.9408966262668230E-01
    38   3.6100000             230400  4.9409272537370019E-01
    39   3.7050000             230400  4.9409584219897940E-01
    40   3.8000000             230400  4.9409896776270301E-01
    41   3.8950000             230400  4.9410205576364402E-01
    42   3.9900000             230400  4.9410506042359126E-01
    43   4.0850000             230400  4.9410793807733655E-01
    44   4.1800000             230400  4.9411064790452436E-01
    45   4.2750000             230400  4.9411315173027553E-01
    46   4.3700000             230400  4.9411541366995954E-01
    47   4.4650000             230400  4.9411740042418895E-01
    48   4.5600000             230400  4.9411908226764084E-01
    49   4.6550000             230400  4.9412043412534240E-01
    50   4.7500000             230400  4.9412143629564365E-01
    51   4.8450000             230400  4.9412207478065279E-01
    52   4.9400000             230400  4.9412234115822379E-01
    53   5.0350000             230400  4.9412223195897642E-01
    54   5.1300000             230400  4.9412174803625636E-01
    55   5.2250000             230400  4.9412089469342901E-01
    56   5.3200000             230400  4.9411968257913497E-01
    57   5.4150000             230400  4.9411812836479319E-01
    58   5.5100000             230400  4.9411625446658580E-01
    59   5.6050000             230400  4.9411408815490832E-01
    60   5.7000000             230400  4.9411166057689737E-01
    61   5.7950000             230400  4.9410900586596768E-01
    62   5.8900000             230400  4.9410616087218073E-01
    63   5.9850000             230400  4.9410316578023716E-01
    64   6.0800000             230400  4.9410006427674835E-01
    65   6.1750000             230400  4.9409690190177680E-01
    66   6.2700000             230400  4.9409372369964660E-01
    67   6.3650000             230400  4.9409057339845996E-01
    68   6.4600000             230400  4.9408749418595188E-01
    69   6.5550000             230400  4.9408452904475453E-01
    70   6.6500000             230400  4.9408171955461655E-01
    71   6.7450000             230400  4.9407910436615549E-01
    72   6.8400000             230400  4.9407671871975445E-01
    73   6.9350000             230400  4.9407459464878467E-01
    74   7.0300000             230400  4.9407276102202502E-01
    75   7.1250000             230400  4.9407124342912656E-01
    76   7.2200000             230400  4.9407006373984885E-01
    77   7.3150000             230400  4.9406923871524705E-01
    78   7.4100000             230400  4.9406877822320378E-01
    79   7.5050000             230400  4.9406868472989440E-01
    80   7.6000000             230400  4.9406895460793349E-01
    81   7.6950000             230400  4.9406957989574807E-01
    82   7.7900000             230400  4.9407054889262741E-01
    83   7.8850000             230400  4.9407184528943071E-01
    84   7.9800000             230400  4.9407344679273546E-01
    85   8.0750000             230400  4.9407532449021552E-01
    86   8.1700000             230400  4.9407744374568718E-01
    87   8.2650000             230400  4.9407976647289714E-01
    88   8.3600000             230400  4.9408225333205830E-01
    89   8.4550000             230400  4.9408486404701618E-01
    90   8.5500000             230400  4.9408755594365100E-01
    91   8.6450000             230400  4.9409028294159274E-01
    92   8.7400000             230400  4.9409299653712657E-01
    93   8.8350000             230400  4.9409564789576010E-01
    94   8.9300000             230400  4.9409818937873251E-01
    95   9.0250000             230400  4.9410057498005261E-01
    96   9.1200000             230400  4.9410276016625171E-01
    97   9.2150000             230400  4.9410470150131830E-01
    98   9.3100000             230400  4.9410635611471859E-01
    99   9.4050000             230400  4.9410768174698699E-01
   100   9.5000000             230400  4.9410863875454936E-01
   101   9.5950000             230400  4.9410919368413542E-01
   102   9.6900000             230400  4.9410932125338169E-01
   103   9.7850000             230400  4.9410900244585482E-01
   104   9.8800000             230400  4.9410822080418015E-01
   105   9.9750000             230400  4.9410696092940776E-01
   106   10.070000             230400  4.9410521016668318E-01
   107   10.165000             230400  4.9410296112389196E-01
   108   10.260000             230400  4.9410021300647300E-01
   109   10.355000             230400  4.9409697161937405E-01
   110   10.450000             230400  4.9409324822595463E-01
   111   10.545000             230400  4.9408905738049552E-01
   112   10.640000             230400  4.9408441489231431E-01
   113   10.735000             230400  4.9407933737854925E-01
   114   10.830000             230400  4.9407384309370828E-01
   115   10.925000             230400  4.9406795233884260E-01
   116   11.020000             230400  4.9406168663482875E-01
   117   11.115000             230400  4.9405506705348534E-01
   118   11.210000             230400  4.9404811225607198E-01
   119   11.305000             230400  4.9404083746403693E-01
   120   11.400000             230400  4.9403325609246457E-01
   121   11.495000             230400  4.9402538308324684E-01
   122   11.590000             230400  4.9401723535692077E-01
   123   11.685000             230400  4.9400882607517416E-01
   124   11.780000             230400  4.9400015525399321E-01
   125   11.875000             230400  4.9399120356022630E-01
   126   11.970000             230400  4.9398193452405059E-01
   127   12.065000             230400  4.9397230367730793E-01
   128   12.160000             230400  4.9396226721072617E-01
   129   12.255000             230400  4.9395178403559498E-01
   130   12.350000             230400  4.9394081170222304E-01
   131   12.445000             230400  4.9392930016680753E-01
   132   12.540000             230400  4.9391718552549418E-01
   133   12.635000             230400  4.9390438401225217E-01
   134   12.730000             230400  4.9389078790498320E-01
   135   12.825000             230400  4.9387626623705916E-01
   136   12.920000             230400  4.9386067143947332E-01
   137   13.015000             230400  4.9384384952848626E-01
   138   13.110000             230400  4.9382564817030183E-01
   139   13.205000             230400  4.9380591559101306E-01
   140   13.300000             230400  4.9378448769277961E-01
   141   13.395000             230400  4.9376117051355561E-01
   142   13.490000             230400  4.9373573004769494E-01
   143   13.585000             230400  4.9370789472200383E-01
   144   13.680000             230400  4.9367736620198122E-01
   145   13.775000             230400  4.9364383178422744E-01
   146   13.870000             230400  4.9360697371597106E-01
   147   13.965000             230400  4.9356647228839307E-01
   148   14.060000             230400  4.9352200248750805E-01
   149   14.155000             230400  4.9347322846269692E-01
   150   14.250000             230400  4.9341980011548348E-01
   151   14.345000             230400  4.9336135061652586E-01
   152   14.440000             230400  4.9329749018856189E-01
   153   14.535000             230400  4.9322779489238677E-01
   154   14.630000             230400  4.9315179515431151E-01
   155   14.725000             230400  4.9306897146487194E-01
   156   14.820000             230400  4.9297876184407274E-01
   157   14.915000             230400  4.9288057697284415E-01
   158   15.010000             230400  4.9277380935510723E-01
   159   15.105000             230400  4.9265782541001657E-01
   160   15.200000             230400  4.9253194651055915E-01
   161   15.295000             230400  4.9239543743245634E-01
   162   15.390000             230400  4.9224751373190223E-01
   163   15.485000             230400  4.9208736286892707E-01
   164   15.580000             230400  4.9191416354301698E-01
   165   15.675000             230400  4.9172708758524331E-01
   166   15.770000             230400  4.9152527905900228E-01
   167   15.865000             230400  4.9130782448456728E-01
   168   15.960000             230400  4.9107373985037550E-01
   169   16.055000             230400  4.9082198735852589E-01
   170   16.150000             230400  4.9055150758090404E-01
   171   16.245000             230400  4.9026123852639270E-01
   172   16.340000             230400  4.8995010570885472E-01
   173   16.435000             230400  4.8961699585632340E-01
   174   16.530000             230400  4.8926074627244454E-01
   175   16.625000             230400  4.8888016556685998E-01
   176   16.720000             230400  4.8847406148307770E-01
   177   16.815000             230400  4.8804124558006579E-01
   178   16.910000             230400  4.8758052763680770E-01
   179   17.005000             230400  4.8709073584420437E-01
   180   17.100000             230400  4.8657076398195609E-01
   181   17.195000             230400  4.8601960789237497E-01
   182   17.290000             230400  4.8543637159876751E-01
   183   17.385000             230400  4.8482026764034769E-01
   184   17.480000             230400  4.8417063332285076E-01
   185   17.575000             230400  4.8348694348566312E-01
   186   17.670000             230400  4.8276879380095616E-01
   187   17.765000             230400  4.8201588344799806E-01
   188   17.860000             230400  4.8122805528718821E-01
   189   17.955000             230400  4.8040540381517460E-01
   190   18.050000             230400  4.7954837387033267E-01
   191   18.145000             230400  4.7865776463515552E-01
   192   18.240000             230400  4.7773464612495720E-01
   193   18.335000             230400  4.7678026766905696E-01
   194   18.430000             230400  4.7579603731109821E-01
   195   18.525000             230400  4.7478356741292282E-01
   196   18.620000             230400  4.7374474286256762E-01
   197   18.715000             230400  4.7268177666378175E-01
   198   18.810000             230400  4.7159721479458278E-01
   199   18.905000             230400  4.7049388942006865E-01
   200   19.000000             230400  4.6937489272613397E-01
   201   19.095000             230400  4.6824367324718752E-01
   202   19.190000             230400  4.6710423289233199E-01
   203   19.285000             230400  4.6596125165523206E-01
   204   19.380000             230400  4.6482006997773490E-01
   205   19.475000             230400  4.6368660559131913E-01
   206   19.570000             230400  4.6256728664054708E-01
   207   19.665000             230400  4.6146902730034134E-01
   208   19.760000             230400  4.6039929405367397E-01
   209   19.855000             230400  4.5936628557305681E-01
   210   19.950000             230400  4.5837904101594357E-01
   211   20.045000             230400  4.5744729339342738E-01
   212   20.140000             230400  4.5658110585380840E-01
   213   20.235000             230400  4.5579047812078916E-01
   214   20.330000             230400  4.5508501347009944E-01
   215   20.425000             230400  4.5447365384611249E-01
   216   20.520000             230400  4.5396448191801031E-01
   217   20.615000             230400  4.5356455021183534E-01
   218   20.710000             230400  4.5327964751074357E-01
   219   20.805000             230400  4.5311395212854344E-01
   220   20.900000             230400  4.5306963978879861E-01
   221   20.995000             230400  4.5314655111186342E-01
   222   21.090000             230400  4.5334212605142010E-01
   223   21.185000             230400  4.5365159303487718E-01
   224   21.280000             230400  4.5406815872108969E-01
   225   21.375000             230400  4.5458308533874447E-01
   226   21.470000             230400  4.5518569611940463E-01
   227   21.565000             230400  4.5586347870081928E-01
   228   21.660000             230400  4.5660243263902589E-01
   229   21.755000             230400  4.5738759351968811E-01
   230   21.850000             230400  4.5820350595998494E-01
   231   21.945000             230400  4.5903452266159300E-01
   232   22.040000             230400  4.5986497154237810E-01
   233   22.135000             230400  4.6067932420258156E-01
   234   22.230000             230400  4.6146245135362007E-01
   235   22.325000             230400  4.6219990832440672E-01
   236   22.420000             230400  4.6287818145461779E-01
   237   22.515000             230400  4.6348489571300372E-01
   238   22.610000             230400  4.6400908683867631E-01
   239   22.705000             230400  4.6444152998355059E-01
   240   22.800000             230400  4.6477494856325363E-01
   241   22.895000             230400  4.6500405571341130E-01
   242   22.990000             230400  4.6512552252368228E-01
   243   23.085000             230400  4.6513793905898826E-01
   244   23.180000             230400  4.6504179181060101E-01
   245   23.275000             230400  4.6483943615419310E-01
   246   23.370000             230400  4.6453495470985939E-01
   247   23.465000             230400  4.6413387635178266E-01
   248   23.560000             230400  4.6364290323555424E-01
   249   23.655000             230400  4.6306975536913703E-01
   250   23.750000             230400  4.6242307538928779E-01
   251   23.845000             230400  4.6171227888128075E-01
   252   23.940000             230400  4.6094734514656099E-01
   253   24.035000             230400  4.6013863432632673E-01
   254   24.130000             230400  4.5929675171567014E-01
   255   24.225000             230400  4.5843245019497175E-01
   256   24.320000             230400  4.5755662107725237E-01
   257   24.415000             230400  4.5668038522117671E-01
   258   24.510000             230400  4.5581520737525294E-01
   259   24.605000             230400  4.5497290318485850E-01
   260   24.700000             230400  4.5416546352561926E-01
   261   24.795000             230400  4.5340469871659184E-01
   262   24.890000             230400  4.5270176934247153E-01
   263   24.985000             230400  4.5206675945097385E-01
   264   25.080000             230400  4.5150844792649225E-01
   265   25.175000             230400  4.5103426808853897E-01
   266   25.270000             230400  4.5065014413735138E-01
   267   25.365000             230400  4.5036000558820866E-01
   268   25.460000             230400  4.5016528851598325E-01
   269   25.555000             230400  4.5006486325036743E-01
   270   25.650000             230400  4.5005536566142668E-01
   271   25.745000             230400  4.5013148377463630E-01
   272   25.840000             230400  4.5028602084344621E-01
   273   25.935000             230400  4.5051009823643401E-01
   274   26.030000             230400  4.5079375184457054E-01
   275   26.125000             230400  4.5112648879460454E-01
   276   26.220000             230400  4.5149726663248280E-01
   277   26.315000             230400  4.5189400508348021E-01
   278   26.410000             230400  4.5230347034511331E-01
   279   26.505000             230400  4.5271219103207239E-01
   280   26.600000             230400  4.5310773131274695E-01
   281   26.695000             230400  4.5347914260830013E-01
   282   26.790000             230400  4.5381666346909999E-01
   283   26.885000             230400  4.5411163874387350E-01
   284   26.980000             230400  4.5435680785938304E-01
   285   27.075000             230400  4.5454646316966824E-01
   286   27.170000             230400  4.5467645568770199E-01
   287   27.265000             230400  4.5474436775664406E-01
   288   27.360000             230400  4.5474985570911386E-01
   289   27.455000             230400  4.5469467536464536E-01
   290   27.550000             230400  4.5458203032738242E-01
   291   27.645000             230400  4.5441558420716383E-01
   292   27.740000             230400  4.5419890677662650E-01
   293   27.835000             230400  4.5393558595590960E-01
   294   27.930000             230400  4.5362939747783615E-01
   295   28.025000             230400  4.5328398048117347E-01
   296   28.120000             230400  4.5290233090553034E-01
   297   28.215000             230400  4.5248684257207988E-01
   298   28.310000             230400  4.5203968564476738E-01
   299   28.405000             230400  4.5156277721304355E-01
   300   28.500000             230400  4.5105758597758638E-01
   301   28.595000             230400  4.5052557808036464E-01
   302   28.690000             230400  4.4996928355304994E-01
   303   28.785000             230400  4.4939305688306552E-01
   304   28.880000             230400  4.4880300538793838E-01
   305   28.975000             230400  4.4820665578555935E-01
   306   29.070000             230400  4.4761294806285257E-01
   307   29.165000             230400  4.4703222802369852E-01
   308   29.260000             230400  4.4647592815172876E-01
   309   29.355000             230400  4.4595623732951162E-01
   310   29.450000             230400  4.4548595202660762E-01
   311   29.545000             230400  4.4507823672087543E-01
   312   29.640000             230400  4.4474602370614624E-01
   313   29.735000             230400  4.4450120936601262E-01
   314   29.830000             230400  4.4435414994828104E-01
   315   29.925000             230400  4.4431364701370391E-01
   316   30.020000             230400  4.4438696760652779E-01
   317   30.115000             230400  4.4457971520885869E-01
   318   30.210000             230400  4.4489589982420658E-01
   319   30.305000             230400  4.4533822121908351E-01
   320   30.400000             230400  4.4590820760168248E-01
   321   30.495000             230400  4.4660618837885507E-01
   322   30.590000             230400  4.4743135634599218E-01
   323   30.685000             230400  4.4838185321334684E-01
   324   30.780000             230400  4.4945463026056337E-01
   325   30.875000             230400  4.5064528638927970E-01
   326   30.970000             230400  4.5194811323860740E-01
   327   31.065000             230400  4.5335610579323449E-01
   328   31.160000             230400  4.5486040622105178E-01
   329   31.255000             230400  4.5644870646963698E-01
   330   31.350000             230400  4.5810351029691249E-01
   331   31.445000             230400  4.5980190784540975E-01
   332   31.540000             230400  4.6151660840999498E-01
   333   31.635000             230400  4.6321720477502459E-01
   334   31.730000             230400  4.6487209314107436E-01
   335   31.825000             230400  4.6645083514640567E-01
   336   31.920000             230400  4.6792542077807675E-01
   337   32.015000             230400  4.6927025162836217E-01
   338   32.110000             230400  4.7046176240351301E-01
   339   32.205000             230400  4.7147866362833146E-01
   340   32.300000             230400  4.7230355268814517E-01
   341   32.395000             230400  4.7292484213607044E-01
   342   32.490000             230400  4.7333711064976913E-01
   343   32.585000             230400  4.7353942912943736E-01
   344   32.680000             230400  4.7353246438593755E-01
   345   32.775000             230400  4.7331610223427362E-01
   346   32.870000             230400  4.7288957069847803E-01
   347   32.965000             230400  4.7225345602920710E-01
   348   33.060000             230400  4.7141099048256618E-01
   349   33.155000             230400  4.7036833682051687E-01
   350   33.250000             230400  4.6913591457247056E-01
   351   33.345000             230400  4.6773101740657175E-01
   352   33.440000             230400  4.6618017145008944E-01
   353   33.535000             230400  4.6451956586425813E-01
   354   33.630000             230400  4.6279150537081537E-01
   355   33.725000             230400  4.6103759516941695E-01
   356   33.820000             230400  4.5929257695227477E-01
   357   33.915000             230400  4.5758066673130293E-01
   358   34.010000             230400  4.5591390022424855E-01
   359   34.105000             230400  4.5429190857251733E-01
   360   34.200000             230400  4.5270263837647995E-01
   361   34.295000             230400  4.5112516902221933E-01
   362   34.390000             230400  4.4953515964005564E-01
   363   34.485000             230400  4.4791026612999008E-01
   364   34.580000             230400  4.4623379854409950E-01
   365   34.675000             230400  4.4449697761986223E-01
   366   34.770000             230400  4.4269979801940285E-01
   367   34.865000             230400  4.4085029859942737E-01
   368   34.960000             230400  4.3896295730672180E-01
   369   35.055000             230400  4.3705716819123142E-01
   370   35.150000             230400  4.3515539240346257E-01
   371   35.245000             230400  4.3328099538873055E-01
   372   35.340000             230400  4.3145680837676043E-01
   373   35.435000             230400  4.2970453711224749E-01
   374   35.530000             230400  4.2804467171151483E-01
   375   35.625000             230400  4.2649625503502253E-01
   376   35.720000             230400  4.2507577603425556E-01
   377   35.815000             230400  4.2379576686204634E-01
   378   35.910000             230400  4.2266498382683426E-01
   379   36.005000             230400  4.2169006007478621E-01
   380   36.100000             230400  4.2087660858550818E-01
   381   36.195000             230400  4.2022932295520865E-01
   382   36.290000             230400  4.1975135396812002E-01
   383   36.385000             230400  4.1944289530350320E-01
   384   36.480000             230400  4.1929909703644530E-01
   385   36.575000             230400  4.1930861212854209E-01
   386   36.670000             230400  4.1945391231649964E-01
   387   36.765000             230400  4.1971233495913118E-01
   388   36.860000             230400  4.2005690605884971E-01
   389   36.955000             230400  4.2045732110166162E-01
   390   37.050000             230400  4.2088131865136269E-01
   391   37.145000             230400  4.2129624403500937E-01
   392   37.240000             230400  4.2167025174258460E-01
   393   37.335000             230400  4.2197273580966788E-01
   394   37.430000             230400  4.2217480880498004E-01
   395   37.525000             230400  4.2225061502420708E-01
   396   37.620000             230400  4.2217883824692148E-01
   397   37.715000             230400  4.2194340135948627E-01
   398   37.810000             230400  4.2153308824446645E-01
   399   37.905000             230400  4.2094064257256281E-01
   400   38.000000             230400  4.2016263867383863E-01
   401   38.095000             230400  4.1920112866892068E-01
   402   38.190000             230400  4.1806558412526468E-01
   403   38.285000             230400  4.1677274087698957E-01
   404   38.380000             230400  4.1534485809866661E-01
   405   38.475000             230400  4.1380771163943370E-01
   406   38.570000             230400  4.1218704852401122E-01
   407   38.665000             230400  4.1050400589612218E-01
   408   38.760000             230400  4.0877398462928055E-01
   409   38.855000             230400  4.0701021649889380E-01
   410   38.950000             230400  4.0522752701664999E-01
   411   39.045000             230400  4.0344405351695717E-01
   412   39.140000             230400  4.0168304870799126E-01
   413   39.235000             230400  3.9997466543470434E-01
   414   39.330000             230400  3.9835552066306823E-01
   415   39.425000             230400  3.9686711314303941E-01
   416   39.520000             230400  3.9555507853833377E-01
   417   39.615000             230400  3.9446699480407149E-01
   418   39.710000             230400  3.9364664919155662E-01
   419   39.805000             230400  3.9312789742213605E-01
   420   39.900000             230400  3.9293167603974444E-01
   421   39.995000             230400  3.9306626648878279E-01
   422   40.090000             230400  3.9352937616946787E-01
