! Kinetic energy for species "electrons-up"
  Iter        Time          Total Par.             Kin. Energy
     0   0.0000000             230400  4.9408950291591092E-01
     1  0.95000000E-01         230400  4.9408931442047826E-01
     2  0.19000000             230400  4.9408875179618006E-01
     3  0.28500000             230400  4.9408782348844593E-01
     4  0.38000000             230400  4.9408654320985390E-01
     5  0.47500000             230400  4.9408492961852346E-01
     6  0.57000000             230400  4.9408300604822181E-01
     7  0.66500000             230400  4.9408080023545836E-01
     8  0.76000000             230400  4.9407834399025552E-01
     9  0.85500000             230400  4.9407567279937570E-01
    10  0.95000000             230400  4.9407282532421931E-01
    11   1.0450000             230400  4.9406984278274807E-01
    12   1.1400000             230400  4.9406676830414092E-01
    13   1.2350000             230400  4.9406364630232602E-01
    14   1.3300000             230400  4.9406052182627358E-01
    15   1.4250000             230400  4.9405743993621226E-01
    16   1.5200000             230400  4.9405444517768726E-01
    17   1.6150000             230400  4.9405158099222496E-01
    18   1.7100000             230400  4.9404888887237935E-01
    19   1.8050000             230400  4.9404640747420470E-01
    20   1.9000000             230400  4.9404417209338269E-01
    21   1.9950000             230400  4.9404221450646668E-01
    22   2.0900000             230400  4.9404056280024899E-01
    23   2.1850000             230400  4.9403924097273499E-01
    24   2.2800000             230400  4.9403826841793619E-01
    25   2.3750000             230400  4.9403765948081124E-01
    26   2.4700000             230400  4.9403742316045091E-01
    27   2.5650000             230400  4.9403756290241918E-01
    28   2.6600000             230400  4.9403807644041292E-01
    29   2.7550000             230400  4.9403895591011426E-01
    30   2.8500000             230400  4.9404018841006592E-01
    31   2.9450000             230400  4.9404175652499632E-01
    32   3.0400000             230400  4.9404363817772795E-01
    33   3.1350000             230400  4.9404580619973787E-01
    34   3.2300000             230400  4.9404822859119923E-01
    35   3.3250000             230400  4.9405086952515009E-01
    36   3.4200000             230400  4.9405369039652525E-01
    37   3.5150000             230400  4.9405665059772652E-01
    38   3.6100000             230400  4.9405970794078868E-01
    39   3.7050000             230400  4.9406281861928875E-01
    40   3.8000000             230400  4.9406593728985315E-01
    41   3.8950000             230400  4.9406901813031906E-01
    42   3.9900000             230400  4.9407201642178933E-01
    43   4.0850000             230400  4.9407488931572108E-01
    44   4.1800000             230400  4.9407759567378423E-01
    45   4.2750000             230400  4.9408009614078496E-01
    46   4.3700000             230400  4.9408235397142353E-01
    47   4.4650000             230400  4.9408433602047602E-01
    48   4.5600000             230400  4.9408601337506042E-01
    49   4.6550000             230400  4.9408736164145672E-01
    50   4.7500000             230400  4.9408836107036763E-01
    51   4.8450000             230400  4.9408899683891772E-01
    52   4.9400000             230400  4.9408925962314876E-01
    53   5.0350000             230400  4.9408914581354535E-01
    54   5.1300000             230400  4.9408865685292053E-01
    55   5.2250000             230400  4.9408779863973640E-01
    56   5.3200000             230400  4.9408658209826117E-01
    57   5.4150000             230400  4.9408502414944783E-01
    58   5.5100000             230400  4.9408314765444772E-01
    59   5.6050000             230400  4.9408098038256026E-01
    60   5.7000000             230400  4.9407855381248311E-01
    61   5.7950000             230400  4.9407590209960811E-01
    62   5.8900000             230400  4.9407306166545417E-01
    63   5.9850000             230400  4.9407007174752182E-01
    64   6.0800000             230400  4.9406697482633238E-01
    65   6.1750000             230400  4.9406381560424861E-01
    66   6.2700000             230400  4.9406063924100319E-01
    67   6.3650000             230400  4.9405749046890551E-01
    68   6.4600000             230400  4.9405441348944162E-01
    69   6.5550000             230400  4.9405145138549744E-01
    70   6.6500000             230400  4.9404864499503187E-01
    71   6.7450000             230400  4.9404603233998662E-01
    72   6.8400000             230400  4.9404364883789542E-01
    73   6.9350000             230400  4.9404152730607470E-01
    74   7.0300000             230400  4.9403969718621404E-01
    75   7.1250000             230400  4.9403818353274076E-01
    76   7.2200000             230400  4.9403700640655090E-01
    77   7.3150000             230400  4.9403618062225041E-01
    78   7.4100000             230400  4.9403571543895708E-01
    79   7.5050000             230400  4.9403561415522934E-01
    80   7.6000000             230400  4.9403587412587835E-01
    81   7.6950000             230400  4.9403648750747309E-01
    82   7.7900000             230400  4.9403744208958333E-01
    83   7.8850000             230400  4.9403872126370335E-01
    84   7.9800000             230400  4.9404030310048608E-01
    85   8.0750000             230400  4.9404215953099950E-01
    86   8.1700000             230400  4.9404425672621233E-01
    87   8.2650000             230400  4.9404655679298776E-01
    88   8.3600000             230400  4.9404901953071284E-01
    89   8.4550000             230400  4.9405160299641959E-01
    90   8.5500000             230400  4.9405426335613561E-01
    91   8.6450000             230400  4.9405695514945003E-01
    92   8.7400000             230400  4.9405963169576506E-01
    93   8.8350000             230400  4.9406224513258251E-01
    94   8.9300000             230400  4.9406474704675613E-01
    95   9.0250000             230400  4.9406709022343642E-01
    96   9.1200000             230400  4.9406922993336599E-01
    97   9.2150000             230400  4.9407112344358967E-01
    98   9.3100000             230400  4.9407272882487879E-01
    99   9.4050000             230400  4.9407400502334686E-01
   100   9.5000000             230400  4.9407491389849850E-01
   101   9.5950000             230400  4.9407542313609720E-01
   102   9.6900000             230400  4.9407550780250176E-01
   103   9.7850000             230400  4.9407514899931088E-01
   104   9.8800000             230400  4.9407433071225260E-01
   105   9.9750000             230400  4.9407303790708246E-01
   106   10.070000             230400  4.9407125763618631E-01
   107   10.165000             230400  4.9406898180040570E-01
   108   10.260000             230400  4.9406620907675164E-01
   109   10.355000             230400  4.9406294504685766E-01
   110   10.450000             230400  4.9405920095104516E-01
   111   10.545000             230400  4.9405499180329793E-01
   112   10.640000             230400  4.9405033488086847E-01
   113   10.735000             230400  4.9404524909364278E-01
   114   10.830000             230400  4.9403975433279562E-01
   115   10.925000             230400  4.9403387026674489E-01
   116   11.020000             230400  4.9402761582033228E-01
   117   11.115000             230400  4.9402100973010854E-01
   118   11.210000             230400  4.9401407017946480E-01
   119   11.305000             230400  4.9400681297185423E-01
   120   11.400000             230400  4.9399925129687322E-01
   121   11.495000             230400  4.9399139851148888E-01
   122   11.590000             230400  4.9398326956839966E-01
   123   11.685000             230400  4.9397487611036095E-01
   124   11.780000             230400  4.9396621708794070E-01
   125   11.875000             230400  4.9395727242003246E-01
   126   11.970000             230400  4.9394800491801738E-01
   127   12.065000             230400  4.9393836860797069E-01
   128   12.160000             230400  4.9392831703232332E-01
   129   12.255000             230400  4.9391780631547139E-01
   130   12.350000             230400  4.9390679232345780E-01
   131   12.445000             230400  4.9389522446827816E-01
   132   12.540000             230400  4.9388303838010006E-01
   133   12.635000             230400  4.9387014862818529E-01
   134   12.730000             230400  4.9385644412988405E-01
   135   12.825000             230400  4.9384178995885231E-01
   136   12.920000             230400  4.9382603595805741E-01
   137   13.015000             230400  4.9380902769680435E-01
   138   13.110000             230400  4.9379061343044611E-01
   139   13.205000             230400  4.9377064181626285E-01
   140   13.300000             230400  4.9374894918219736E-01
   141   13.395000             230400  4.9372534239579235E-01
   142   13.490000             230400  4.9369958812687842E-01
   143   13.585000             230400  4.9367141501787437E-01
   144   13.680000             230400  4.9364052552419024E-01
   145   13.775000             230400  4.9360660894600972E-01
   146   13.870000             230400  4.9356934962833365E-01
   147   13.965000             230400  4.9352842905040273E-01
   148   14.060000             230400  4.9348352333800549E-01
   149   14.155000             230400  4.9343429907270930E-01
   150   14.250000             230400  4.9338040969576502E-01
   151   14.345000             230400  4.9332149159774602E-01
   152   14.440000             230400  4.9325715699106104E-01
   153   14.535000             230400  4.9318698334621758E-01
   154   14.630000             230400  4.9311050359999642E-01
   155   14.725000             230400  4.9302720303637582E-01
   156   14.820000             230400  4.9293652603814897E-01
   157   14.915000             230400  4.9283788873155204E-01
   158   15.010000             230400  4.9273068613567583E-01
   159   15.105000             230400  4.9261428484097292E-01
   160   15.200000             230400  4.9248800622270783E-01
   161   15.295000             230400  4.9235111585477703E-01
   162   15.390000             230400  4.9220282985710812E-01
   163   15.485000             230400  4.9204233451909452E-01
   164   15.580000             230400  4.9186880522407150E-01
   165   15.675000             230400  4.9168140940881888E-01
   166   15.770000             230400  4.9147928722031908E-01
   167   15.865000             230400  4.9126152224656294E-01
   168   15.960000             230400  4.9102712760055789E-01
   169   16.055000             230400  4.9077506131546694E-01
   170   16.150000             230400  4.9050425784583435E-01
   171   16.245000             230400  4.9021364755782587E-01
   172   16.340000             230400  4.8990214802727444E-01
   173   16.435000             230400  4.8956863891641711E-01
   174   16.530000             230400  4.8921195131629525E-01
   175   16.625000             230400  4.8883088724668217E-01
   176   16.720000             230400  4.8842424671643137E-01
   177   16.815000             230400  4.8799083335376087E-01
   178   16.910000             230400  4.8752945011412663E-01
   179   17.005000             230400  4.8703891950448036E-01
   180   17.100000             230400  4.8651813048535419E-01
   181   17.195000             230400  4.8596607583688362E-01
   182   17.290000             230400  4.8538185920144972E-01
   183   17.385000             230400  4.8476469453201010E-01
   184   17.480000             230400  4.8411392034906964E-01
   185   17.575000             230400  4.8342901131867139E-01
   186   17.670000             230400  4.8270956196718168E-01
   187   17.765000             230400  4.8195527056580179E-01
   188   17.860000             230400  4.8116597972845243E-01
   189   17.955000             230400  4.8034178319895782E-01
   190   18.050000             230400  4.7948312322440118E-01
   191   18.145000             230400  4.7859079638999324E-01
   192   18.240000             230400  4.7766587527396576E-01
   193   18.335000             230400  4.7670962047045873E-01
   194   18.430000             230400  4.7572345842354569E-01
   195   18.525000             230400  4.7470902502892393E-01
   196   18.620000             230400  4.7366823611487480E-01
   197   18.715000             230400  4.7260334647964508E-01
   198   18.810000             230400  4.7151695648335934E-01
   199   18.905000             230400  4.7041196406420710E-01
   200   19.000000             230400  4.6929153392192025E-01
   201   19.095000             230400  4.6815918744537488E-01
   202   19.190000             230400  4.6701899330964658E-01
   203   19.285000             230400  4.6587568513065158E-01
   204   19.380000             230400  4.6473463549302252E-01
   205   19.475000             230400  4.6360176601876757E-01
   206   19.570000             230400  4.6248347600075113E-01
   207   19.665000             230400  4.6138661464134195E-01
   208   19.760000             230400  4.6031855044483372E-01
   209   19.855000             230400  4.5928736140344573E-01
   210   19.950000             230400  4.5830195294139620E-01
   211   20.045000             230400  4.5737191983973080E-01
   212   20.140000             230400  4.5650719898907816E-01
   213   20.235000             230400  4.5571770095817132E-01
   214   20.330000             230400  4.5501299413097512E-01
   215   20.425000             230400  4.5440204252517247E-01
   216   20.520000             230400  4.5389300425749929E-01
   217   20.615000             230400  4.5349305064234469E-01
   218   20.710000             230400  4.5320811804306760E-01
   219   20.805000             230400  4.5304254076708378E-01
   220   20.900000             230400  4.5299863164071019E-01
   221   20.995000             230400  4.5307631467713150E-01
   222   21.090000             230400  4.5327302330855185E-01
   223   21.185000             230400  4.5358388082374768E-01
   224   21.280000             230400  4.5400192651928889E-01
   225   21.375000             230400  4.5451824776646910E-01
   226   21.470000             230400  4.5512202941121610E-01
   227   21.565000             230400  4.5580068777098981E-01
   228   21.660000             230400  4.5654023210336825E-01
   229   21.755000             230400  4.5732577929844065E-01
   230   21.850000             230400  4.5814200110657344E-01
   231   21.945000             230400  4.5897338784016289E-01
   232   22.040000             230400  4.5980440306458392E-01
   233   22.135000             230400  4.6061966436797619E-01
   234   22.230000             230400  4.6140419866962790E-01
   235   22.325000             230400  4.6214370578068198E-01
   236   22.420000             230400  4.6282477955072676E-01
   237   22.515000             230400  4.6343509981939240E-01
   238   22.610000             230400  4.6396368593789516E-01
   239   22.705000             230400  4.6440121585646654E-01
   240   22.800000             230400  4.6474025030319865E-01
   241   22.895000             230400  4.6497529513000041E-01
   242   22.990000             230400  4.6510278076178979E-01
   243   23.085000             230400  4.6512103256311477E-01
   244   23.180000             230400  4.6503025718498764E-01
   245   23.275000             230400  4.6483252823949156E-01
   246   23.370000             230400  4.6453167330794698E-01
   247   23.465000             230400  4.6413303008886286E-01
   248   23.560000             230400  4.6364318303181506E-01
   249   23.655000             230400  4.6306979164791029E-01
   250   23.750000             230400  4.6242149634314339E-01
   251   23.845000             230400  4.6170779054877176E-01
   252   23.940000             230400  4.6093883157286558E-01
   253   24.035000             230400  4.6012527047344637E-01
   254   24.130000             230400  4.5927812399197793E-01
   255   24.225000             230400  4.5840867101389737E-01
   256   24.320000             230400  4.5752840929468730E-01
   257   24.415000             230400  4.5664908283018624E-01
   258   24.510000             230400  4.5578272844037721E-01
   259   24.605000             230400  4.5494162808194433E-01
   260   24.700000             230400  4.5413807951592433E-01
   261   24.795000             230400  4.5338398971247762E-01
   262   24.890000             230400  4.5269039362615349E-01
   263   24.985000             230400  4.5206706794968537E-01
   264   25.080000             230400  4.5152237366119496E-01
   265   25.175000             230400  4.5106328469387136E-01
   266   25.270000             230400  4.5069527234018653E-01
   267   25.365000             230400  4.5042185381525246E-01
   268   25.460000             230400  4.5024412175734313E-01
   269   25.555000             230400  4.5016069262018388E-01
   270   25.650000             230400  4.5016803771808389E-01
   271   25.745000             230400  4.5026074020079110E-01
   272   25.840000             230400  4.5043151550761884E-01
   273   25.935000             230400  4.5067138558418612E-01
   274   26.030000             230400  4.5097025908162747E-01
   275   26.125000             230400  4.5131748706496178E-01
   276   26.220000             230400  4.5170187209209145E-01
   277   26.315000             230400  4.5211122988463454E-01
   278   26.410000             230400  4.5253230909590303E-01
   279   26.505000             230400  4.5295170763464604E-01
   280   26.600000             230400  4.5335714422433804E-01
   281   26.695000             230400  4.5373792894875342E-01
   282   26.790000             230400  4.5408464627375578E-01
   283   26.885000             230400  4.5438897329335320E-01
   284   26.980000             230400  4.5464384565066707E-01
   285   27.075000             230400  4.5484353868573302E-01
   286   27.170000             230400  4.5498361226539730E-01
   287   27.265000             230400  4.5506102951293398E-01
   288   27.360000             230400  4.5507453099796913E-01
   289   27.455000             230400  4.5502482257074173E-01
   290   27.550000             230400  4.5491413168159167E-01
   291   27.645000             230400  4.5474535550057998E-01
   292   27.740000             230400  4.5452154571806275E-01
   293   27.835000             230400  4.5424602338087366E-01
   294   27.930000             230400  4.5392255899025541E-01
   295   28.025000             230400  4.5355506508449517E-01
   296   28.120000             230400  4.5314709740772913E-01
   297   28.215000             230400  4.5270186893173192E-01
   298   28.310000             230400  4.5222261248186923E-01
   299   28.405000             230400  4.5171255709457347E-01
   300   28.500000             230400  4.5117466668645179E-01
   301   28.595000             230400  4.5061190760832914E-01
   302   28.690000             230400  4.5002811159941480E-01
   303   28.785000             230400  4.4942865606547244E-01
   304   28.880000             230400  4.4882049644780792E-01
   305   28.975000             230400  4.4821203050642106E-01
   306   29.070000             230400  4.4761322610619686E-01
   307   29.165000             230400  4.4703562989700224E-01
   308   29.260000             230400  4.4649190740847844E-01
   309   29.355000             230400  4.4599520182034658E-01
   310   29.450000             230400  4.4555864796801309E-01
   311   29.545000             230400  4.4519484530147613E-01
   312   29.640000             230400  4.4491502010157957E-01
   313   29.735000             230400  4.4472826695174617E-01
   314   29.830000             230400  4.4464153455674771E-01
   315   29.925000             230400  4.4466032242979314E-01
   316   30.020000             230400  4.4478938571249138E-01
   317   30.115000             230400  4.4503313326536020E-01
   318   30.210000             230400  4.4539594531051319E-01
   319   30.305000             230400  4.4588228166189331E-01
   320   30.400000             230400  4.4649622244200610E-01
   321   30.495000             230400  4.4724071918654135E-01
   322   30.590000             230400  4.4811703595519298E-01
   323   30.685000             230400  4.4912427260623644E-01
   324   30.780000             230400  4.5025875097191048E-01
   325   30.875000             230400  4.5151350716936733E-01
   326   30.970000             230400  4.5287821116670157E-01
   327   31.065000             230400  4.5433957192653596E-01
   328   31.160000             230400  4.5588209952807796E-01
   329   31.255000             230400  4.5748900402625337E-01
   330   31.350000             230400  4.5914322848154521E-01
   331   31.445000             230400  4.6082829717906904E-01
   332   31.540000             230400  4.6252774180687062E-01
   333   31.635000             230400  4.6422241144956700E-01
   334   31.730000             230400  4.6588752725873489E-01
   335   31.825000             230400  4.6749254557673664E-01
   336   31.920000             230400  4.6900391926028795E-01
   337   32.015000             230400  4.7038818294862617E-01
   338   32.110000             230400  4.7161427230853820E-01
   339   32.205000             230400  4.7265536352654980E-01
   340   32.300000             230400  4.7348999993758689E-01
   341   32.395000             230400  4.7410278072668283E-01
   342   32.490000             230400  4.7448478147043660E-01
   343   32.585000             230400  4.7463275993531528E-01
   344   32.680000             230400  4.7454729213558894E-01
   345   32.775000             230400  4.7423140568532096E-01
   346   32.870000             230400  4.7369067069965792E-01
   347   32.965000             230400  4.7293415955673090E-01
   348   33.060000             230400  4.7197481104935313E-01
   349   33.155000             230400  4.7082853975041622E-01
   350   33.250000             230400  4.6951328735742304E-01
   351   33.345000             230400  4.6804942168714680E-01
   352   33.440000             230400  4.6646085167636864E-01
   353   33.535000             230400  4.6477509952763363E-01
   354   33.630000             230400  4.6302182785505136E-01
   355   33.725000             230400  4.6123070787620574E-01
   356   33.820000             230400  4.5942953015730192E-01
   357   33.915000             230400  4.5764315745957407E-01
   358   34.010000             230400  4.5589256768350395E-01
   359   34.105000             230400  4.5419266996899949E-01
   360   34.200000             230400  4.5254958135485879E-01
   361   34.295000             230400  4.5095926141669124E-01
   362   34.390000             230400  4.4940873730795700E-01
   363   34.485000             230400  4.4787894225550962E-01
   364   34.580000             230400  4.4634751498640435E-01
   365   34.675000             230400  4.4479202507005366E-01
   366   34.770000             230400  4.4319366101592156E-01
   367   34.865000             230400  4.4154006790026967E-01
   368   34.960000             230400  4.3982713058975054E-01
   369   35.055000             230400  4.3805977591467454E-01
   370   35.150000             230400  4.3625121293110269E-01
   371   35.245000             230400  4.3442067637433301E-01
   372   35.340000             230400  4.3259092596785670E-01
   373   35.435000             230400  4.3078639850811662E-01
   374   35.530000             230400  4.2903221359678945E-01
   375   35.625000             230400  4.2735369432840520E-01
   376   35.720000             230400  4.2577545752913470E-01
   377   35.815000             230400  4.2432021063571262E-01
   378   35.910000             230400  4.2300835316204971E-01
   379   36.005000             230400  4.2185814172324554E-01
   380   36.100000             230400  4.2088503260142535E-01
   381   36.195000             230400  4.2010037165856118E-01
   382   36.290000             230400  4.1951056917381396E-01
   383   36.385000             230400  4.1911655955388111E-01
   384   36.480000             230400  4.1891310846868557E-01
   385   36.575000             230400  4.1888875480747290E-01
   386   36.670000             230400  4.1902673650751687E-01
   387   36.765000             230400  4.1930559778573079E-01
   388   36.860000             230400  4.1969858110861930E-01
   389   36.955000             230400  4.2017270124289818E-01
   390   37.050000             230400  4.2068909045660852E-01
   391   37.145000             230400  4.2120506271404556E-01
   392   37.240000             230400  4.2167710781343076E-01
   393   37.335000             230400  4.2206356014180807E-01
   394   37.430000             230400  4.2232614028209059E-01
   395   37.525000             230400  4.2243125309497320E-01
   396   37.620000             230400  4.2235153775556222E-01
   397   37.715000             230400  4.2206701496925625E-01
   398   37.810000             230400  4.2156539218766326E-01
   399   37.905000             230400  4.2084113973583481E-01
   400   38.000000             230400  4.1989418255539007E-01
   401   38.095000             230400  4.1872969716705521E-01
   402   38.190000             230400  4.1735848992362667E-01
   403   38.285000             230400  4.1579685422430385E-01
   404   38.380000             230400  4.1406662494410584E-01
   405   38.475000             230400  4.1219616286337812E-01
   406   38.570000             230400  4.1022033330090285E-01
   407   38.665000             230400  4.0817804919323786E-01
   408   38.760000             230400  4.0610991924554335E-01
   409   38.855000             230400  4.0405758903589950E-01
   410   38.950000             230400  4.0206217794376176E-01
   411   39.045000             230400  4.0016161993424576E-01
   412   39.140000             230400  3.9839028695228340E-01
   413   39.235000             230400  3.9678028683990563E-01
   414   39.330000             230400  3.9536118965908196E-01
   415   39.425000             230400  3.9415921031005285E-01
   416   39.520000             230400  3.9319805274175063E-01
   417   39.615000             230400  3.9249914900442084E-01
   418   39.710000             230400  3.9207946337732352E-01
   419   39.805000             230400  3.9194982543033641E-01
   420   39.900000             230400  3.9211578828887195E-01
   421   39.995000             230400  3.9257935734185112E-01
   422   40.090000             230400  3.9334021282776466E-01
