! Kinetic energy for species "electrons-down"
  Iter        Time          Total Par.             Kin. Energy
     0   0.0000000             230400  4.9408426653531223E-01
     1  0.95000000E-01         230400  4.9408445395691936E-01
     2  0.19000000             230400  4.9408501374129854E-01
     3  0.28500000             230400  4.9408593826219471E-01
     4  0.38000000             230400  4.9408721448272896E-01
     5  0.47500000             230400  4.9408882402736715E-01
     6  0.57000000             230400  4.9409074359980654E-01
     7  0.66500000             230400  4.9409294548418131E-01
     8  0.76000000             230400  4.9409539798193869E-01
     9  0.85500000             230400  4.9409806582431193E-01
    10  0.95000000             230400  4.9410091060239936E-01
    11   1.0450000             230400  4.9410389121961418E-01
    12   1.1400000             230400  4.9410696443502705E-01
    13   1.2350000             230400  4.9411008560471281E-01
    14   1.3300000             230400  4.9411320956726168E-01
    15   1.4250000             230400  4.9411629138944013E-01
    16   1.5200000             230400  4.9411928678742767E-01
    17   1.6150000             230400  4.9412215246455538E-01
    18   1.7100000             230400  4.9412484674507728E-01
    19   1.8050000             230400  4.9412733044895768E-01
    20   1.9000000             230400  4.9412956759129312E-01
    21   1.9950000             230400  4.9413152581783504E-01
    22   2.0900000             230400  4.9413317686927927E-01
    23   2.1850000             230400  4.9413449702484680E-01
    24   2.2800000             230400  4.9413546723836366E-01
    25   2.3750000             230400  4.9413607326304210E-01
    26   2.4700000             230400  4.9413630617269894E-01
    27   2.5650000             230400  4.9413616278457567E-01
    28   2.6600000             230400  4.9413564538658489E-01
    29   2.7550000             230400  4.9413476128388339E-01
    30   2.8500000             230400  4.9413352291043267E-01
    31   2.9450000             230400  4.9413194814139261E-01
    32   3.0400000             230400  4.9413005997083392E-01
    33   3.1350000             230400  4.9412788562616106E-01
    34   3.2300000             230400  4.9412545596895896E-01
    35   3.3250000             230400  4.9412280553335264E-01
    36   3.4200000             230400  4.9411997257325901E-01
    37   3.5150000             230400  4.9411699840759271E-01
    38   3.6100000             230400  4.9411392619975614E-01
    39   3.7050000             230400  4.9411079996005763E-01
    40   3.8000000             230400  4.9410766429262520E-01
    41   3.8950000             230400  4.9410456451222273E-01
    42   3.9900000             230400  4.9410154618047691E-01
    43   4.0850000             230400  4.9409865367034300E-01
    44   4.1800000             230400  4.9409592853056378E-01
    45   4.2750000             230400  4.9409340873637930E-01
    46   4.3700000             230400  4.9409112910034009E-01
    47   4.4650000             230400  4.9408912206598599E-01
    48   4.5600000             230400  4.9408741756464358E-01
    49   4.6550000             230400  4.9408604136271228E-01
    50   4.7500000             230400  4.9408501320087572E-01
    51   4.8450000             230400  4.9408434658919265E-01
    52   4.9400000             230400  4.9408404999829825E-01
    53   5.0350000             230400  4.9408412736253010E-01
    54   5.1300000             230400  4.9408457721655874E-01
    55   5.2250000             230400  4.9408539207404034E-01
    56   5.3200000             230400  4.9408655913150956E-01
    57   5.4150000             230400  4.9408806126434429E-01
    58   5.5100000             230400  4.9408987709848284E-01
    59   5.6050000             230400  4.9409198050276021E-01
    60   5.7000000             230400  4.9409434054154266E-01
    61   5.7950000             230400  4.9409692223148494E-01
    62   5.8900000             230400  4.9409968756382350E-01
    63   5.9850000             230400  4.9410259607568985E-01
    64   6.0800000             230400  4.9410560501157419E-01
    65   6.1750000             230400  4.9410866984353879E-01
    66   6.2700000             230400  4.9411174537893776E-01
    67   6.3650000             230400  4.9411478665641534E-01
    68   6.4600000             230400  4.9411774899077970E-01
    69   6.5550000             230400  4.9412058767715589E-01
    70   6.6500000             230400  4.9412325852662609E-01
    71   6.7450000             230400  4.9412571972160513E-01
    72   6.8400000             230400  4.9412793391591930E-01
    73   6.9350000             230400  4.9412986886535237E-01
    74   7.0300000             230400  4.9413149635042147E-01
    75   7.1250000             230400  4.9413279107533481E-01
    76   7.2200000             230400  4.9413373111920861E-01
    77   7.3150000             230400  4.9413429961642674E-01
    78   7.4100000             230400  4.9413448600372928E-01
    79   7.5050000             230400  4.9413428578602792E-01
    80   7.6000000             230400  4.9413369947958030E-01
    81   7.6950000             230400  4.9413273218989429E-01
    82   7.7900000             230400  4.9413139416559460E-01
    83   7.8850000             230400  4.9412970109864712E-01
    84   7.9800000             230400  4.9412767327589124E-01
    85   8.0750000             230400  4.9412533450489493E-01
    86   8.1700000             230400  4.9412271207148040E-01
    87   8.2650000             230400  4.9411983724179581E-01
    88   8.3600000             230400  4.9411674495212177E-01
    89   8.4550000             230400  4.9411347282203388E-01
    90   8.5500000             230400  4.9411006087144471E-01
    91   8.6450000             230400  4.9410655193689501E-01
    92   8.7400000             230400  4.9410299087488563E-01
    93   8.8350000             230400  4.9409942178874755E-01
    94   8.9300000             230400  4.9409588560342532E-01
    95   9.0250000             230400  4.9409242039981421E-01
    96   9.1200000             230400  4.9408906323727664E-01
    97   9.2150000             230400  4.9408585027096485E-01
    98   9.3100000             230400  4.9408281470351934E-01
    99   9.4050000             230400  4.9407998484524140E-01
   100   9.5000000             230400  4.9407738363306075E-01
   101   9.5950000             230400  4.9407502922860180E-01
   102   9.6900000             230400  4.9407293598026530E-01
   103   9.7850000             230400  4.9407111455962194E-01
   104   9.8800000             230400  4.9406957011956970E-01
   105   9.9750000             230400  4.9406829958480281E-01
   106   10.070000             230400  4.9406729084994022E-01
   107   10.165000             230400  4.9406652462229550E-01
   108   10.260000             230400  4.9406597667290819E-01
   109   10.355000             230400  4.9406561854952574E-01
   110   10.450000             230400  4.9406541733759551E-01
   111   10.545000             230400  4.9406533587689694E-01
   112   10.640000             230400  4.9406533317957341E-01
   113   10.735000             230400  4.9406536351721719E-01
   114   10.830000             230400  4.9406537395286143E-01
   115   10.925000             230400  4.9406530278282684E-01
   116   11.020000             230400  4.9406508165690488E-01
   117   11.115000             230400  4.9406464026741098E-01
   118   11.210000             230400  4.9406390896826680E-01
   119   11.305000             230400  4.9406281729393464E-01
   120   11.400000             230400  4.9406129203852234E-01
   121   11.495000             230400  4.9405925878444867E-01
   122   11.590000             230400  4.9405664505479552E-01
   123   11.685000             230400  4.9405337992950998E-01
   124   11.780000             230400  4.9404938872646115E-01
   125   11.875000             230400  4.9404458737226931E-01
   126   11.970000             230400  4.9403888214697333E-01
   127   12.065000             230400  4.9403217590780313E-01
   128   12.160000             230400  4.9402437708819391E-01
   129   12.255000             230400  4.9401540657345699E-01
   130   12.350000             230400  4.9400519900319884E-01
   131   12.445000             230400  4.9399369728718973E-01
   132   12.540000             230400  4.9398084185873842E-01
   133   12.635000             230400  4.9396655907687725E-01
   134   12.730000             230400  4.9395075504527869E-01
   135   12.825000             230400  4.9393332007875740E-01
   136   12.920000             230400  4.9391414319388194E-01
   137   13.015000             230400  4.9389312725229467E-01
   138   13.110000             230400  4.9387019189632925E-01
   139   13.205000             230400  4.9384525949604963E-01
   140   13.300000             230400  4.9381823329092533E-01
   141   13.395000             230400  4.9378898325796494E-01
   142   13.490000             230400  4.9375734752685296E-01
   143   13.585000             230400  4.9372314331127898E-01
   144   13.680000             230400  4.9368617504098622E-01
   145   13.775000             230400  4.9364623373748151E-01
   146   13.870000             230400  4.9360309268293701E-01
   147   13.965000             230400  4.9355650813757312E-01
   148   14.060000             230400  4.9350622665280697E-01
   149   14.155000             230400  4.9345199108272464E-01
   150   14.250000             230400  4.9339353640516981E-01
   151   14.345000             230400  4.9333057422844134E-01
   152   14.440000             230400  4.9326277319587764E-01
   153   14.535000             230400  4.9318974561725781E-01
   154   14.630000             230400  4.9311104715001802E-01
   155   14.725000             230400  4.9302618714139435E-01
   156   14.820000             230400  4.9293463937949106E-01
   157   14.915000             230400  4.9283584421159182E-01
   158   15.010000             230400  4.9272920079817933E-01
   159   15.105000             230400  4.9261405461966923E-01
   160   15.200000             230400  4.9248968772315743E-01
   161   15.295000             230400  4.9235531854525716E-01
   162   15.390000             230400  4.9221011344837584E-01
   163   15.485000             230400  4.9205320344020698E-01
   164   15.580000             230400  4.9188369480961835E-01
   165   15.675000             230400  4.9170066760895231E-01
   166   15.770000             230400  4.9150316589298770E-01
   167   15.865000             230400  4.9129018770021360E-01
   168   15.960000             230400  4.9106067838256101E-01
   169   16.055000             230400  4.9081352774745007E-01
   170   16.150000             230400  4.9054757420320466E-01
   171   16.245000             230400  4.9026161928111289E-01
   172   16.340000             230400  4.8995444499284702E-01
   173   16.435000             230400  4.8962481694276905E-01
   174   16.530000             230400  4.8927146766310681E-01
   175   16.625000             230400  4.8889308203250714E-01
   176   16.720000             230400  4.8848831567050421E-01
   177   16.815000             230400  4.8805584667386320E-01
   178   16.910000             230400  4.8759441772579337E-01
   179   17.005000             230400  4.8710282768716739E-01
   180   17.100000             230400  4.8657989515814626E-01
   181   17.195000             230400  4.8602446360354323E-01
   182   17.290000             230400  4.8543546790494557E-01
   183   17.385000             230400  4.8481199694893029E-01
   184   17.480000             230400  4.8415329479053215E-01
   185   17.575000             230400  4.8345873522915572E-01
   186   17.670000             230400  4.8272783809558450E-01
   187   17.765000             230400  4.8196032957623430E-01
   188   17.860000             230400  4.8115618988830533E-01
   189   17.955000             230400  4.8031564514318636E-01
   190   18.050000             230400  4.7943913741231181E-01
   191   18.145000             230400  4.7852734943868380E-01
   192   18.240000             230400  4.7758129991064013E-01
   193   18.335000             230400  4.7660242967982935E-01
   194   18.430000             230400  4.7559259443118712E-01
   195   18.525000             230400  4.7455400425094890E-01
   196   18.620000             230400  4.7348924106927764E-01
   197   18.715000             230400  4.7240138004271254E-01
   198   18.810000             230400  4.7129408434104936E-01
   199   18.905000             230400  4.7017159475069725E-01
   200   19.000000             230400  4.6903869020637251E-01
   201   19.095000             230400  4.6790067597935636E-01
   202   19.190000             230400  4.6676335342660613E-01
   203   19.285000             230400  4.6563292537223860E-01
   204   19.380000             230400  4.6451586805006878E-01
   205   19.475000             230400  4.6341881262400486E-01
   206   19.570000             230400  4.6234842711995155E-01
   207   19.665000             230400  4.6131123936913554E-01
   208   19.760000             230400  4.6031330589239550E-01
   209   19.855000             230400  4.5935970357487754E-01
   210   19.950000             230400  4.5845403266257073E-01
   211   20.045000             230400  4.5759823968861318E-01
   212   20.140000             230400  4.5679281486269796E-01
   213   20.235000             230400  4.5603713268859630E-01
   214   20.330000             230400  4.5532969457680450E-01
   215   20.425000             230400  4.5466830757098575E-01
   216   20.520000             230400  4.5405036646874541E-01
   217   20.615000             230400  4.5347324078326134E-01
   218   20.710000             230400  4.5293461941640961E-01
   219   20.805000             230400  4.5243269661884467E-01
   220   20.900000             230400  4.5196629931051957E-01
   221   20.995000             230400  4.5153507710110319E-01
   222   21.090000             230400  4.5113971297858130E-01
   223   21.185000             230400  4.5078195128723264E-01
   224   21.280000             230400  4.5046436560615966E-01
   225   21.375000             230400  4.5019007789548215E-01
   226   21.470000             230400  4.4996265541562375E-01
   227   21.565000             230400  4.4978610071849101E-01
   228   21.660000             230400  4.4966473671367563E-01
   229   21.755000             230400  4.4960299899463319E-01
   230   21.850000             230400  4.4960522874953918E-01
   231   21.945000             230400  4.4967551787999743E-01
   232   22.040000             230400  4.4981760222542827E-01
   233   22.135000             230400  4.5003477205787701E-01
   234   22.230000             230400  4.5032978818889979E-01
   235   22.325000             230400  4.5070480946216657E-01
   236   22.420000             230400  4.5116127419955071E-01
   237   22.515000             230400  4.5169969777732699E-01
   238   22.610000             230400  4.5231949968474339E-01
   239   22.705000             230400  4.5301901114054755E-01
   240   22.800000             230400  4.5379563646586102E-01
   241   22.895000             230400  4.5464598703014997E-01
   242   22.990000             230400  4.5556584509407583E-01
   243   23.085000             230400  4.5655001776111170E-01
   244   23.180000             230400  4.5759226230292221E-01
   245   23.275000             230400  4.5868531764631593E-01
   246   23.370000             230400  4.5982092483930814E-01
   247   23.465000             230400  4.6098981185683119E-01
   248   23.560000             230400  4.6218170306048767E-01
   249   23.655000             230400  4.6338532836746515E-01
   250   23.750000             230400  4.6458837432472627E-01
   251   23.845000             230400  4.6577741437649695E-01
   252   23.940000             230400  4.6693800896281201E-01
   253   24.035000             230400  4.6805508758950171E-01
   254   24.130000             230400  4.6911346889001138E-01
   255   24.225000             230400  4.7009827961395118E-01
   256   24.320000             230400  4.7099525729619940E-01
   257   24.415000             230400  4.7179116697741386E-01
   258   24.510000             230400  4.7247439594944168E-01
   259   24.605000             230400  4.7303550327060551E-01
   260   24.700000             230400  4.7346752965227912E-01
   261   24.795000             230400  4.7376613715607413E-01
   262   24.890000             230400  4.7392965083022309E-01
   263   24.985000             230400  4.7395891155542424E-01
   264   25.080000             230400  4.7385694842889975E-01
   265   25.175000             230400  4.7362867309139645E-01
   266   25.270000             230400  4.7328072205147731E-01
   267   25.365000             230400  4.7282134744416443E-01
   268   25.460000             230400  4.7226018756124494E-01
   269   25.555000             230400  4.7160801898226640E-01
   270   25.650000             230400  4.7087659562332462E-01
   271   25.745000             230400  4.7007837029198207E-01
   272   25.840000             230400  4.6922599927542580E-01
   273   25.935000             230400  4.6833189871442549E-01
   274   26.030000             230400  4.6740814928989738E-01
   275   26.125000             230400  4.6646659709317451E-01
   276   26.220000             230400  4.6551859522129535E-01
   277   26.315000             230400  4.6457409127948890E-01
   278   26.410000             230400  4.6364066352657651E-01
   279   26.505000             230400  4.6272333180624070E-01
   280   26.600000             230400  4.6182520654106668E-01
   281   26.695000             230400  4.6094816224056845E-01
   282   26.790000             230400  4.6009281641064093E-01
   283   26.885000             230400  4.5925830814267804E-01
   284   26.980000             230400  4.5844282373487866E-01
   285   27.075000             230400  4.5764473242561482E-01
   286   27.170000             230400  4.5686324055508298E-01
   287   27.265000             230400  4.5609823578293573E-01
   288   27.360000             230400  4.5535017735896866E-01
   289   27.455000             230400  4.5462056200744638E-01
   290   27.550000             230400  4.5391235778530803E-01
   291   27.645000             230400  4.5322973531191152E-01
   292   27.740000             230400  4.5257742701047604E-01
   293   27.835000             230400  4.5196030902431472E-01
   294   27.930000             230400  4.5138316518931654E-01
   295   28.025000             230400  4.5085029179814257E-01
   296   28.120000             230400  4.5036488601574298E-01
   297   28.215000             230400  4.4992844272708588E-01
   298   28.310000             230400  4.4954052937779310E-01
   299   28.405000             230400  4.4919913345067947E-01
   300   28.500000             230400  4.4890119804912765E-01
   301   28.595000             230400  4.4864276950260701E-01
   302   28.690000             230400  4.4841883223570189E-01
   303   28.785000             230400  4.4822342531495785E-01
   304   28.880000             230400  4.4805011431118269E-01
   305   28.975000             230400  4.4789227667721276E-01
   306   29.070000             230400  4.4774310116344962E-01
   307   29.165000             230400  4.4759561577231144E-01
   308   29.260000             230400  4.4744261000219504E-01
   309   29.355000             230400  4.4727629863227925E-01
   310   29.450000             230400  4.4708807432207864E-01
   311   29.545000             230400  4.4686857410063430E-01
   312   29.640000             230400  4.4660803538849186E-01
   313   29.735000             230400  4.4629691479464872E-01
   314   29.830000             230400  4.4592622867647569E-01
   315   29.925000             230400  4.4548729619665417E-01
   316   30.020000             230400  4.4497181435419486E-01
   317   30.115000             230400  4.4437277642526157E-01
   318   30.210000             230400  4.4368522396964505E-01
   319   30.305000             230400  4.4290607131380344E-01
   320   30.400000             230400  4.4203347727932057E-01
   321   30.495000             230400  4.4106646680955042E-01
   322   30.590000             230400  4.4000452831591486E-01
   323   30.685000             230400  4.3884659437347828E-01
   324   30.780000             230400  4.3759014576866839E-01
   325   30.875000             230400  4.3623142510437007E-01
   326   30.970000             230400  4.3476612341167148E-01
   327   31.065000             230400  4.3318959555511277E-01
   328   31.160000             230400  4.3149691895182751E-01
   329   31.255000             230400  4.2968328871715461E-01
   330   31.350000             230400  4.2774459530975795E-01
   331   31.445000             230400  4.2567828518521778E-01
   332   31.540000             230400  4.2348467983124161E-01
   333   31.635000             230400  4.2116779666092008E-01
   334   31.730000             230400  4.1873492595728601E-01
   335   31.825000             230400  4.1619595885303573E-01
   336   31.920000             230400  4.1356350374875306E-01
   337   32.015000             230400  4.1085364559515652E-01
   338   32.110000             230400  4.0808682528858864E-01
   339   32.205000             230400  4.0528832927083813E-01
   340   32.300000             230400  4.0248820806599506E-01
   341   32.395000             230400  3.9972117300752164E-01
   342   32.490000             230400  3.9702685086069611E-01
   343   32.585000             230400  3.9444911879942302E-01
   344   32.680000             230400  3.9203330594949626E-01
   345   32.775000             230400  3.8982248337042724E-01
   346   32.870000             230400  3.8785483790380321E-01
   347   32.965000             230400  3.8616241963626985E-01
   348   33.060000             230400  3.8477068679031406E-01
   349   33.155000             230400  3.8369896619004740E-01
   350   33.250000             230400  3.8296134939402759E-01
   351   33.345000             230400  3.8256666232819325E-01
   352   33.440000             230400  3.8251767437408390E-01
   353   33.535000             230400  3.8281078263866763E-01
   354   33.630000             230400  3.8343634368042567E-01
   355   33.725000             230400  3.8437917798802956E-01
   356   33.820000             230400  3.8561916411712677E-01
   357   33.915000             230400  3.8713203470952551E-01
   358   34.010000             230400  3.8889036150399964E-01
   359   34.105000             230400  3.9086478964706173E-01
   360   34.200000             230400  3.9302514967412472E-01
   361   34.295000             230400  3.9534133665120008E-01
   362   34.390000             230400  3.9778436482971802E-01
   363   34.485000             230400  4.0032743119850950E-01
   364   34.580000             230400  4.0294664517718404E-01
   365   34.675000             230400  4.0562136053366782E-01
   366   34.770000             230400  4.0833389205916226E-01
   367   34.865000             230400  4.1106866506059236E-01
   368   34.960000             230400  4.1381175158162631E-01
   369   35.055000             230400  4.1655116294552563E-01
   370   35.150000             230400  4.1927711625797304E-01
   371   35.245000             230400  4.2198165418498246E-01
   372   35.340000             230400  4.2465758439162432E-01
   373   35.435000             230400  4.2729738002701689E-01
   374   35.530000             230400  4.2989263217277174E-01
   375   35.625000             230400  4.3243391390305563E-01
   376   35.720000             230400  4.3491060337357051E-01
   377   35.815000             230400  4.3731026768261594E-01
   378   35.910000             230400  4.3961782906645785E-01
   379   36.005000             230400  4.4181504371639502E-01
   380   36.100000             230400  4.4388024480346105E-01
   381   36.195000             230400  4.4578852443213685E-01
   382   36.290000             230400  4.4751311318108272E-01
   383   36.385000             230400  4.4902813506420503E-01
   384   36.480000             230400  4.5031165733113332E-01
   385   36.575000             230400  4.5134799295470879E-01
   386   36.670000             230400  4.5212968466704906E-01
   387   36.765000             230400  4.5265905409345791E-01
   388   36.860000             230400  4.5294795544414956E-01
   389   36.955000             230400  4.5301672382605440E-01
   390   37.050000             230400  4.5289429949410864E-01
   391   37.145000             230400  4.5261800474047786E-01
   392   37.240000             230400  4.5223115962927468E-01
   393   37.335000             230400  4.5177976346051885E-01
   394   37.430000             230400  4.5130915151853568E-01
   395   37.525000             230400  4.5086011125975822E-01
   396   37.620000             230400  4.5046652849874902E-01
   397   37.715000             230400  4.5015713775463251E-01
   398   37.810000             230400  4.4995919472341805E-01
   399   37.905000             230400  4.4990057673009731E-01
   400   38.000000             230400  4.5000941574863257E-01
   401   38.095000             230400  4.5031165643592752E-01
   402   38.190000             230400  4.5082683658090839E-01
   403   38.285000             230400  4.5156311965794244E-01
   404   38.380000             230400  4.5251427295091007E-01
   405   38.475000             230400  4.5365950589348147E-01
   406   38.570000             230400  4.5496375284093693E-01
   407   38.665000             230400  4.5637722980547002E-01
   408   38.760000             230400  4.5783612911572513E-01
   409   38.855000             230400  4.5926607992381896E-01
   410   38.950000             230400  4.6058815652327534E-01
   411   39.045000             230400  4.6172601486932519E-01
   412   39.140000             230400  4.6261163584981790E-01
   413   39.235000             230400  4.6318744898845798E-01
   414   39.330000             230400  4.6340566518373544E-01
   415   39.425000             230400  4.6322777660690750E-01
   416   39.520000             230400  4.6262524110887804E-01
   417   39.615000             230400  4.6158029381730953E-01
   418   39.710000             230400  4.6008653571514668E-01
   419   39.805000             230400  4.5814874311937975E-01
   420   39.900000             230400  4.5578195063318583E-01
   421   39.995000             230400  4.5301191907905858E-01
   422   40.090000             230400  4.4987724249143535E-01
