! EM field energy per field component
  Iter        Time                          B1                      B2                      B3                      E1                      E2                      E3
     0   0.0000000      0.0000000000000000E+00  0.0000000000000000E+00  0.0000000000000000E+00  0.0000000000000000E+00  0.0000000000000000E+00  0.0000000000000000E+00
     1  0.95000000E-01  0.0000000000000000E+00  2.0125725159122267E-10  1.6121170569631981E-10  2.2914978573742059E-09  1.7230662563136682E-09  2.2781540750049566E-09
     2  0.19000000      0.0000000000000000E+00  2.2353490882241752E-09  1.8077243403959289E-09  9.0298411180008227E-09  4.8177808359163345E-09  6.3386015395566678E-09
     3  0.28500000      0.0000000000000000E+00  6.5658260637841442E-09  5.4883637772305172E-09  1.9819714897094735E-08  7.1961915188484925E-09  9.4086227911106115E-09
     4  0.38000000      0.0000000000000000E+00  1.0946446947105960E-08  9.6769476817874494E-09  3.4032516540071234E-08  9.1937693517994582E-09  1.2041017887653817E-08
     5  0.47500000      0.0000000000000000E+00  1.4090317396895485E-08  1.3055389539621609E-08  5.0844847483796451E-08  1.1529082444871855E-08  1.4593807605320983E-08
     6  0.57000000      0.0000000000000000E+00  1.6775102106767867E-08  1.5732419529184521E-08  6.9288810864895368E-08  1.4085347210946799E-08  1.6221440618210810E-08
     7  0.66500000      0.0000000000000000E+00  2.0192247040437931E-08  1.8497204170058489E-08  8.8310901798092800E-08  1.6267923140007700E-08  1.6154359335671959E-08
     8  0.76000000      0.0000000000000000E+00  2.4290223895908786E-08  2.1524102359115272E-08  1.0683581719673881E-07  1.8258840092731046E-08  1.4922576790137560E-08
     9  0.85500000      0.0000000000000000E+00  2.7822527830372946E-08  2.5080316997855202E-08  1.2383127866002429E-07  1.9853109090083037E-08  1.4032609659876782E-08
    10  0.95000000      0.0000000000000000E+00  2.9806624197671420E-08  2.9411563174690002E-08  1.3836978766515058E-07  2.0487259811353885E-08  1.4291033050745073E-08
    11   1.0450000      0.0000000000000000E+00  3.0241925993070162E-08  3.3722602473484578E-08  1.4968367568715338E-07  2.0721270548739115E-08  1.5235397399907245E-08
    12   1.1400000      0.0000000000000000E+00  2.9698391477812709E-08  3.7453274589768738E-08  1.5720990106415811E-07  2.1204872230796317E-08  1.5713121286201096E-08
    13   1.2350000      0.0000000000000000E+00  2.8054588372694698E-08  4.1493195571411707E-08  1.6062181111807644E-07  2.1633431443903535E-08  1.5566857053498869E-08
    14   1.3300000      0.0000000000000000E+00  2.4820307847460350E-08  4.7226762874146935E-08  1.5984620475921759E-07  2.1419830085165025E-08  1.5513025999620588E-08
    15   1.4250000      0.0000000000000000E+00  2.1035653099108045E-08  5.5161435812344992E-08  1.5506449751791903E-07  2.0063459426307020E-08  1.4894521024830873E-08
    16   1.5200000      0.0000000000000000E+00  1.8398061093211145E-08  6.4018907547405437E-08  1.4669812751891956E-07  1.7971708892171571E-08  1.2576276067313068E-08
    17   1.6150000      0.0000000000000000E+00  1.6820382753229912E-08  7.1880733732121484E-08  1.3537927366204338E-07  1.6167244267282375E-08  9.6581668563982774E-09
    18   1.7100000      0.0000000000000000E+00  1.5546548939526085E-08  7.8152738323037959E-08  1.2190883747782092E-07  1.5151052209023764E-08  7.8066269118024249E-09
    19   1.8050000      0.0000000000000000E+00  1.5062823421404477E-08  8.3857047141702755E-08  1.0720430410589525E-07  1.4630725664477841E-08  6.7560607010368400E-09
    20   1.9000000      0.0000000000000000E+00  1.5754403082484988E-08  9.0488700528116831E-08  9.2240978568373572E-08  1.3838546410970144E-08  6.0343668250412552E-09
    21   1.9950000      0.0000000000000000E+00  1.7058093108249404E-08  9.8421986772199567E-08  7.7990118639406289E-08  1.2901735277335602E-08  5.9338125176122347E-09
    22   2.0900000      0.0000000000000000E+00  1.8251718201485748E-08  1.0738939125354065E-07  6.5358139409969250E-08  1.2426931982372180E-08  6.6047745055795056E-09
    23   2.1850000      0.0000000000000000E+00  1.8746401561476740E-08  1.1781918428645361E-07  5.5130601361647997E-08  1.2151908460959152E-08  8.0791077572576508E-09
    24   2.2800000      0.0000000000000000E+00  1.8596074806848328E-08  1.3031031323982854E-07  4.7924465133806316E-08  1.1473744001480278E-08  9.9978939960593386E-09
    25   2.3750000      0.0000000000000000E+00  1.8774059918092919E-08  1.4442018420516903E-07  4.4151557235151518E-08  1.0766122178748107E-08  1.1339064654249157E-08
    26   2.4700000      0.0000000000000000E+00  1.9872966622823218E-08  1.5949626504293430E-07  4.3995378745051278E-08  1.0513097369163785E-08  1.1784853100107304E-08
    27   2.5650000      0.0000000000000000E+00  2.1288001814607847E-08  1.7587824096565640E-07  4.7402688882825513E-08  1.0194823265408724E-08  1.2311799813754752E-08
    28   2.6600000      0.0000000000000000E+00  2.2532721790408786E-08  1.9404005597693032E-07  5.4090140077415511E-08  9.8315319378831677E-09  1.3332438014637231E-08
    29   2.7550000      0.0000000000000000E+00  2.4064503168647226E-08  2.1434615174957251E-07  6.3565495099458922E-08  1.0107156197469715E-08  1.3549463000224791E-08
    30   2.8500000      0.0000000000000000E+00  2.5166425766901574E-08  2.3731689932583447E-07  7.5161849776466503E-08  1.0908835019841157E-08  1.2876842855650840E-08
    31   2.9450000      0.0000000000000000E+00  2.3880326164197275E-08  2.6237500377011492E-07  8.8082759476017781E-08  1.1368720708605894E-08  1.3121200416636059E-08
    32   3.0400000      0.0000000000000000E+00  2.0167532811108078E-08  2.8660345261227111E-07  1.0145502306067569E-07  1.1484209681026655E-08  1.4493853947652416E-08
    33   3.1350000      0.0000000000000000E+00  1.5892643340866411E-08  3.0686991351621046E-07  1.1438578232854010E-07  1.2397502566155040E-08  1.5692424498300799E-08
    34   3.2300000      0.0000000000000000E+00  1.2544468458597136E-08  3.2430746057762599E-07  1.2602023634236113E-07  1.4236277506353472E-08  1.6118696142834818E-08
    35   3.3250000      0.0000000000000000E+00  1.0715307821088871E-08  3.4448257349839211E-07  1.3559627275094569E-07  1.6213155591792669E-08  1.5731583491573563E-08
    36   3.4200000      0.0000000000000000E+00  1.0260904958932424E-08  3.7309688822706710E-07  1.4249247713347925E-07  1.8247152112083899E-08  1.4671240626951192E-08
    37   3.5150000      0.0000000000000000E+00  1.0590291412318620E-08  4.1281433509434899E-07  1.4626659897041104E-07  2.0094872256433247E-08  1.3193450208095353E-08
    38   3.6100000      0.0000000000000000E+00  1.1367096335496730E-08  4.6198850377094032E-07  1.4668226663729780E-07  2.1495486741001523E-08  1.1322246129547654E-08
    39   3.7050000      0.0000000000000000E+00  1.2757337420243285E-08  5.1636714599887046E-07  1.4372209768263640E-07  2.2472659808348727E-08  8.7239423648197661E-09
    40   3.8000000      0.0000000000000000E+00  1.4062926121686190E-08  5.7242597381894089E-07  1.3758650330426164E-07  2.2649565153611213E-08  6.3692515152744754E-09
    41   3.8950000      0.0000000000000000E+00  1.4003642020932076E-08  6.2847519962841091E-07  1.2867861721816059E-07  2.1651866497924422E-08  6.1185166296944736E-09
    42   3.9900000      0.0000000000000000E+00  1.3195391849354116E-08  6.8397568779178981E-07  1.1757639786233890E-07  1.9749556802891181E-08  7.4237978823229387E-09
    43   4.0850000      0.0000000000000000E+00  1.3102154587966041E-08  7.3922923248025360E-07  1.0499358083088174E-07  1.7990575212764160E-08  8.5607780717912470E-09
    44   4.1800000      0.0000000000000000E+00  1.3591750836867483E-08  7.9635309872539173E-07  9.1732238700727746E-08  1.6963159061572237E-08  9.6939528127439536E-09
    45   4.2750000      0.0000000000000000E+00  1.4108263650737043E-08  8.5872552984302584E-07  7.8630219392251068E-08  1.6443352316321840E-08  1.1416870098481863E-08
    46   4.3700000      0.0000000000000000E+00  1.5086701116404527E-08  9.2845588288504782E-07  6.6506928846629301E-08  1.6682369388986800E-08  1.3065567500721929E-08
    47   4.4650000      0.0000000000000000E+00  1.7032506717299127E-08  1.0064091992538884E-06  5.6110897688366222E-08  1.7816247607282407E-08  1.3721994123544767E-08
    48   4.5600000      0.0000000000000000E+00  1.9456429252682270E-08  1.0941244636575472E-06  4.8072524237801135E-08  1.9246274806626353E-08  1.3460482458643550E-08
    49   4.6550000      0.0000000000000000E+00  2.1444791367087500E-08  1.1936736665620674E-06  4.2864892672380748E-08  2.1229176953053048E-08  1.2821576607757892E-08
    50   4.7500000      0.0000000000000000E+00  2.2382011391420485E-08  1.3062414610661976E-06  4.0775160442215934E-08  2.4634297088287680E-08  1.2239870725904307E-08
    51   4.8450000      0.0000000000000000E+00  2.2147088642741969E-08  1.4310016223962631E-06  4.1888283840224217E-08  2.9113545761505803E-08  1.2065974026357900E-08
    52   4.9400000      0.0000000000000000E+00  2.1597762419205936E-08  1.5653273718013873E-06  4.6084095365055515E-08  3.2980800784411760E-08  1.1811762258885134E-08
    53   5.0350000      0.0000000000000000E+00  2.1509752483860450E-08  1.7062708947939485E-06  5.3047680813441464E-08  3.5683086894810188E-08  1.1110196911520779E-08
    54   5.1300000      0.0000000000000000E+00  2.1236627017156947E-08  1.8529634102270528E-06  6.2292153547183283E-08  3.8857914416460102E-08  1.1146055333984671E-08
    55   5.2250000      0.0000000000000000E+00  2.0463184866429166E-08  2.0084087345944975E-06  7.3192312730205178E-08  4.3735898185963386E-08  1.2273158939827446E-08
    56   5.3200000      0.0000000000000000E+00  2.0126328815235489E-08  2.1776776681151963E-06  8.5026874473095711E-08  4.9634695021358716E-08  1.2830471735398949E-08
    57   5.4150000      0.0000000000000000E+00  2.0159282280884046E-08  2.3640267503076343E-06  9.7026490189190872E-08  5.5391976630448988E-08  1.2241944703583537E-08
    58   5.5100000      0.0000000000000000E+00  1.9388002230234585E-08  2.5675836205651676E-06  1.0842425845223179E-07  6.0536969104085011E-08  1.1573288317026527E-08
    59   5.6050000      0.0000000000000000E+00  1.7822900244558818E-08  2.7874668402028767E-06  1.1850552578015719E-07  6.5042101049342637E-08  1.1104673182931911E-08
    60   5.7000000      0.0000000000000000E+00  1.6714184502834984E-08  3.0245559578306645E-06  1.2665356455998036E-07  6.9699087307510473E-08  1.0252924115636503E-08
    61   5.7950000      0.0000000000000000E+00  1.6788829011604329E-08  3.2841558844369876E-06  1.3238835990191921E-07  7.5113169676640779E-08  9.1885541579491012E-09
    62   5.8900000      0.0000000000000000E+00  1.7644334001338547E-08  3.5755858025308619E-06  1.3539589805079046E-07  8.0805907879928209E-08  8.8625620590145679E-09
    63   5.9850000      0.0000000000000000E+00  1.8320553178007027E-08  3.9075619116649057E-06  1.3554624342643156E-07  8.6105666192115605E-08  1.0173903532630849E-08
    64   6.0800000      0.0000000000000000E+00  1.8606140034695720E-08  4.2836335033886179E-06  1.3289946100936303E-07  9.0209485113721608E-08  1.2622745624733190E-08
    65   6.1750000      0.0000000000000000E+00  1.9181003753783556E-08  4.6996947745861866E-06  1.2769887312430508E-07  9.2357828081449613E-08  1.4610374862295023E-08
    66   6.2700000      0.0000000000000000E+00  2.0422837411079490E-08  5.1443313140287804E-06  1.2035238010727092E-07  9.2830118503644489E-08  1.5160705469402807E-08
    67   6.3650000      0.0000000000000000E+00  2.1571405864420745E-08  5.6036408332914202E-06  1.1140303510395757E-07  9.3061885981274973E-08  1.4939051760863722E-08
    68   6.4600000      0.0000000000000000E+00  2.1877335521360223E-08  6.0700737007620912E-06  1.0149096230625968E-07  9.4385930190443016E-08  1.4956808678121450E-08
    69   6.5550000      0.0000000000000000E+00  2.2836757620316310E-08  6.5505259033333429E-06  9.1309354843102887E-08  9.6693589200694978E-08  1.3599609099120329E-08
    70   6.6500000      0.0000000000000000E+00  2.5427428823153008E-08  7.0656241249379209E-06  8.1557775254194004E-08  1.0000758415718225E-07  9.7154479298490144E-09
    71   6.7450000      0.0000000000000000E+00  2.6753275726597984E-08  7.6397313648569082E-06  7.2895613827716393E-08  1.0703732992762630E-07  6.9777834853520452E-09
    72   6.8400000      0.0000000000000000E+00  2.5058484399889698E-08  8.2919612422139565E-06  6.5898868620789267E-08  1.1881994895335559E-07  7.6241317241074510E-09
    73   6.9350000      0.0000000000000000E+00  2.2203386172259295E-08  9.0297576346474167E-06  6.1022968576941781E-08  1.3289678574481398E-07  9.5454406538837415E-09
    74   7.0300000      0.0000000000000000E+00  1.9685732497686383E-08  9.8479123924695792E-06  5.8573860844327875E-08  1.4703488933902257E-07  1.1123185233657194E-08
    75   7.1250000      0.0000000000000000E+00  1.7377331831184812E-08  1.0736988600518263E-05  5.8689367757552689E-08  1.6067776213478929E-07  1.2289565164780951E-08
    76   7.2200000      0.0000000000000000E+00  1.4764353226772322E-08  1.1694177496390673E-05  6.1332057131198010E-08  1.7444967079697706E-07  1.3192256456988091E-08
    77   7.3150000      0.0000000000000000E+00  1.2059720674387946E-08  1.2728424027344066E-05  6.6294070005841325E-08  1.8851771894598331E-07  1.3294023067003930E-08
    78   7.4100000      0.0000000000000000E+00  1.0082483117743865E-08  1.3855007171314561E-05  7.3213268673900804E-08  2.0327719803012039E-07  1.1870568611288189E-08
    79   7.5050000      0.0000000000000000E+00  9.1682604016774314E-09  1.5086021986148946E-05  8.1599454706931442E-08  2.1931076293868171E-07  9.3892848602121944E-09
    80   7.6000000      0.0000000000000000E+00  8.9079960583274281E-09  1.6425459516831842E-05  9.0868974792470436E-08  2.3615143165999307E-07  7.3795213716192018E-09
    81   7.6950000      0.0000000000000000E+00  8.7349058947451167E-09  1.7871636305861058E-05  1.0038531208918417E-07  2.5369763323696672E-07  7.2307245390590907E-09
    82   7.7900000      0.0000000000000000E+00  8.8422819565090830E-09  1.9426259106702945E-05  1.0950283810379049E-07  2.7315392478453661E-07  8.7341068021588090E-09
    83   7.8850000      0.0000000000000000E+00  9.7333918741608921E-09  2.1102309153436384E-05  1.1761071011324759E-07  2.9586867219031540E-07  1.0579428098749300E-08
    84   7.9800000      0.0000000000000000E+00  1.0641663638447928E-08  2.2923082500829296E-05  1.2417399839756630E-07  3.2260256511354136E-07  1.2754658282135032E-08
    85   8.0750000      0.0000000000000000E+00  1.0707265851220638E-08  2.4915463860274425E-05  1.2876932782649682E-07  3.5293539104628060E-07  1.5615879866573051E-08
    86   8.1700000      0.0000000000000000E+00  1.0971257065666651E-08  2.7103573971561971E-05  1.3111258444105754E-07  3.8565724461382935E-07  1.7666296136065529E-08
    87   8.2650000      0.0000000000000000E+00  1.2677426445033539E-08  2.9505510305469393E-05  1.3107698664201779E-07  4.2012152362087097E-07  1.7542008486401472E-08
    88   8.3600000      0.0000000000000000E+00  1.5281491066354702E-08  3.2132845616532821E-05  1.2870043472088427E-07  4.5636550969628402E-07  1.6239169352082749E-08
    89   8.4550000      0.0000000000000000E+00  1.8056370369559312E-08  3.4991453558236363E-05  1.2418156823976510E-07  4.9495778075144959E-07  1.4828770826367082E-08
    90   8.5500000      0.0000000000000000E+00  2.0969081352800360E-08  3.8085724646708503E-05  1.1786483185294255E-07  5.3612593429263897E-07  1.3345780277255917E-08
    91   8.6450000      0.0000000000000000E+00  2.3815891697520877E-08  4.1425326027059805E-05  1.1021569237102515E-07  5.8042928993956646E-07  1.1849200998775280E-08
    92   8.7400000      0.0000000000000000E+00  2.6225933321356523E-08  4.5031955238062556E-05  1.0178780732339319E-07  6.2983908063376729E-07  1.0395201401992654E-08
    93   8.8350000      0.0000000000000000E+00  2.7719987735081809E-08  4.8943280416066814E-05  9.3184084980139764E-08  6.8644536155586518E-07  9.1827455508504783E-09
    94   8.9300000      0.0000000000000000E+00  2.7749795616701377E-08  5.3210410763100658E-05  8.5014786963670802E-08  7.5069217268745072E-07  8.8024369859216130E-09
    95   9.0250000      0.0000000000000000E+00  2.6671905124596848E-08  5.7888731279873392E-05  7.7855420374126770E-08  8.2200801326635182E-07  9.0535707832293548E-09
    96   9.1200000      0.0000000000000000E+00  2.5706808277242322E-08  6.3028385788112292E-05  7.2207107628756392E-08  8.9990746237319596E-07  8.7833036406079183E-09
    97   9.2150000      0.0000000000000000E+00  2.5172223797041913E-08  6.8670487520679471E-05  6.8462266033856946E-08  9.8281137779307464E-07  7.8099889898257429E-09
    98   9.3100000      0.0000000000000000E+00  2.4038299598707404E-08  7.4846543357092035E-05  6.6877698024246028E-08  1.0684853016172252E-06  7.5871617156912049E-09
    99   9.4050000      0.0000000000000000E+00  2.2398099983492418E-08  8.1578030483449814E-05  6.7557083500878597E-08  1.1562184228124056E-06  8.2976589633226873E-09
   100   9.5000000      0.0000000000000000E+00  2.1700946322425758E-08  8.8877326869891678E-05  7.0444137862400467E-08  1.2472516394623355E-06  8.4500544588082555E-09
   101   9.5950000      0.0000000000000000E+00  2.1824245249363419E-08  9.6753445550683235E-05  7.5326665789084312E-08  1.3439106460777344E-06  8.2991351131317309E-09
   102   9.6900000      0.0000000000000000E+00  2.1369019195957215E-08  1.0522614049577484E-04  8.1851302417654814E-08  1.4496663975423067E-06  9.2370054178154425E-09
   103   9.7850000      0.0000000000000000E+00  1.9793822156291768E-08  1.1434650233351080E-04  8.9548000397134523E-08  1.5703040202485406E-06  1.1319639218325242E-08
   104   9.8800000      0.0000000000000000E+00  1.7346867365011915E-08  1.2421417247526160E-04  9.7862531855443773E-08  1.7118573889168002E-06  1.3819645417752409E-08
   105   9.9750000      0.0000000000000000E+00  1.4634796744049369E-08  1.3497411137674710E-04  1.0619476416189234E-07  1.8770022164964917E-06  1.5995887946407329E-08
   106   10.070000      0.0000000000000000E+00  1.2511097832160915E-08  1.4678633888038251E-04  1.1394012680268044E-07  2.0650238835789632E-06  1.7275200102766678E-08
   107   10.165000      0.0000000000000000E+00  1.1550845375431451E-08  1.5978737198582132E-04  1.2053158584419450E-07  2.2724353089451581E-06  1.7653497066138978E-08
   108   10.260000      0.0000000000000000E+00  1.1804648887936720E-08  1.7406842834021891E-04  1.2547913404299991E-07  2.4943575400462335E-06  1.7624562014205418E-08
   109   10.355000      0.0000000000000000E+00  1.3633131523534891E-08  1.8968347602217776E-04  1.2840431927514651E-07  2.7274263170606018E-06  1.6775667632619246E-08
   110   10.450000      0.0000000000000000E+00  1.7196551593570995E-08  2.0668100739847279E-04  1.2906733697003820E-07  2.9707339459592940E-06  1.4215342787103255E-08
   111   10.545000      0.0000000000000000E+00  2.0566343644461680E-08  2.2513607768126568E-04  1.2738469672830538E-07  3.2254787266831575E-06  1.1348195826549718E-08
   112   10.640000      0.0000000000000000E+00  2.1656601714143995E-08  2.4516326438864142E-04  1.2343624611861454E-07  3.4942634973963849E-06  1.0065742788545643E-08
   113   10.735000      0.0000000000000000E+00  2.0932190558432913E-08  2.6690898557048037E-04  1.1746132767493106E-07  3.7811255213052722E-06  9.7675723554440912E-09
   114   10.830000      0.0000000000000000E+00  1.9763876892111231E-08  2.9053725281521088E-04  1.0984443698824498E-07  4.0909476852947346E-06  9.3666561810883881E-09
   115   10.925000      0.0000000000000000E+00  1.8527162942311054E-08  3.1622199148705955E-04  1.0109080985922952E-07  4.4278919795165294E-06  9.1044615573558036E-09
   116   11.020000      0.0000000000000000E+00  1.7233479449705720E-08  3.4414722068322332E-04  9.1793674921833662E-08  4.7961168595502580E-06  9.3586355458372649E-09
   117   11.115000      0.0000000000000000E+00  1.6263880354235151E-08  3.7451288441419403E-04  8.2595496225914532E-08  5.2005784574430557E-06  9.6683042917699569E-09
   118   11.210000      0.0000000000000000E+00  1.5855075005943957E-08  4.0754317784076659E-04  7.4145739745498208E-08  5.6454287900340819E-06  9.4828488553516983E-09
   119   11.305000      0.0000000000000000E+00  1.5742639520187677E-08  4.4349148629427748E-04  6.7058225026974862E-08  6.1340168505467293E-06  8.8011763545200851E-09
   120   11.400000      0.0000000000000000E+00  1.5479208839514245E-08  4.8263967821231941E-04  6.1870549668021445E-08  6.6702475608247914E-06  7.8884794255058146E-09
   121   11.495000      0.0000000000000000E+00  1.4338417314597724E-08  5.2529172893371612E-04  5.9008219208145458E-08  7.2581268263955920E-06  7.6531847286000063E-09
   122   11.590000      0.0000000000000000E+00  1.2293943043611859E-08  5.7176261187576345E-04  5.8755991604872151E-08  7.8998546740722274E-06  8.5947419658826848E-09
   123   11.685000      0.0000000000000000E+00  1.0812514843036650E-08  6.2236861178072394E-04  6.1238321204518311E-08  8.5961489330795213E-06  9.6297443910164749E-09
   124   11.780000      0.0000000000000000E+00  1.0700061385660326E-08  6.7743010336204204E-04  6.6410250661261685E-08  9.3500387382948903E-06  1.0423730301523584E-08
   125   11.875000      0.0000000000000000E+00  1.1153814272561101E-08  7.3729256036493020E-04  7.4059652359807762E-08  1.0168427445396518E-05  1.2269420599006775E-08
   126   11.970000      0.0000000000000000E+00  1.2125149086523056E-08  8.0235302030369601E-04  8.3820904115855528E-08  1.1060011831192312E-05  1.4963945129139722E-08
   127   12.065000      0.0000000000000000E+00  1.4423717728829757E-08  8.7307257071393913E-04  9.5198868281932880E-08  1.2033434994770630E-05  1.6821357139177337E-08
   128   12.160000      0.0000000000000000E+00  1.7673420779586043E-08  9.4997160462425645E-04  1.0760127853983680E-07  1.3097020082386915E-05  1.7403772617865922E-08
   129   12.255000      0.0000000000000000E+00  2.0609065649583049E-08  1.0336202840697788E-03  1.2037777554023319E-07  1.4258025658863236E-05  1.7388586239804121E-08
   130   12.350000      0.0000000000000000E+00  2.2731591269749414E-08  1.1246326303756529E-03  1.3286247984370467E-07  1.5523008215477395E-05  1.6831807521263331E-08
   131   12.445000      0.0000000000000000E+00  2.4421105440429281E-08  1.2236658653196535E-03  1.4441818715764192E-07  1.6898331080669943E-05  1.5299969768625828E-08
   132   12.540000      0.0000000000000000E+00  2.6180774912932599E-08  1.3314250541492532E-03  1.5447912739415630E-07  1.8389084534835406E-05  1.2691546816960670E-08
   133   12.635000      0.0000000000000000E+00  2.7788985979771461E-08  1.4486714424914397E-03  1.6258930225861185E-07  1.9999177480856952E-05  1.0022602652631504E-08
   134   12.730000      0.0000000000000000E+00  2.8537252528467611E-08  1.5762294435641049E-03  1.6843369015769464E-07  2.1731476794312232E-05  8.7486623735950377E-09
   135   12.825000      0.0000000000000000E+00  2.8320209900367474E-08  1.7149778559550162E-03  1.7186022345374358E-07  2.3587495743768071E-05  9.0499163824304900E-09
   136   12.920000      0.0000000000000000E+00  2.7784188581039409E-08  1.8658172386915432E-03  1.7289165081686202E-07  2.5569223657221634E-05  9.5305500950630519E-09
   137   13.015000      0.0000000000000000E+00  2.6964091638287205E-08  2.0296359541943339E-03  1.7172696904539766E-07  2.7683602898252615E-05  8.9871990157021465E-09
   138   13.110000      0.0000000000000000E+00  2.3928966574420989E-08  2.2073188438609791E-03  1.6873088377409833E-07  2.9947088006787425E-05  8.8868215887447005E-09
   139   13.205000      0.0000000000000000E+00  1.8046958848184349E-08  2.3998206910849636E-03  1.6441184654324956E-07  3.2385631897125339E-05  1.0267870623050843E-08
   140   13.300000      0.0000000000000000E+00  1.2814247641865762E-08  2.6082697426668047E-03  1.5939173486489744E-07  3.5030682525316133E-05  1.0164810028814497E-08
   141   13.395000      0.0000000000000000E+00  1.0454351184705533E-08  2.8340324518843045E-03  1.5436917077130995E-07  3.7917941778983917E-05  7.7638187731295931E-09
   142   13.490000      0.0000000000000000E+00  9.5138368801572533E-09  3.0787055748304273E-03  1.5007785485221020E-07  4.1082646830870011E-05  6.4090985546453658E-09
   143   13.585000      0.0000000000000000E+00  9.1549054941795035E-09  3.3440545085489676E-03  1.4724248399941187E-07  4.4550630689506722E-05  7.5448454458125523E-09
   144   13.680000      0.0000000000000000E+00  9.7925595768476322E-09  3.6319424257119969E-03  1.4653473275359668E-07  4.8335898389057961E-05  1.0198371298922992E-08
   145   13.775000      0.0000000000000000E+00  1.1548169934696843E-08  3.9442887576794710E-03  1.4853698464960613E-07  5.2442445193436786E-05  1.3066486892495441E-08
   146   13.870000      0.0000000000000000E+00  1.3731515698589544E-08  4.2830566548072626E-03  1.5370999147748331E-07  5.6868030458673132E-05  1.5621692543652192E-08
   147   13.965000      0.0000000000000000E+00  1.5577603275191242E-08  4.6502475160272666E-03  1.6236360875155216E-07  6.1606538551705299E-05  1.7772578111100651E-08
   148   14.060000      0.0000000000000000E+00  1.7324297961855948E-08  5.0478902378968847E-03  1.7464336214020407E-07  6.6652001534811976E-05  1.8811919396530071E-08
   149   14.155000      0.0000000000000000E+00  1.9852920852185512E-08  5.4780408485290361E-03  1.9053165985565096E-07  7.2004695336504491E-05  1.7819310054368499E-08
   150   14.250000      0.0000000000000000E+00  2.3477385993172600E-08  5.9428180286004717E-03  2.0985325611999457E-07  7.7673457332399435E-05  1.4794926673087653E-08
   151   14.345000      0.0000000000000000E+00  2.7157229299711507E-08  6.4444713567322620E-03  2.3229392541574237E-07  8.3675169900618992E-05  1.1271053593632844E-08
   152   14.440000      0.0000000000000000E+00  2.9377067503162353E-08  6.9854504364865073E-03  2.5742214904291921E-07  9.0033027419638090E-05  9.1614478322857863E-09
   153   14.535000      0.0000000000000000E+00  3.0014794694913779E-08  7.5684382080064630E-03  2.8472825035242170E-07  9.6772501426560702E-05  8.3697323493949452E-09
   154   14.630000      0.0000000000000000E+00  2.9399907017811451E-08  8.1963302119780288E-03  3.1368059565565049E-07  1.0391812657088132E-04  8.0399836354921075E-09
   155   14.725000      0.0000000000000000E+00  2.6718752330917812E-08  8.8721722975944779E-03  3.4377464283198299E-07  1.1149058622426542E-04  8.7983181632990096E-09
   156   14.820000      0.0000000000000000E+00  2.1782750888459771E-08  9.5990879443313276E-03  3.7458966758682874E-07  1.1950398727171319E-04  1.0863710701418520E-08
   157   14.915000      0.0000000000000000E+00  1.6398981030737682E-08  1.0380224965815683E-02  4.0583895622788115E-07  1.2796578614235359E-04  1.2448970888651580E-08
   158   15.010000      0.0000000000000000E+00  1.2114378092574406E-08  1.1218739516173956E-02  4.3742307748407928E-07  1.3687950946158822E-04  1.2486344674849796E-08
   159   15.105000      0.0000000000000000E+00  9.1601288198497724E-09  1.2117812915741467E-02  4.6943301701719850E-07  1.4624905360951284E-04  1.1593857695544572E-08
   160   15.200000      0.0000000000000000E+00  7.5280020795267441E-09  1.3080677085174776E-02  5.0215713234831738E-07  1.5608027647435815E-04  1.0451955752183778E-08
   161   15.295000      0.0000000000000000E+00  7.0601297015649149E-09  1.4110617727333997E-02  5.3611628706699336E-07  1.6637804582797660E-04  9.6177310640446996E-09
   162   15.390000      0.0000000000000000E+00  7.4951068294804718E-09  1.5210936936954238E-02  5.7204900728022866E-07  1.7714241903104994E-04  9.3468700218937329E-09
   163   15.485000      0.0000000000000000E+00  8.6508682014890113E-09  1.6384886139459941E-02  6.1086362100964189E-07  1.8836527486216576E-04  9.3525399900349519E-09
   164   15.580000      0.0000000000000000E+00  9.8118528969388642E-09  1.7635604287104457E-02  6.5352455595847167E-07  2.0002909412467656E-04  9.8419976670150868E-09
   165   15.675000      0.0000000000000000E+00  1.0065857811777788E-08  1.8966098380052462E-02  7.0097548108652467E-07  2.1210835208367281E-04  1.1510908511438073E-08
   166   15.770000      0.0000000000000000E+00  9.9178610468634811E-09  2.0379280621123291E-02  7.5422832643958910E-07  2.2457269531585427E-04  1.3819423282546137E-08
   167   15.865000      0.0000000000000000E+00  1.1124116458711296E-08  2.1878023467900378E-02  8.1437019637929540E-07  2.3738360653473888E-04  1.4985157933422147E-08
   168   15.960000      0.0000000000000000E+00  1.4024383273987097E-08  2.3465133721321165E-02  8.8244249281280995E-07  2.5048605639370959E-04  1.4836143361432610E-08
   169   16.055000      0.0000000000000000E+00  1.7306500156235915E-08  2.5143176920144464E-02  9.5925573682551028E-07  2.6380786669874344E-04  1.4857436743457585E-08
   170   16.150000      0.0000000000000000E+00  2.0705267052340622E-08  2.6914208678047832E-02  1.0451870195666489E-06  2.7727300490627545E-04  1.4758733976729128E-08
   171   16.245000      0.0000000000000000E+00  2.4462830611275247E-08  2.8779569431394647E-02  1.1402446511283579E-06  2.9081962352548504E-04  1.3422579339746150E-08
   172   16.340000      0.0000000000000000E+00  2.7591887413819416E-08  3.0739875826174337E-02  1.2441496898270267E-06  3.0441292762335763E-04  1.1372804806372581E-08
   173   16.435000      0.0000000000000000E+00  2.8966545236374253E-08  3.2795223016848174E-02  1.3565362021248460E-06  3.1804560164480958E-04  9.6783763303094824E-09
   174   16.530000      0.0000000000000000E+00  2.8397344099554988E-08  3.4945510962238031E-02  1.4766912753455464E-06  3.3172720949062339E-04  8.8881760321510361E-09
   175   16.625000      0.0000000000000000E+00  2.6505623028171450E-08  3.7190740346891467E-02  1.6037499200108147E-06  3.4546326412920604E-04  9.0444423553928017E-09
   176   16.720000      0.0000000000000000E+00  2.4442807002832274E-08  3.9531114611095437E-02  1.7370209547523572E-06  3.5923877002244902E-04  9.5750827110433836E-09
   177   16.815000      0.0000000000000000E+00  2.3190668005966956E-08  4.1966862717978975E-02  1.8756686334406737E-06  3.7301077435627480E-04  9.7377509907112557E-09
   178   16.910000      0.0000000000000000E+00  2.2482828510734455E-08  4.4497857606971863E-02  2.0183287949285652E-06  3.8671091857874634E-04  9.8347196745243145E-09
   179   17.005000      0.0000000000000000E+00  2.1479777477112460E-08  4.7123247570027463E-02  2.1636531134894387E-06  4.0025871014086941E-04  1.0684932069077592E-08
   180   17.100000      0.0000000000000000E+00  2.0840773565166804E-08  4.9841294199221488E-02  2.3109172691308459E-06  4.1357919407566772E-04  1.1216521339994621E-08
   181   17.195000      0.0000000000000000E+00  2.1276937181004465E-08  5.2649461863785690E-02  2.4599172839361053E-06  4.2661557030833114E-04  1.0411050741806727E-08
   182   17.290000      0.0000000000000000E+00  2.1623142380676449E-08  5.5544687247273933E-02  2.6107414853153147E-06  4.3933334415192189E-04  9.7562798360555386E-09
   183   17.385000      0.0000000000000000E+00  2.0909574834825028E-08  5.8523670699060552E-02  2.7637828938539848E-06  4.5170957710214608E-04  1.0558848554564666E-08
   184   17.480000      0.0000000000000000E+00  1.9723985891879385E-08  6.1583004082460979E-02  2.9191283365062331E-06  4.6372224395130503E-04  1.2178821745121846E-08
   185   17.575000      0.0000000000000000E+00  1.8706370418277811E-08  6.4719118241974516E-02  3.0762495889692032E-06  4.7534967675977958E-04  1.3749072419276949E-08
   186   17.670000      0.0000000000000000E+00  1.7668509613589863E-08  6.7928208486840003E-02  3.2339493638719261E-06  4.8657703688401497E-04  1.5188290297947194E-08
   187   17.765000      0.0000000000000000E+00  1.6354106127674255E-08  7.1206293369309379E-02  3.3912596852836860E-06  4.9739834596198510E-04  1.6462991114785018E-08
   188   17.860000      0.0000000000000000E+00  1.4975159617686546E-08  7.4549355345214507E-02  3.5479704682585604E-06  5.0781362406264669E-04  1.7098173298697885E-08
   189   17.955000      0.0000000000000000E+00  1.3837074241888536E-08  7.7953330367316942E-02  3.7049561908389847E-06  5.1782702563897976E-04  1.6749390579915819E-08
   190   18.050000      0.0000000000000000E+00  1.3373396461864816E-08  8.1413821595712269E-02  3.8637268267757429E-06  5.2746601278217883E-04  1.5048283939507774E-08
   191   18.145000      0.0000000000000000E+00  1.3532736781168019E-08  8.4925645519267484E-02  4.0252041510402395E-06  5.3679886915851860E-04  1.2311515077053756E-08
   192   18.240000      0.0000000000000000E+00  1.3380770059776934E-08  8.8482527901952088E-02  4.1905026648489746E-06  5.4594664554445400E-04  1.0153897409448932E-08
   193   18.335000      0.0000000000000000E+00  1.2941965091437680E-08  9.2077120353015740E-02  4.3615309377813705E-06  5.5507751647268630E-04  9.0745737136002190E-09
   194   18.430000      0.0000000000000000E+00  1.3342630500926732E-08  9.5701291789290058E-02  4.5413715648530842E-06  5.6440689740964761E-04  7.8952214398061479E-09
   195   18.525000      0.0000000000000000E+00  1.4181899176956777E-08  9.9346525615448933E-02  4.7346604589427359E-06  5.7420112350352846E-04  6.8526659577808261E-09
   196   18.620000      0.0000000000000000E+00  1.3962921988995999E-08  1.0300420886640863E-01  4.9456475594054712E-06  5.8476000159651657E-04  7.2580516165148399E-09
   197   18.715000      0.0000000000000000E+00  1.2683865508268467E-08  1.0666585018285046E-01  5.1789890864120141E-06  5.9639178830157358E-04  8.7638300274054784E-09
   198   18.810000      0.0000000000000000E+00  1.1497731874684474E-08  1.1032334845618473E-01  5.4399755141062005E-06  6.0935095378438539E-04  1.0071054500870633E-08
   199   18.905000      0.0000000000000000E+00  1.0972314349267635E-08  1.1396923269242523E-01  5.7350462406515904E-06  6.2376753281630378E-04  1.0885839503040636E-08
   200   19.000000      0.0000000000000000E+00  1.1047981427455489E-08  1.1759677034116492E-01  6.0710898825207954E-06  6.3960624634982382E-04  1.1628150367452019E-08
   201   19.095000      0.0000000000000000E+00  1.1740124017026121E-08  1.2120011633130844E-01  6.4536055483155093E-06  6.5665360803889678E-04  1.2460223796030212E-08
   202   19.190000      0.0000000000000000E+00  1.3471037263425047E-08  1.2477467061989517E-01  6.8870216898473655E-06  6.7448606200936484E-04  1.2835443176617031E-08
   203   19.285000      0.0000000000000000E+00  1.6466671405822106E-08  1.2831743594681658E-01  7.3754029658106361E-06  6.9245000549679611E-04  1.2150206534343263E-08
   204   19.380000      0.0000000000000000E+00  1.9704362915757189E-08  1.3182691029727051E-01  7.9219895474576273E-06  7.0967998430349001E-04  1.1086453940097529E-08
   205   19.475000      0.0000000000000000E+00  2.1375415184825793E-08  1.3530217564401484E-01  8.5283130120013929E-06  7.2519086165125611E-04  1.1203342149302556E-08
   206   19.570000      0.0000000000000000E+00  2.0781972969843776E-08  1.3874160024121118E-01  9.1916207025816729E-06  7.3799234092910681E-04  1.3100129752425326E-08
   207   19.665000      0.0000000000000000E+00  1.9787624179128159E-08  1.4214187652563945E-01  9.9006748596136486E-06  7.4716936388726657E-04  1.4698785933731000E-08
   208   19.760000      0.0000000000000000E+00  1.9854894065694860E-08  1.4549764340984014E-01  1.0635699897359738E-05  7.5189986097821742E-04  1.4541642508461972E-08
   209   19.855000      0.0000000000000000E+00  1.9366812770250241E-08  1.4880122401041943E-01  1.1371139774401753E-05  7.5148558353246874E-04  1.4968345240546481E-08
   210   19.950000      0.0000000000000000E+00  1.8092520214744519E-08  1.5204198390543769E-01  1.2079253397585586E-05  7.4545858872715801E-04  1.6320589166446433E-08
   211   20.045000      0.0000000000000000E+00  1.8389777728181105E-08  1.5520561578474679E-01  1.2727788011772461E-05  7.3372982542261082E-04  1.5490120928800965E-08
   212   20.140000      0.0000000000000000E+00  2.0335474457442091E-08  1.5827389600008804E-01  1.3282542667256151E-05  7.1667545882993743E-04  1.2317230705122031E-08
   213   20.235000      0.0000000000000000E+00  2.2018596499659780E-08  1.6122508053712070E-01  1.3715447493140325E-05  6.9508250501064200E-04  9.0806290376206536E-09
   214   20.330000      0.0000000000000000E+00  2.2241036488118372E-08  1.6403490798333245E-01  1.4008055927386935E-05  6.7001075191788035E-04  7.3661511354414448E-09
   215   20.425000      0.0000000000000000E+00  2.1233421157114465E-08  1.6667794289890284E-01  1.4151577474386612E-05  6.4263914565651937E-04  7.1590000084431464E-09
   216   20.520000      0.0000000000000000E+00  1.9851761527877965E-08  1.6912894991875826E-01  1.4150137470413781E-05  6.1416194655793956E-04  7.5844800081727705E-09
   217   20.615000      0.0000000000000000E+00  1.8358066326604604E-08  1.7136411114188396E-01  1.4028902026595018E-05  5.8576654966329713E-04  8.4258546377185893E-09
   218   20.710000      0.0000000000000000E+00  1.6729049413216268E-08  1.7336200767870494E-01  1.3828517970517455E-05  5.5868399882160228E-04  9.7974140756898149E-09
   219   20.805000      0.0000000000000000E+00  1.5436424844818306E-08  1.7510471010596285E-01  1.3590030059810290E-05  5.3420703979221377E-04  1.1231225768051982E-08
   220   20.900000      0.0000000000000000E+00  1.5395037769553886E-08  1.7657915630380605E-01  1.3348513227993261E-05  5.1358513328341371E-04  1.1658058349087916E-08
   221   20.995000      0.0000000000000000E+00  1.6895128330640705E-08  1.7777830748957757E-01  1.3133132276904280E-05  4.9788568691771509E-04  1.0539031464662111E-08
   222   21.090000      0.0000000000000000E+00  1.8551638845525014E-08  1.7870146971400028E-01  1.2969707698036623E-05  4.8797474773294475E-04  9.3329890774823932E-09
   223   21.185000      0.0000000000000000E+00  1.9062268462222566E-08  1.7935378920046463E-01  1.2879097362760947E-05  4.8458921061599649E-04  9.5216048752780321E-09
   224   21.280000      0.0000000000000000E+00  1.8956397053802433E-08  1.7974568749583575E-01  1.2867695355078060E-05  4.8843946624097662E-04  1.0409251202117865E-08
   225   21.375000      0.0000000000000000E+00  1.8686479183858649E-08  1.7989263398365668E-01  1.2935554801380790E-05  5.0010236556257402E-04  1.1346389043719529E-08
   226   21.470000      0.0000000000000000E+00  1.7422756014311490E-08  1.7981475704728070E-01  1.3100629344495727E-05  5.1983497175601815E-04  1.3215013079479858E-08
   227   21.565000      0.0000000000000000E+00  1.5255079430540817E-08  1.7953588765935416E-01  1.3392855411056153E-05  5.4738943329598569E-04  1.5846737305687247E-08
   228   21.660000      0.0000000000000000E+00  1.3672572562703332E-08  1.7908192895333541E-01  1.3837661638310420E-05  5.8195281958369643E-04  1.7603193212288484E-08
   229   21.755000      0.0000000000000000E+00  1.3621981180701608E-08  1.7847889456267377E-01  1.4453010046632390E-05  6.2217435900509179E-04  1.7659632355959689E-08
   230   21.850000      0.0000000000000000E+00  1.5072625645995181E-08  1.7775138911404537E-01  1.5251418430951890E-05  6.6615223372568175E-04  1.6091442626259177E-08
   231   21.945000      0.0000000000000000E+00  1.7184496069914522E-08  1.7692174786811427E-01  1.6222336929422244E-05  7.1142902399253796E-04  1.3611195305652940E-08
   232   22.040000      0.0000000000000000E+00  1.8732803529921136E-08  1.7600919749960392E-01  1.7326421590976756E-05  7.5508971282088871E-04  1.1333206167045258E-08
   233   22.135000      0.0000000000000000E+00  1.9340461830048654E-08  1.7502848702703894E-01  1.8507338029443891E-05  7.9409865391323782E-04  9.5850167398061080E-09
   234   22.230000      0.0000000000000000E+00  1.9571664323491862E-08  1.7398841046864427E-01  1.9708773499149502E-05  8.2570913920365055E-04  7.9187714745140041E-09
   235   22.325000      0.0000000000000000E+00  1.9456767848864036E-08  1.7289140465929104E-01  2.0874800576557616E-05  8.4781342260473180E-04  6.7543722109392278E-09
   236   22.420000      0.0000000000000000E+00  1.8359591431873538E-08  1.7173491013139755E-01  2.1949758029492189E-05  8.5916053763064951E-04  7.2612665790046211E-09
   237   22.515000      0.0000000000000000E+00  1.6763202610369206E-08  1.7051390914166820E-01  2.2886359254823173E-05  8.5951792538938596E-04  8.9966228098417221E-09
   238   22.610000      0.0000000000000000E+00  1.6001600219820331E-08  1.6922360184296528E-01  2.3664185145519015E-05  8.4971395423698239E-04  1.0225183953554635E-08
   239   22.705000      0.0000000000000000E+00  1.5853661671460215E-08  1.6786135395786791E-01  2.4300015738023075E-05  8.3159371226204084E-04  1.1133347702792902E-08
   240   22.800000      0.0000000000000000E+00  1.5492588776703811E-08  1.6642776176824051E-01  2.4855883637511217E-05  8.0793863293754202E-04  1.2656231721357746E-08
   241   22.895000      0.0000000000000000E+00  1.5358460156705686E-08  1.6492736569927452E-01  2.5398040810210920E-05  7.8228337845162403E-04  1.4115362965965820E-08
   242   22.990000      0.0000000000000000E+00  1.6095772160451351E-08  1.6336948296445430E-01  2.5979863204484843E-05  7.5851623803369561E-04  1.4630376169878471E-08
   243   23.085000      0.0000000000000000E+00  1.7721401828765463E-08  1.6176891919223646E-01  2.6650887179018530E-05  7.4036600436568371E-04  1.4130194560860211E-08
   244   23.180000      0.0000000000000000E+00  1.9841210656548942E-08  1.6014581362975611E-01  2.7471170667481082E-05  7.3093021876842468E-04  1.3059983626952733E-08
   245   23.275000      0.0000000000000000E+00  2.1647911498754497E-08  1.5852436498554595E-01  2.8509588377651614E-05  7.3234577730409492E-04  1.2319180323695132E-08
   246   23.370000      0.0000000000000000E+00  2.2398341062306863E-08  1.5693090151948927E-01  2.9837701316914433E-05  7.4556585904069221E-04  1.2622106479428436E-08
   247   23.465000      0.0000000000000000E+00  2.2343220343777878E-08  1.5539176866180091E-01  3.1517683011871558E-05  7.7026757917313625E-04  1.3461350386104348E-08
   248   23.560000      0.0000000000000000E+00  2.2224787445305516E-08  1.5393132276058769E-01  3.3604405640033477E-05  8.0493127084231293E-04  1.3791143163809657E-08
   249   23.655000      0.0000000000000000E+00  2.1667087477793120E-08  1.5257036152414796E-01  3.6136387308471157E-05  8.4715675747813128E-04  1.4218768772941184E-08
   250   23.750000      0.0000000000000000E+00  2.0582443201007722E-08  1.5132527133999751E-01  3.9137541840212063E-05  8.9404374008709422E-04  1.5258277718611088E-08
   251   23.845000      0.0000000000000000E+00  2.0611135262308917E-08  1.5020798323996121E-01  4.2609160521620618E-05  9.4253252376752354E-04  1.5287212176550526E-08
   252   23.940000      0.0000000000000000E+00  2.2596099828315118E-08  1.4922634476477581E-01  4.6519526349050709E-05  9.8972266502557861E-04  1.3477642297346894E-08
   253   24.035000      0.0000000000000000E+00  2.5368198364941121E-08  1.4838446389838858E-01  5.0791779746995401E-05  1.0332111477142599E-03  1.1132333739493851E-08
   254   24.130000      0.0000000000000000E+00  2.7652242345626771E-08  1.4768324999434632E-01  5.5292704645275504E-05  1.0714001409901184E-03  9.4690694649346865E-09
   255   24.225000      0.0000000000000000E+00  2.9146925603315855E-08  1.4712148266005146E-01  5.9814215968477700E-05  1.1036402018748013E-03  8.6035041495616145E-09
   256   24.320000      0.0000000000000000E+00  2.9956141724258045E-08  1.4669702857508909E-01  6.4082552085217807E-05  1.1301710793478169E-03  8.3539207345655016E-09
   257   24.415000      0.0000000000000000E+00  3.0141644159594538E-08  1.4640758873121151E-01  6.7804285177888591E-05  1.1519817529262978E-03  8.8150877593975598E-09
   258   24.510000      0.0000000000000000E+00  2.9984255823683906E-08  1.4625088435214514E-01  7.0714539527656845E-05  1.1705363574902501E-03  9.8988902397657530E-09
   259   24.605000      0.0000000000000000E+00  2.9756770474961343E-08  1.4622468022706636E-01  7.2607580876416294E-05  1.1874675624828999E-03  1.1471240709686513E-08
   260   24.700000      0.0000000000000000E+00  2.9841242494275111E-08  1.4632707929162092E-01  7.3403428902191610E-05  1.2042419773784592E-03  1.3047108938875314E-08
   261   24.795000      0.0000000000000000E+00  3.0853879796345924E-08  1.4655702107791257E-01  7.3175622931733665E-05  1.2218233702929481E-03  1.3446292840287075E-08
   262   24.890000      0.0000000000000000E+00  3.2120059239868601E-08  1.4691420646100936E-01  7.2157693999059697E-05  1.2404453559848551E-03  1.2867967904609740E-08
   263   24.985000      0.0000000000000000E+00  3.1982592823383236E-08  1.4739763007000661E-01  7.0750171569703132E-05  1.2596232750159326E-03  1.2929227533485789E-08
   264   25.080000      0.0000000000000000E+00  3.0494524452247431E-08  1.4800369054579532E-01  6.9444879135449465E-05  1.2783905879661416E-03  1.3543400024732624E-08
   265   25.175000      0.0000000000000000E+00  2.8924583362188455E-08  1.4872577301794562E-01  6.8716623964286771E-05  1.2956356928711002E-03  1.3441883521858542E-08
   266   25.270000      0.0000000000000000E+00  2.7263640958282138E-08  1.4955569873083127E-01  6.8944259115063521E-05  1.3103593771671127E-03  1.2934749253138638E-08
   267   25.365000      0.0000000000000000E+00  2.4764060114457367E-08  1.5048600414553964E-01  7.0335448387831554E-05  1.3219028831398050E-03  1.2980967643025474E-08
   268   25.460000      0.0000000000000000E+00  2.1524360912959914E-08  1.5151192527703738E-01  7.2870997984201448E-05  1.3301513880900841E-03  1.3432115661542118E-08
   269   25.555000      0.0000000000000000E+00  1.8328223837457404E-08  1.5263271664326264E-01  7.6309963233189002E-05  1.3356596290275606E-03  1.3547062708902778E-08
   270   25.650000      0.0000000000000000E+00  1.5843844447057249E-08  1.5385247937545762E-01  8.0245253956504197E-05  1.3397037567820574E-03  1.3038854004562866E-08
   271   25.745000      0.0000000000000000E+00  1.4250983830106470E-08  1.5518033673836307E-01  8.4171486179938489E-05  1.3443122514094695E-03  1.2345521867475678E-08
   272   25.840000      0.0000000000000000E+00  1.3526867846788022E-08  1.5662962241296630E-01  8.7587343996622095E-05  1.3523177492082809E-03  1.1988237381015326E-08
   273   25.935000      0.0000000000000000E+00  1.4106404098256454E-08  1.5821655187666123E-01  9.0105724318348550E-05  1.3672933974408759E-03  1.1407259243138237E-08
   274   26.030000      0.0000000000000000E+00  1.6338099030634120E-08  1.5995937744442462E-01  9.1538918030982196E-05  1.3932982687921572E-03  9.6947036328307356E-09
   275   26.125000      0.0000000000000000E+00  1.9367950523805749E-08  1.6187824828217967E-01  9.1920751493241077E-05  1.4344075054648453E-03  7.2165235719714107E-09
   276   26.220000      0.0000000000000000E+00  2.0998076918999634E-08  1.6399495924778529E-01  9.1442365954140143E-05  1.4941799465707046E-03  6.3096935876343644E-09
   277   26.315000      0.0000000000000000E+00  2.0643064130100134E-08  1.6633166258304974E-01  9.0379858406592698E-05  1.5751038109209647E-03  7.9042199740400596E-09
   278   26.410000      0.0000000000000000E+00  2.0773982349423854E-08  1.6890881915944356E-01  8.9011861437413148E-05  1.6781545435208484E-03  9.2183054026090434E-09
   279   26.505000      0.0000000000000000E+00  2.1868970783619279E-08  1.7174382550737968E-01  8.7579296605579937E-05  1.8024403649545191E-03  9.6663332365006670E-09
   280   26.600000      0.0000000000000000E+00  2.1561147720583459E-08  1.7485089310476687E-01  8.6251316971117645E-05  1.9447883088223540E-03  1.1922115053115616E-08
   281   26.695000      0.0000000000000000E+00  2.0001266095390687E-08  1.7824079316440319E-01  8.5095692730973290E-05  2.0995832618922071E-03  1.5413212469614483E-08
   282   26.790000      0.0000000000000000E+00  1.9277862809799117E-08  1.8191919674643631E-01  8.4106874579332265E-05  2.2590156300411131E-03  1.7631885221028465E-08
   283   26.885000      0.0000000000000000E+00  2.0320276543705011E-08  1.8588444083554945E-01  8.3242955234733476E-05  2.4137474104296832E-03  1.7757276711888374E-08
   284   26.980000      0.0000000000000000E+00  2.2517553888117741E-08  1.9012615703363456E-01  8.2457124281685122E-05  2.5536899655253763E-03  1.6670253790855079E-08
   285   27.075000      0.0000000000000000E+00  2.4635249623175330E-08  1.9462468980598846E-01  8.1706291988781047E-05  2.6688626397162254E-03  1.5775064009444051E-08
   286   27.170000      0.0000000000000000E+00  2.6208008119683222E-08  1.9935004690131755E-01  8.0946281592518746E-05  2.7504372358723209E-03  1.5281067646471723E-08
   287   27.265000      0.0000000000000000E+00  2.7319028620184749E-08  2.0426020717580740E-01  8.0138727818425480E-05  2.7918561743114842E-03  1.4785878106433738E-08
   288   27.360000      0.0000000000000000E+00  2.7950333692009479E-08  2.0930035352794263E-01  7.9308506017211958E-05  2.7898891015810598E-03  1.4255129936785394E-08
   289   27.455000      0.0000000000000000E+00  2.8024452830787694E-08  2.1440479026121173E-01  7.8585247476937605E-05  2.7451133814044635E-03  1.4015080536564153E-08
   290   27.550000      0.0000000000000000E+00  2.8022824056780717E-08  2.1950145313951064E-01  7.8179891941869591E-05  2.6615024249713581E-03  1.3931636161479408E-08
   291   27.645000      0.0000000000000000E+00  2.9297444043199273E-08  2.2451726359844992E-01  7.8335963532646859E-05  2.5456186230650834E-03  1.2717454393541710E-08
   292   27.740000      0.0000000000000000E+00  3.2271976725548350E-08  2.2938287155219328E-01  7.9284194852367038E-05  2.4058296825040263E-03  9.8651744005202159E-09
   293   27.835000      0.0000000000000000E+00  3.5309208472880457E-08  2.3403653661094326E-01  8.1190702502124506E-05  2.2513565971193973E-03  7.1235083345068610E-09
   294   27.930000      0.0000000000000000E+00  3.7166751805817000E-08  2.3842744640644772E-01  8.4083467424425054E-05  2.0912405392350232E-03  5.6914976055997986E-09
   295   28.025000      0.0000000000000000E+00  3.8231596091207864E-08  2.4251855028071145E-01  8.7770663593561660E-05  1.9334400932415055E-03  4.9133092850625136E-09
   296   28.120000      0.0000000000000000E+00  3.8488373207389807E-08  2.4628808448305650E-01  9.1848551149165700E-05  1.7842822359724064E-03  4.7711289002224643E-09
   297   28.215000      0.0000000000000000E+00  3.7132284387990498E-08  2.4972869872696657E-01  9.5791727344359510E-05  1.6483888187748966E-03  6.1806983776514872E-09
   298   28.310000      0.0000000000000000E+00  3.4232893629475911E-08  2.5284491642083184E-01  9.9062791561318317E-05  1.5287655270772476E-03  8.8822540127573415E-09
   299   28.405000      0.0000000000000000E+00  3.0608776192309786E-08  2.5565069526644313E-01  1.0121867525511772E-04  1.4268208760020735E-03  1.1886794116695836E-08
   300   28.500000      0.0000000000000000E+00  2.7216825410906048E-08  2.5816778459865802E-01  1.0204504329863897E-04  1.3423610421408904E-03  1.4259322736425389E-08
   301   28.595000      0.0000000000000000E+00  2.4756407366620299E-08  2.6042424195962621E-01  1.0163532516822569E-04  1.2736373815518979E-03  1.5411317630977140E-08
   302   28.690000      0.0000000000000000E+00  2.2988436307715129E-08  2.6245233583362554E-01  1.0044018790091562E-04  1.2175799760701081E-03  1.5755085304315934E-08
   303   28.785000      0.0000000000000000E+00  2.1200656101056058E-08  2.6428610378214340E-01  9.9227570833527491E-05  1.1703368460749207E-03  1.6172106057239345E-08
   304   28.880000      0.0000000000000000E+00  1.9602173409164319E-08  2.6595939469569185E-01  9.8920533838119985E-05  1.1278652978334973E-03  1.6474972922587143E-08
   305   28.975000      0.0000000000000000E+00  1.8973692836551053E-08  2.6750435512342224E-01  1.0039181501823500E-04  1.0862931475266982E-03  1.5888874288030325E-08
   306   29.070000      0.0000000000000000E+00  1.8915567701861945E-08  2.6894965363735407E-01  1.0417229394695779E-04  1.0423526950273834E-03  1.5072086369003043E-08
   307   29.165000      0.0000000000000000E+00  1.8412708001610571E-08  2.7031898036551422E-01  1.1021474615480157E-04  9.9391894500746431E-04  1.5332435609407212E-08
   308   29.260000      0.0000000000000000E+00  1.8003652599662231E-08  2.7163037297585685E-01  1.1791574190218781E-04  9.4021130704338837E-04  1.5794523005736336E-08
   309   29.355000      0.0000000000000000E+00  1.8482710738072615E-08  2.7289557344074888E-01  1.2624566373287222E-04  8.8201612798325551E-04  1.5089261374718483E-08
   310   29.450000      0.0000000000000000E+00  1.9119082739689316E-08  2.7411899375247895E-01  1.3401588029476544E-04  8.2214103847668698E-04  1.3783975349537499E-08
   311   29.545000      0.0000000000000000E+00  1.9208707984575063E-08  2.7529731758563075E-01  1.4027708120413130E-04  7.6558699388576705E-04  1.2593747850910269E-08
   312   29.640000      0.0000000000000000E+00  1.8981659907276569E-08  2.7642099916489499E-01  1.4459259797021742E-04  7.1905673287067434E-04  1.1446588490459121E-08
   313   29.735000      0.0000000000000000E+00  1.8964965851993794E-08  2.7747730676231369E-01  1.4704278589269847E-04  6.9012437188582852E-04  1.0135595443508683E-08
   314   29.830000      0.0000000000000000E+00  1.9583464024405686E-08  2.7845402068209085E-01  1.4813079357317132E-04  6.8620421467736068E-04  8.4721911035451946E-09
   315   29.925000      0.0000000000000000E+00  2.0714776340292150E-08  2.7934279227107894E-01  1.4857448618597397E-04  7.1374710932435668E-04  6.6529113422220546E-09
   316   30.020000      0.0000000000000000E+00  2.1422920189615615E-08  2.8014126940173173E-01  1.4888876790071601E-04  7.7783708881055827E-04  5.6710432090577804E-09
   317   30.115000      0.0000000000000000E+00  2.1036529436641107E-08  2.8085332980767047E-01  1.4917384377077276E-04  8.8202418965330871E-04  6.3361501925171715E-09
   318   30.210000      0.0000000000000000E+00  2.0508555771733123E-08  2.8148701783936386E-01  1.4926989833665414E-04  1.0278762570635927E-03  7.6263382039361904E-09
   319   30.305000      0.0000000000000000E+00  2.0673219377524427E-08  2.8205060865843579E-01  1.4890156812844143E-04  1.2145302897989671E-03  8.6036247710230426E-09
   320   30.400000      0.0000000000000000E+00  2.0617957501481415E-08  2.8254843381966216E-01  1.4782315999203416E-04  1.4387963394628285E-03  1.0343889953282043E-08
   321   30.495000      0.0000000000000000E+00  2.0044748160895881E-08  2.8297883895491227E-01  1.4598550518543936E-04  1.6954835464643280E-03  1.3025539804914468E-08
   322   30.590000      0.0000000000000000E+00  2.0100207435609025E-08  2.8333438056942423E-01  1.4362167726340654E-04  1.9775343668960708E-03  1.5141191011203911E-08
   323   30.685000      0.0000000000000000E+00  2.1379721668398358E-08  2.8360247679752304E-01  1.4123163074022837E-04  2.2765388354120983E-03  1.5984242400805006E-08
   324   30.780000      0.0000000000000000E+00  2.3388010260530361E-08  2.8376683768213190E-01  1.3938035053989896E-04  2.5837293313126855E-03  1.6140984683262452E-08
   325   30.875000      0.0000000000000000E+00  2.5569700721292051E-08  2.8381126030460291E-01  1.3849283616404508E-04  2.8904475672268106E-03  1.6195265720451151E-08
   326   30.970000      0.0000000000000000E+00  2.7728893747421124E-08  2.8372501359606001E-01  1.3881495577588508E-04  3.1880130340290313E-03  1.6204446608265352E-08
   327   31.065000      0.0000000000000000E+00  2.9643509268855232E-08  2.8350744258050231E-01  1.4037840066087121E-04  3.4674811397412833E-03  1.6173391874172804E-08
   328   31.160000      0.0000000000000000E+00  3.1138035718398936E-08  2.8316993827479697E-01  1.4303853578275636E-04  3.7194093005985026E-03  1.6000689817060646E-08
   329   31.255000      0.0000000000000000E+00  3.1974076278293208E-08  2.8273426247081829E-01  1.4642007626585238E-04  3.9344329299741982E-03  1.5696382928526797E-08
   330   31.350000      0.0000000000000000E+00  3.1680334650536865E-08  2.8222865509420886E-01  1.5000676005595581E-04  4.1044859070771119E-03  1.5837872143717630E-08
   331   31.445000      0.0000000000000000E+00  3.0922228866346282E-08  2.8168442537632760E-01  1.5332961573699173E-04  4.2234585572922360E-03  1.5877699962942125E-08
   332   31.540000      0.0000000000000000E+00  3.1149384134329929E-08  2.8113252666559763E-01  1.5605505800002741E-04  4.2874865395525503E-03  1.4440804070924096E-08
   333   31.635000      0.0000000000000000E+00  3.2236837863168479E-08  2.8059790822816666E-01  1.5796838683705593E-04  4.2960406680700646E-03  1.2114972140578753E-08
   334   31.730000      0.0000000000000000E+00  3.3154762579992031E-08  2.8009396567564870E-01  1.5904030119118760E-04  4.2526479289675149E-03  1.0450510168993462E-08
   335   31.825000      0.0000000000000000E+00  3.4060230415774787E-08  2.7962038270561840E-01  1.5940031658892855E-04  4.1642615951013699E-03  9.2955391454195706E-09
   336   31.920000      0.0000000000000000E+00  3.5385138795316953E-08  2.7916247338943218E-01  1.5939821409486965E-04  4.0400549343059620E-03  7.9985079468833494E-09
   337   32.015000      0.0000000000000000E+00  3.6494927480935967E-08  2.7868917789738817E-01  1.5950395119274940E-04  3.8908480063077570E-03  7.0156562200132116E-09
   338   32.110000      0.0000000000000000E+00  3.6376655620503834E-08  2.7815186594519936E-01  1.6019134841333476E-04  3.7288793038308954E-03  7.1422582356334138E-09
   339   32.205000      0.0000000000000000E+00  3.4808617883453066E-08  2.7748803968759406E-01  1.6200374207224312E-04  3.5671899647278962E-03  8.4088709348948735E-09
   340   32.300000      0.0000000000000000E+00  3.2612599039864934E-08  2.7662939244438373E-01  1.6559860996746614E-04  3.4185249201530315E-03  1.0019199829018182E-08
   341   32.395000      0.0000000000000000E+00  3.0777659690354431E-08  2.7551034641886024E-01  1.7161708650933373E-04  3.2946301211493087E-03  1.1170965576512688E-08
   342   32.490000      0.0000000000000000E+00  2.9200988959903854E-08  2.7407536213275491E-01  1.8048809115367282E-04  3.2061077928405251E-03  1.2202928779161063E-08
   343   32.585000      0.0000000000000000E+00  2.7128552730131876E-08  2.7228659628000845E-01  1.9239163752826269E-04  3.1617853869753383E-03  1.3876647563453016E-08
   344   32.680000      0.0000000000000000E+00  2.4729462663485008E-08  2.7013249179146825E-01  2.0723351402444749E-04  3.1672200727774057E-03  1.5754931369403465E-08
   345   32.775000      0.0000000000000000E+00  2.3408346864978215E-08  2.6763412831543970E-01  2.2468309570085844E-04  3.2230384735794960E-03  1.6024344261699507E-08
   346   32.870000      0.0000000000000000E+00  2.3272845596133969E-08  2.6484693677639987E-01  2.4413305835776873E-04  3.3238034103901305E-03  1.4490874179564609E-08
   347   32.965000      0.0000000000000000E+00  2.2110436715538991E-08  2.6185892696601476E-01  2.6485999533570269E-04  3.4572800069111523E-03  1.3910172951772539E-08
   348   33.060000      0.0000000000000000E+00  1.9804678796451403E-08  2.5878564626133999E-01  2.8626271124193890E-04  3.6046259688498773E-03  1.4402541054820508E-08
   349   33.155000      0.0000000000000000E+00  1.8483771572335562E-08  2.5575898773822664E-01  3.0779806910737951E-04  3.7425622662167787E-03  1.3327734851219702E-08
   350   33.250000      0.0000000000000000E+00  1.7704216102660314E-08  2.5291075107745792E-01  3.2901684234940925E-04  3.8476195549385517E-03  1.1603593340047698E-08
   351   33.345000      0.0000000000000000E+00  1.6067962190088877E-08  2.5035788529159242E-01  3.4958881927425891E-04  3.9003050284212321E-03  1.1435088902109367E-08
   352   33.440000      0.0000000000000000E+00  1.4152770636528366E-08  2.4819365812512301E-01  3.6936290138750633E-04  3.8873628420228873E-03  1.2465564657111037E-08
   353   33.535000      0.0000000000000000E+00  1.3246329135209213E-08  2.4648288696061768E-01  3.8849908779901588E-04  3.8030641358307825E-03  1.3201323743034067E-08
   354   33.630000      0.0000000000000000E+00  1.3921620323459041E-08  2.4525830771786011E-01  4.0727858811377850E-04  3.6500647723589612E-03  1.2553853046525203E-08
   355   33.725000      0.0000000000000000E+00  1.5366452999329245E-08  2.4451756328200569E-01  4.2607631827995800E-04  3.4395708007602084E-03  1.1152768274468802E-08
   356   33.820000      0.0000000000000000E+00  1.6682485523316687E-08  2.4422187812501292E-01  4.4497367199949206E-04  3.1905607275403342E-03  1.0031759360217310E-08
   357   33.915000      0.0000000000000000E+00  1.7910343898149896E-08  2.4429945446084234E-01  4.6356108693843478E-04  2.9276605620985104E-03  9.3931955679923881E-09
   358   34.010000      0.0000000000000000E+00  1.9461033129212016E-08  2.4465526886046809E-01  4.8106278332056199E-04  2.6773715355103457E-03  9.0413012906932253E-09
   359   34.105000      0.0000000000000000E+00  2.1194353088554523E-08  2.4518419570749028E-01  4.9639227376220205E-04  2.4636939971144451E-03  9.1642275014892096E-09
   360   34.200000      0.0000000000000000E+00  2.2171118494270203E-08  2.4578380452034443E-01  5.0854929436560878E-04  2.3049656199382257E-03  1.0672107849801215E-08
   361   34.295000      0.0000000000000000E+00  2.2218194365464419E-08  2.4636540834113868E-01  5.1709756006314527E-04  2.2126235172906647E-03  1.3460362221050983E-08
   362   34.390000      0.0000000000000000E+00  2.2623329319898036E-08  2.4686170995671741E-01  5.2222975768277289E-04  2.1912855401726504E-03  1.5553823046323161E-08
   363   34.485000      0.0000000000000000E+00  2.3721543129291839E-08  2.4722868759644911E-01  5.2421270856433202E-04  2.2402036130969890E-03  1.6193609597929591E-08
   364   34.580000      0.0000000000000000E+00  2.4474650173510113E-08  2.4744234747026411E-01  5.2290641492773145E-04  2.3551939813549194E-03  1.6453574201108286E-08
   365   34.675000      0.0000000000000000E+00  2.4715540975795915E-08  2.4749334730205366E-01  5.1762251408855842E-04  2.5300033153096211E-03  1.6550697483700821E-08
   366   34.770000      0.0000000000000000E+00  2.5065507375271554E-08  2.4738205586709996E-01  5.0727343432268820E-04  2.7567626587171410E-03  1.5868375414355532E-08
   367   34.865000      0.0000000000000000E+00  2.5278642207061134E-08  2.4711633484123721E-01  4.9089180021660405E-04  3.0257083063816542E-03  1.4900391232413550E-08
   368   34.960000      0.0000000000000000E+00  2.4900791262840586E-08  2.4671343239864379E-01  4.6828865915708078E-04  3.3244569857359681E-03  1.4399119102093381E-08
   369   35.055000      0.0000000000000000E+00  2.4164435738128069E-08  2.4620468832441597E-01  4.4057142205042971E-04  3.6373728008854134E-03  1.4408774705324879E-08
   370   35.150000      0.0000000000000000E+00  2.3650843899509991E-08  2.4563919286046920E-01  4.1033290665131339E-04  3.9460452787833927E-03  1.4551875226271715E-08
   371   35.245000      0.0000000000000000E+00  2.3959920434033220E-08  2.4508350453244462E-01  3.8115739300869159E-04  4.2312786485434583E-03  1.4085114009272801E-08
   372   35.340000      0.0000000000000000E+00  2.5146972608063504E-08  2.4461780885495263E-01  3.5711275128982292E-04  4.4756501929205401E-03  1.2574586758446662E-08
   373   35.435000      0.0000000000000000E+00  2.6292001553003874E-08  2.4432882197768141E-01  3.4201118857627924E-04  4.6657414065377966E-03  1.0760950335553677E-08
   374   35.530000      0.0000000000000000E+00  2.6488666210778431E-08  2.4429895178694561E-01  3.3868508331189111E-04  4.7941312061575468E-03  9.6989543592990462E-09
   375   35.625000      0.0000000000000000E+00  2.6198385964558449E-08  2.4459356243458918E-01  3.4846229792516865E-04  4.8604898724398998E-03  9.0814035619673769E-09
   376   35.720000      0.0000000000000000E+00  2.6163137891787427E-08  2.4525048043101927E-01  3.7102620588005329E-04  4.8713780936588168E-03  8.2939253205262990E-09
   377   35.815000      0.0000000000000000E+00  2.5648706181388558E-08  2.4627521777161976E-01  4.0461643586802288E-04  4.8386657939927602E-03  8.4339095064666703E-09
   378   35.910000      0.0000000000000000E+00  2.4054411183086850E-08  2.4764216790677349E-01  4.4655114427882803E-04  4.7768588917666416E-03  1.0291821459064562E-08
   379   36.005000      0.0000000000000000E+00  2.2426031907493463E-08  2.4929946332829128E-01  4.9406966794200398E-04  4.7001318924613303E-03  1.2462069103573867E-08
   380   36.100000      0.0000000000000000E+00  2.1507141662511224E-08  2.5117533270638071E-01  5.4505789447928648E-04  4.6195920048907185E-03  1.3849733942335471E-08
   381   36.195000      0.0000000000000000E+00  2.0980797305633389E-08  2.5318495934725982E-01  5.9838223804622092E-04  4.5412832315972927E-03  1.4573845361160564E-08
   382   36.290000      0.0000000000000000E+00  2.0428888124160043E-08  2.5523720983732351E-01  6.5408220398294127E-04  4.4653933841065814E-03  1.4926798142776946E-08
   383   36.385000      0.0000000000000000E+00  1.9566690753226870E-08  2.5724049632649654E-01  7.1305613128565574E-04  4.3872217577219583E-03  1.5255795960132616E-08
   384   36.480000      0.0000000000000000E+00  1.8405488434427914E-08  2.5910806519787138E-01  7.7604548413650058E-04  4.3000279234692036E-03  1.5684245463881669E-08
   385   36.575000      0.0000000000000000E+00  1.7464482595166100E-08  2.6076332365056970E-01  8.4231812348732203E-04  4.1982925204612324E-03  1.5647267780542261E-08
   386   36.670000      0.0000000000000000E+00  1.7023346766158322E-08  2.6214369468600562E-01  9.0871218872531564E-04  4.0804430660617919E-03  1.4745306029514157E-08
   387   36.765000      0.0000000000000000E+00  1.6366359595338842E-08  2.6320235180935131E-01  9.6932428454585403E-04  3.9503933248308245E-03  1.3912833514478210E-08
   388   36.860000      0.0000000000000000E+00  1.5282683032208967E-08  2.6390953115034055E-01  1.0164600660621931E-03  3.8172013669960968E-03  1.3729560926733000E-08
   389   36.955000      0.0000000000000000E+00  1.5020226029488765E-08  2.6425463045488756E-01  1.0428520249682197E-03  3.6925488229166180E-03  1.2922044454258132E-08
   390   37.050000      0.0000000000000000E+00  1.5781848139613403E-08  2.6424794489685494E-01  1.0438439817871746E-03  3.5873714979835465E-03  1.1263125273714672E-08
   391   37.145000      0.0000000000000000E+00  1.6289873305706941E-08  2.6392061624508328E-01  1.0186480240293378E-03  3.5091556663529918E-03  1.0023535068963240E-08
   392   37.240000      0.0000000000000000E+00  1.6043943136779489E-08  2.6332247297262762E-01  9.7043790471119528E-04  3.4606141379583464E-03  9.4263712167718797E-09
   393   37.335000      0.0000000000000000E+00  1.5570466841258293E-08  2.6251769949571963E-01  9.0525945580761989E-04  3.4399898976000183E-03  8.7658128796958663E-09
   394   37.430000      0.0000000000000000E+00  1.5256162240758064E-08  2.6157851303691726E-01  8.3055161657488339E-04  3.4418959433921738E-03  7.9064586260040376E-09
   395   37.525000      0.0000000000000000E+00  1.5043956706035136E-08  2.6057822021515092E-01  7.5362782388237832E-04  3.4584906016959893E-03  7.3988261561347178E-09
   396   37.620000      0.0000000000000000E+00  1.4910261653807794E-08  2.5958594042799693E-01  6.8079473449691975E-04  3.4801696645506796E-03  7.5847333339915190E-09
   397   37.715000      0.0000000000000000E+00  1.4891566184318038E-08  2.5866239971050353E-01  6.1683776133196239E-04  3.4962402894190116E-03  8.4926824528605155E-09
   398   37.810000      0.0000000000000000E+00  1.5115766433734857E-08  2.5785557889870481E-01  5.6467755074582652E-04  3.4959027876687791E-03  9.8930558686583757E-09
   399   37.905000      0.0000000000000000E+00  1.5915071532607098E-08  2.5719709207651054E-01  5.2551949300535996E-04  3.4696250074950003E-03  1.1019460564121741E-08
   400   38.000000      0.0000000000000000E+00  1.6685690494567528E-08  2.5670036963581933E-01  4.9953843409217486E-04  3.4104880693487413E-03  1.2089651240293083E-08
   401   38.095000      0.0000000000000000E+00  1.6506433875325497E-08  2.5636038329556865E-01  4.8669048829739266E-04  3.3158305309454227E-03  1.3870999513327730E-08
   402   38.190000      0.0000000000000000E+00  1.6193468203887039E-08  2.5615431550825674E-01  4.8749681076881924E-04  3.1884348266664735E-03  1.5302783553083082E-08
   403   38.285000      0.0000000000000000E+00  1.6933814884705924E-08  2.5604291121776995E-01  5.0355432089355405E-04  3.0367605735657881E-03  1.5096240991978217E-08
   404   38.380000      0.0000000000000000E+00  1.8182403904825760E-08  2.5597180016635407E-01  5.3692255832663992E-04  2.8750193541668898E-03  1.4109571965971500E-08
   405   38.475000      0.0000000000000000E+00  1.9122254645500637E-08  2.5587328336548348E-01  5.8931108823922747E-04  2.7222405041285851E-03  1.3450059605193686E-08
   406   38.570000      0.0000000000000000E+00  2.0094074265560769E-08  2.5567055922578502E-01  6.6084478590227105E-04  2.5996819050613262E-03  1.2878564492316089E-08
   407   38.665000      0.0000000000000000E+00  2.1653804021613287E-08  2.5528462259887857E-01  7.4832510837290211E-04  2.5269548213539880E-03  1.1895424140336231E-08
   408   38.760000      0.0000000000000000E+00  2.3541017557444374E-08  2.5464165389938581E-01  8.4544312712402287E-04  2.5178779370267790E-03  1.0722489022880307E-08
   409   38.855000      0.0000000000000000E+00  2.4948967592243650E-08  2.5367897212116280E-01  9.4462216969648039E-04  2.5774933506096669E-03  1.0029844204884994E-08
   410   38.950000      0.0000000000000000E+00  2.5635566576044574E-08  2.5234956078950938E-01  1.0384251574788238E-03  2.7007402803346462E-03  9.9541796046122337E-09
   411   39.045000      0.0000000000000000E+00  2.6370287748749212E-08  2.5062633934175144E-01  1.1209266009532153E-03  2.8726194272027782E-03  9.7418356904654061E-09
   412   39.140000      0.0000000000000000E+00  2.7786264150563080E-08  2.4850670677416514E-01  1.1881489362101606E-03  3.0700670265061212E-03  8.8883540692960138E-09
   413   39.235000      0.0000000000000000E+00  2.9134138242200746E-08  2.4601512614851792E-01  1.2376304446367027E-03  3.2659705416930524E-03  8.2573768646267925E-09
   414   39.330000      0.0000000000000000E+00  2.8921043637821998E-08  2.4320323007268205E-01  1.2669853079080402E-03  3.4345163976303495E-03  9.3623799286054591E-09
   415   39.425000      0.0000000000000000E+00  2.7389698110811086E-08  2.4014994551038532E-01  1.2728536440879401E-03  3.5552620904239192E-03  1.1797300090733934E-08
   416   39.520000      0.0000000000000000E+00  2.6754391708725574E-08  2.3695922550897697E-01  1.2520336282637575E-03  3.6150035754393172E-03  1.2904552376991549E-08
   417   39.615000      0.0000000000000000E+00  2.6898428378951057E-08  2.3375055981828186E-01  1.2030620021353420E-03  3.6089948357457750E-03  1.3021386262764045E-08
   418   39.710000      0.0000000000000000E+00  2.5844426828127979E-08  2.3064368688169115E-01  1.1275353582739333E-03  3.5419397860303281E-03  1.4792088966303264E-08
   419   39.805000      0.0000000000000000E+00  2.4501463685916690E-08  2.2774335980387353E-01  1.0310869798199947E-03  3.4277156440926681E-03  1.6971440765362363E-08
   420   39.900000      0.0000000000000000E+00  2.4381968845538896E-08  2.2512702652877487E-01  9.2302799321269675E-04  3.2881921574411722E-03  1.7395806232282557E-08
   421   39.995000      0.0000000000000000E+00  2.4512830097910965E-08  2.2283671362266261E-01  8.1496773843134623E-04  3.1517679887459759E-03  1.6945915477275201E-08
   422   40.090000      0.0000000000000000E+00  2.3657739201019641E-08  2.2087715135916969E-01  7.1892384969510822E-04  3.0508085659133950E-03  1.6918825719976799E-08
