! Kinetic energy for species "electrons-down"
  Iter        Time          Total Par.             Kin. Energy
     0   0.0000000              76800  4.9390024786055353E-01
     1  0.95000000E-01          76800  4.9390022822173985E-01
     2  0.19000000              76800  4.9390017030187572E-01
     3  0.28500000              76800  4.9390007643714740E-01
     4  0.38000000              76800  4.9389994907299745E-01
     5  0.47500000              76800  4.9389979026109376E-01
     6  0.57000000              76800  4.9389960212190698E-01
     7  0.66500000              76800  4.9389938732477218E-01
     8  0.76000000              76800  4.9389914899346044E-01
     9  0.85500000              76800  4.9389889050682095E-01
    10  0.95000000              76800  4.9389861571604776E-01
    11   1.0450000              76800  4.9389832918715720E-01
    12   1.1400000              76800  4.9389803580901370E-01
    13   1.2350000              76800  4.9389774013113230E-01
    14   1.3300000              76800  4.9389744635390881E-01
    15   1.4250000              76800  4.9389715870438178E-01
    16   1.5200000              76800  4.9389688108619972E-01
    17   1.6150000              76800  4.9389661626952330E-01
    18   1.7100000              76800  4.9389636618886879E-01
    19   1.8050000              76800  4.9389613355482320E-01
    20   1.9000000              76800  4.9389592283238182E-01
    21   1.9950000              76800  4.9389573912458523E-01
    22   2.0900000              76800  4.9389558611074513E-01
    23   2.1850000              76800  4.9389546521967709E-01
    24   2.2800000              76800  4.9389537649055965E-01
    25   2.3750000              76800  4.9389531982551349E-01
    26   2.4700000              76800  4.9389529550554157E-01
    27   2.5650000              76800  4.9389530396273468E-01
    28   2.6600000              76800  4.9389534556341219E-01
    29   2.7550000              76800  4.9389542080037629E-01
    30   2.8500000              76800  4.9389553011405896E-01
    31   2.9450000              76800  4.9389567276374696E-01
    32   3.0400000              76800  4.9389584597325897E-01
    33   3.1350000              76800  4.9389604562218714E-01
    34   3.2300000              76800  4.9389626757840477E-01
    35   3.3250000              76800  4.9389650815401470E-01
    36   3.4200000              76800  4.9389676382396031E-01
    37   3.5150000              76800  4.9389703110832256E-01
    38   3.6100000              76800  4.9389730662472836E-01
    39   3.7050000              76800  4.9389758682118601E-01
    40   3.8000000              76800  4.9389786760569077E-01
    41   3.8950000              76800  4.9389814469646104E-01
    42   3.9900000              76800  4.9389841452129241E-01
    43   4.0850000              76800  4.9389867403982307E-01
    44   4.1800000              76800  4.9389891910619577E-01
    45   4.2750000              76800  4.9389914390956047E-01
    46   4.3700000              76800  4.9389934312648315E-01
    47   4.4650000              76800  4.9389951382565273E-01
    48   4.5600000              76800  4.9389965381638168E-01
    49   4.6550000              76800  4.9389975898308547E-01
    50   4.7500000              76800  4.9389982450415593E-01
    51   4.8450000              76800  4.9389984869084824E-01
    52   4.9400000              76800  4.9389983349903810E-01
    53   5.0350000              76800  4.9389978088479769E-01
    54   5.1300000              76800  4.9389969062738370E-01
    55   5.2250000              76800  4.9389956235877552E-01
    56   5.3200000              76800  4.9389939784413422E-01
    57   5.4150000              76800  4.9389919994526038E-01
    58   5.5100000              76800  4.9389897001888200E-01
    59   5.6050000              76800  4.9389870721056073E-01
    60   5.7000000              76800  4.9389841049686045E-01
    61   5.7950000              76800  4.9389808146828751E-01
    62   5.8900000              76800  4.9389772496038431E-01
    63   5.9850000              76800  4.9389734689771436E-01
    64   6.0800000              76800  4.9389695215373991E-01
    65   6.1750000              76800  4.9389654493992075E-01
    66   6.2700000              76800  4.9389613054412662E-01
    67   6.3650000              76800  4.9389571563784601E-01
    68   6.4600000              76800  4.9389530624909356E-01
    69   6.5550000              76800  4.9389490486643789E-01
    70   6.6500000              76800  4.9389450932143203E-01
    71   6.7450000              76800  4.9389411516365023E-01
    72   6.8400000              76800  4.9389371995737430E-01
    73   6.9350000              76800  4.9389332569356259E-01
    74   7.0300000              76800  4.9389293745633467E-01
    75   7.1250000              76800  4.9389256007665566E-01
    76   7.2200000              76800  4.9389219579136012E-01
    77   7.3150000              76800  4.9389184448423407E-01
    78   7.4100000              76800  4.9389150560483341E-01
    79   7.5050000              76800  4.9389117934237081E-01
    80   7.6000000              76800  4.9389086543398580E-01
    81   7.6950000              76800  4.9389056061680303E-01
    82   7.7900000              76800  4.9389025773409456E-01
    83   7.8850000              76800  4.9388994816456111E-01
    84   7.9800000              76800  4.9388962527546498E-01
    85   8.0750000              76800  4.9388928498637630E-01
    86   8.1700000              76800  4.9388892302554399E-01
    87   8.2650000              76800  4.9388853269068417E-01
    88   8.3600000              76800  4.9388810596391181E-01
    89   8.4550000              76800  4.9388763570032734E-01
    90   8.5500000              76800  4.9388711490929960E-01
    91   8.6450000              76800  4.9388653411043626E-01
    92   8.7400000              76800  4.9388588109271991E-01
    93   8.8350000              76800  4.9388514259338784E-01
    94   8.9300000              76800  4.9388430363489610E-01
    95   9.0250000              76800  4.9388334579622239E-01
    96   9.1200000              76800  4.9388224981515738E-01
    97   9.2150000              76800  4.9388100116789796E-01
    98   9.3100000              76800  4.9387959134135950E-01
    99   9.4050000              76800  4.9387801355903693E-01
   100   9.5000000              76800  4.9387625956487241E-01
   101   9.5950000              76800  4.9387432071566495E-01
   102   9.6900000              76800  4.9387218814256534E-01
   103   9.7850000              76800  4.9386984723746707E-01
   104   9.8800000              76800  4.9386727067624148E-01
   105   9.9750000              76800  4.9386441816265714E-01
   106   10.070000              76800  4.9386124504920870E-01
   107   10.165000              76800  4.9385771439225573E-01
   108   10.260000              76800  4.9385380450965194E-01
   109   10.355000              76800  4.9384950659167753E-01
   110   10.450000              76800  4.9384481368732869E-01
   111   10.545000              76800  4.9383970966975138E-01
   112   10.640000              76800  4.9383416611593756E-01
   113   10.735000              76800  4.9382814612685899E-01
   114   10.830000              76800  4.9382160866889691E-01
   115   10.925000              76800  4.9381451031089740E-01
   116   11.020000              76800  4.9380680504919261E-01
   117   11.115000              76800  4.9379844297006414E-01
   118   11.210000              76800  4.9378936900663073E-01
   119   11.305000              76800  4.9377952316540574E-01
   120   11.400000              76800  4.9376884076091304E-01
   121   11.495000              76800  4.9375725111215618E-01
   122   11.590000              76800  4.9374467739260997E-01
   123   11.685000              76800  4.9373103962910803E-01
   124   11.780000              76800  4.9371625640283329E-01
   125   11.875000              76800  4.9370024023329129E-01
   126   11.970000              76800  4.9368288956069128E-01
   127   12.065000              76800  4.9366408515875504E-01
   128   12.160000              76800  4.9364369324327573E-01
   129   12.255000              76800  4.9362156960916614E-01
   130   12.350000              76800  4.9359756025598744E-01
   131   12.445000              76800  4.9357150045246484E-01
   132   12.540000              76800  4.9354321395893619E-01
   133   12.635000              76800  4.9351250930150814E-01
   134   12.730000              76800  4.9347917303675098E-01
   135   12.825000              76800  4.9344296913535235E-01
   136   12.920000              76800  4.9340365263848163E-01
   137   13.015000              76800  4.9336098919945304E-01
   138   13.110000              76800  4.9331475733825308E-01
   139   13.205000              76800  4.9326471982814868E-01
   140   13.300000              76800  4.9321058132865492E-01
   141   13.395000              76800  4.9315196754183738E-01
   142   13.490000              76800  4.9308844299254373E-01
   143   13.585000              76800  4.9301954820689797E-01
   144   13.680000              76800  4.9294482171367004E-01
   145   13.775000              76800  4.9286379208466008E-01
   146   13.870000              76800  4.9277595784216144E-01
   147   13.965000              76800  4.9268078461777770E-01
   148   14.060000              76800  4.9257772731720800E-01
   149   14.155000              76800  4.9246625423399737E-01
   150   14.250000              76800  4.9234584558451377E-01
   151   14.345000              76800  4.9221596429843739E-01
   152   14.440000              76800  4.9207602015901719E-01
   153   14.535000              76800  4.9192534822895473E-01
   154   14.630000              76800  4.9176320952610597E-01
   155   14.725000              76800  4.9158881210113969E-01
   156   14.820000              76800  4.9140134551755610E-01
   157   14.915000              76800  4.9120001534520419E-01
   158   15.010000              76800  4.9098405776770776E-01
   159   15.105000              76800  4.9075272362529448E-01
   160   15.200000              76800  4.9050524906364668E-01
   161   15.295000              76800  4.9024084616876773E-01
   162   15.390000              76800  4.8995872484617337E-01
   163   15.485000              76800  4.8965812629395500E-01
   164   15.580000              76800  4.8933834425703859E-01
   165   15.675000              76800  4.8899872636660136E-01
   166   15.770000              76800  4.8863865779558791E-01
   167   15.865000              76800  4.8825753389668924E-01
   168   15.960000              76800  4.8785474697463921E-01
   169   16.055000              76800  4.8742972701073478E-01
   170   16.150000              76800  4.8698204221927488E-01
   171   16.245000              76800  4.8651150018882966E-01
   172   16.340000              76800  4.8601817268703373E-01
   173   16.435000              76800  4.8550231811289990E-01
   174   16.530000              76800  4.8496423596400173E-01
   175   16.625000              76800  4.8440412883591932E-01
   176   16.720000              76800  4.8382207069354410E-01
   177   16.815000              76800  4.8321811130415393E-01
   178   16.910000              76800  4.8259242106806211E-01
   179   17.005000              76800  4.8194536097032781E-01
   180   17.100000              76800  4.8127745812194761E-01
   181   17.195000              76800  4.8058936631148280E-01
   182   17.290000              76800  4.7988182743419217E-01
   183   17.385000              76800  4.7915558510445849E-01
   184   17.480000              76800  4.7841128511418135E-01
   185   17.575000              76800  4.7764945231311995E-01
   186   17.670000              76800  4.7687053609577856E-01
   187   17.765000              76800  4.7607488825586303E-01
   188   17.860000              76800  4.7526258872913785E-01
   189   17.955000              76800  4.7443325527853070E-01
   190   18.050000              76800  4.7358603050035086E-01
   191   18.145000              76800  4.7271979949856519E-01
   192   18.240000              76800  4.7183351008819507E-01
   193   18.335000              76800  4.7092631777614008E-01
   194   18.430000              76800  4.6999743395426719E-01
   195   18.525000              76800  4.6904585587667430E-01
   196   18.620000              76800  4.6807023968728967E-01
   197   18.715000              76800  4.6706894096618262E-01
   198   18.810000              76800  4.6604010692960685E-01
   199   18.905000              76800  4.6498184990264629E-01
   200   19.000000              76800  4.6389253759192961E-01
   201   19.095000              76800  4.6277106117770539E-01
   202   19.190000              76800  4.6161689708731085E-01
   203   19.285000              76800  4.6043004497255746E-01
   204   19.380000              76800  4.5921116157438779E-01
   205   19.475000              76800  4.5796196232735970E-01
   206   19.570000              76800  4.5668559739378312E-01
   207   19.665000              76800  4.5538674510290966E-01
   208   19.760000              76800  4.5407150342228064E-01
   209   19.855000              76800  4.5274731584409944E-01
   210   19.950000              76800  4.5142299831545496E-01
   211   20.045000              76800  4.5010873118651978E-01
   212   20.140000              76800  4.4881587474443396E-01
   213   20.235000              76800  4.4755667171255265E-01
   214   20.330000              76800  4.4634400115376249E-01
   215   20.425000              76800  4.4519119021692621E-01
   216   20.520000              76800  4.4411174823269539E-01
   217   20.615000              76800  4.4311901824224120E-01
   218   20.710000              76800  4.4222584708366408E-01
   219   20.805000              76800  4.4144434926839093E-01
   220   20.900000              76800  4.4078577865136515E-01
   221   20.995000              76800  4.4026040759434104E-01
   222   21.090000              76800  4.3987741740099662E-01
   223   21.185000              76800  4.3964481885820084E-01
   224   21.280000              76800  4.3956937586186090E-01
   225   21.375000              76800  4.3965654593044490E-01
   226   21.470000              76800  4.3991034954221830E-01
   227   21.565000              76800  4.4033305037263404E-01
   228   21.660000              76800  4.4092473641418373E-01
   229   21.755000              76800  4.4168308270549883E-01
   230   21.850000              76800  4.4260331816582399E-01
   231   21.945000              76800  4.4367818331398556E-01
   232   22.040000              76800  4.4489786953035615E-01
   233   22.135000              76800  4.4625016278761265E-01
   234   22.230000              76800  4.4772089645280455E-01
   235   22.325000              76800  4.4929435247630806E-01
   236   22.420000              76800  4.5095331176902287E-01
   237   22.515000              76800  4.5267899939951634E-01
   238   22.610000              76800  4.5445118616852642E-01
   239   22.705000              76800  4.5624843985909491E-01
   240   22.800000              76800  4.5804840176317707E-01
   241   22.895000              76800  4.5982815454319392E-01
   242   22.990000              76800  4.6156478484276536E-01
   243   23.085000              76800  4.6323591906776113E-01
   244   23.180000              76800  4.6482002993511917E-01
   245   23.275000              76800  4.6629657339761210E-01
   246   23.370000              76800  4.6764620352608044E-01
   247   23.465000              76800  4.6885129585217866E-01
   248   23.560000              76800  4.6989664249943286E-01
   249   23.655000              76800  4.7076996258808679E-01
   250   23.750000              76800  4.7146195011663039E-01
   251   23.845000              76800  4.7196583775078604E-01
   252   23.940000              76800  4.7227707270362795E-01
   253   24.035000              76800  4.7239359890135446E-01
   254   24.130000              76800  4.7231635947283596E-01
   255   24.225000              76800  4.7204924574825574E-01
   256   24.320000              76800  4.7159840212227905E-01
   257   24.415000              76800  4.7097165917947559E-01
   258   24.510000              76800  4.7017856386267026E-01
   259   24.605000              76800  4.6923059991888272E-01
   260   24.700000              76800  4.6814103098108106E-01
   261   24.795000              76800  4.6692440630441362E-01
   262   24.890000              76800  4.6559624125912752E-01
   263   24.985000              76800  4.6417325515788643E-01
   264   25.080000              76800  4.6267375089583607E-01
   265   25.175000              76800  4.6111735940439819E-01
   266   25.270000              76800  4.5952421146458822E-01
   267   25.365000              76800  4.5791405924432599E-01
   268   25.460000              76800  4.5630574251391393E-01
   269   25.555000              76800  4.5471702902079325E-01
   270   25.650000              76800  4.5316432381241056E-01
   271   25.745000              76800  4.5166210946359830E-01
   272   25.840000              76800  4.5022263115931999E-01
   273   25.935000              76800  4.4885601925994828E-01
   274   26.030000              76800  4.4757033408015012E-01
   275   26.125000              76800  4.4637129439339346E-01
   276   26.220000              76800  4.4526228904672549E-01
   277   26.315000              76800  4.4424491664601323E-01
   278   26.410000              76800  4.4331943239602534E-01
   279   26.505000              76800  4.4248464737501364E-01
   280   26.600000              76800  4.4173743029377138E-01
   281   26.695000              76800  4.4107228004386001E-01
   282   26.790000              76800  4.4048140675102926E-01
   283   26.885000              76800  4.3995532659357622E-01
   284   26.980000              76800  4.3948358143741906E-01
   285   27.075000              76800  4.3905519463790982E-01
   286   27.170000              76800  4.3865897646696994E-01
   287   27.265000              76800  4.3828424955323186E-01
   288   27.360000              76800  4.3792185319161220E-01
   289   27.455000              76800  4.3756437471558296E-01
   290   27.550000              76800  4.3720513092212759E-01
   291   27.645000              76800  4.3683674252071064E-01
   292   27.740000              76800  4.3645042290908964E-01
   293   27.835000              76800  4.3603597563851060E-01
   294   27.930000              76800  4.3558188829281391E-01
   295   28.025000              76800  4.3507536020147530E-01
   296   28.120000              76800  4.3450254950474843E-01
   297   28.215000              76800  4.3384967897977067E-01
   298   28.310000              76800  4.3310512353169089E-01
   299   28.405000              76800  4.3226138445288531E-01
   300   28.500000              76800  4.3131577215039002E-01
   301   28.595000              76800  4.3027007305869169E-01
   302   28.690000              76800  4.2913041868301383E-01
   303   28.785000              76800  4.2790754244331414E-01
   304   28.880000              76800  4.2661663602922861E-01
   305   28.975000              76800  4.2527646784131296E-01
   306   29.070000              76800  4.2390806215601806E-01
   307   29.165000              76800  4.2253328414009372E-01
   308   29.260000              76800  4.2117361085696181E-01
   309   29.355000              76800  4.1984927983067061E-01
   310   29.450000              76800  4.1857877188819809E-01
   311   29.545000              76800  4.1737851979641022E-01
   312   29.640000              76800  4.1626266658369449E-01
   313   29.735000              76800  4.1524260866046958E-01
   314   29.830000              76800  4.1432636930845823E-01
   315   29.925000              76800  4.1351816313461437E-01
   316   30.020000              76800  4.1281819623554084E-01
   317   30.115000              76800  4.1222278319819983E-01
   318   30.210000              76800  4.1172517459625035E-01
   319   30.305000              76800  4.1131694355631954E-01
   320   30.400000              76800  4.1098933250908798E-01
   321   30.495000              76800  4.1073419641630704E-01
   322   30.590000              76800  4.1054447660428495E-01
   323   30.685000              76800  4.1041425525849778E-01
   324   30.780000              76800  4.1033851282779477E-01
   325   30.875000              76800  4.1031260195838287E-01
   326   30.970000              76800  4.1033166481968308E-01
   327   31.065000              76800  4.1039080297515651E-01
   328   31.160000              76800  4.1048607643295709E-01
   329   31.255000              76800  4.1061505452129238E-01
   330   31.350000              76800  4.1077650526838261E-01
   331   31.445000              76800  4.1097041691588554E-01
   332   31.540000              76800  4.1119865864329941E-01
   333   31.635000              76800  4.1146535049154104E-01
   334   31.730000              76800  4.1177673956599870E-01
   335   31.825000              76800  4.1214064716795201E-01
   336   31.920000              76800  4.1256513600528855E-01
   337   32.015000              76800  4.1305676712744765E-01
   338   32.110000              76800  4.1361979086732775E-01
   339   32.205000              76800  4.1425704120169832E-01
   340   32.300000              76800  4.1497071855063317E-01
   341   32.395000              76800  4.1576133218181754E-01
   342   32.490000              76800  4.1662654649183373E-01
   343   32.585000              76800  4.1756163484008268E-01
   344   32.680000              76800  4.1856027217889469E-01
   345   32.775000              76800  4.1961484530208948E-01
   346   32.870000              76800  4.2071696164109329E-01
   347   32.965000              76800  4.2185745814296610E-01
   348   33.060000              76800  4.2302516404544432E-01
   349   33.155000              76800  4.2420599703861306E-01
   350   33.250000              76800  4.2538355565544106E-01
   351   33.345000              76800  4.2654109205392754E-01
   352   33.440000              76800  4.2766374581949529E-01
   353   33.535000              76800  4.2873931979902213E-01
   354   33.630000              76800  4.2975838037395675E-01
   355   33.725000              76800  4.3071536080643891E-01
   356   33.820000              76800  4.3161021529219556E-01
   357   33.915000              76800  4.3244847945609372E-01
   358   34.010000              76800  4.3323885133349549E-01
   359   34.105000              76800  4.3398947014920702E-01
   360   34.200000              76800  4.3470464855937729E-01
   361   34.295000              76800  4.3538317256622705E-01
   362   34.390000              76800  4.3601787113274054E-01
   363   34.485000              76800  4.3659633341822507E-01
   364   34.580000              76800  4.3710341819541176E-01
   365   34.675000              76800  4.3752512972798119E-01
   366   34.770000              76800  4.3785188197496272E-01
   367   34.865000              76800  4.3808020850680734E-01
   368   34.960000              76800  4.3821311663948948E-01
   369   35.055000              76800  4.3825878384360012E-01
   370   35.150000              76800  4.3822762149625061E-01
   371   35.245000              76800  4.3812889153802048E-01
   372   35.340000              76800  4.3796821493870741E-01
   373   35.435000              76800  4.3774695500228794E-01
   374   35.530000              76800  4.3746410869371155E-01
   375   35.625000              76800  4.3711963625592221E-01
   376   35.720000              76800  4.3671707076928024E-01
   377   35.815000              76800  4.3626431000360177E-01
   378   35.910000              76800  4.3577263991570758E-01
   379   36.005000              76800  4.3525486194740259E-01
   380   36.100000              76800  4.3472364338481340E-01
   381   36.195000              76800  4.3419043322106327E-01
   382   36.290000              76800  4.3366517553039530E-01
   383   36.385000              76800  4.3315681701548375E-01
   384   36.480000              76800  4.3267401365262870E-01
   385   36.575000              76800  4.3222610801540695E-01
   386   36.670000              76800  4.3182457924658441E-01
   387   36.765000              76800  4.3148385408030249E-01
   388   36.860000              76800  4.3122004491093680E-01
   389   36.955000              76800  4.3104764286620917E-01
   390   37.050000              76800  4.3097630550690508E-01
   391   37.145000              76800  4.3100981100424307E-01
   392   37.240000              76800  4.3114618112661995E-01
   393   37.335000              76800  4.3137759667623704E-01
   394   37.430000              76800  4.3169146961630711E-01
   395   37.525000              76800  4.3207264101065979E-01
   396   37.620000              76800  4.3250454756008849E-01
   397   37.715000              76800  4.3296932539516098E-01
   398   37.810000              76800  4.3344725170818044E-01
   399   37.905000              76800  4.3391547148392962E-01
   400   38.000000              76800  4.3434630953710762E-01
   401   38.095000              76800  4.3470627473033890E-01
   402   38.190000              76800  4.3495742221798217E-01
   403   38.285000              76800  4.3506110760557887E-01
   404   38.380000              76800  4.3498353469099754E-01
   405   38.475000              76800  4.3470225130472184E-01
   406   38.570000              76800  4.3421131613283531E-01
   407   38.665000              76800  4.3352223347240215E-01
   408   38.760000              76800  4.3265942422937254E-01
   409   38.855000              76800  4.3165247761965686E-01
   410   38.950000              76800  4.3052981645612398E-01
   411   39.045000              76800  4.2931576170204311E-01
   412   39.140000              76800  4.2802965784840041E-01
   413   39.235000              76800  4.2668731748776900E-01
   414   39.330000              76800  4.2530449962520234E-01
   415   39.425000              76800  4.2389783346196680E-01
   416   39.520000              76800  4.2248121714542741E-01
   417   39.615000              76800  4.2106233745155885E-01
   418   39.710000              76800  4.1964142914597130E-01
   419   39.805000              76800  4.1821100120965132E-01
   420   39.900000              76800  4.1675811315849653E-01
   421   39.995000              76800  4.1526915553144528E-01
   422   40.090000              76800  4.1373426487638432E-01
