! Kinetic energy for species "electrons-up"
  Iter        Time          Total Par.             Kin. Energy
     0   0.0000000              76800  4.9397103136600051E-01
     1  0.95000000E-01          76800  4.9397104713778817E-01
     2  0.19000000              76800  4.9397109490796093E-01
     3  0.28500000              76800  4.9397117556372383E-01
     4  0.38000000              76800  4.9397128935548074E-01
     5  0.47500000              76800  4.9397143520312192E-01
     6  0.57000000              76800  4.9397161086669711E-01
     7  0.66500000              76800  4.9397181345420915E-01
     8  0.76000000              76800  4.9397203970155756E-01
     9  0.85500000              76800  4.9397228608719934E-01
    10  0.95000000              76800  4.9397254918124167E-01
    11   1.0450000              76800  4.9397282601941933E-01
    12   1.1400000              76800  4.9397311365411262E-01
    13   1.2350000              76800  4.9397340805503465E-01
    14   1.3300000              76800  4.9397370396953888E-01
    15   1.4250000              76800  4.9397399623187443E-01
    16   1.5200000              76800  4.9397428074154298E-01
    17   1.6150000              76800  4.9397455386079303E-01
    18   1.7100000              76800  4.9397481140524790E-01
    19   1.8050000              76800  4.9397504878616405E-01
    20   1.9000000              76800  4.9397526197942121E-01
    21   1.9950000              76800  4.9397544783384983E-01
    22   2.0900000              76800  4.9397560339737107E-01
    23   2.1850000              76800  4.9397572564969811E-01
    24   2.2800000              76800  4.9397581235732918E-01
    25   2.3750000              76800  4.9397586265801319E-01
    26   2.4700000              76800  4.9397587637314433E-01
    27   2.5650000              76800  4.9397585327869770E-01
    28   2.6600000              76800  4.9397579340543052E-01
    29   2.7550000              76800  4.9397569757439974E-01
    30   2.8500000              76800  4.9397556740554338E-01
    31   2.9450000              76800  4.9397540517325234E-01
    32   3.0400000              76800  4.9397521372446851E-01
    33   3.1350000              76800  4.9397499607142858E-01
    34   3.2300000              76800  4.9397475464984320E-01
    35   3.3250000              76800  4.9397449111785641E-01
    36   3.4200000              76800  4.9397420756332844E-01
    37   3.5150000              76800  4.9397390824792731E-01
    38   3.6100000              76800  4.9397359962617793E-01
    39   3.7050000              76800  4.9397328821136777E-01
    40   3.8000000              76800  4.9397297864001843E-01
    41   3.8950000              76800  4.9397267372492715E-01
    42   3.9900000              76800  4.9397237573269015E-01
    43   4.0850000              76800  4.9397208739892862E-01
    44   4.1800000              76800  4.9397181223086645E-01
    45   4.2750000              76800  4.9397155452238073E-01
    46   4.3700000              76800  4.9397131930782939E-01
    47   4.4650000              76800  4.9397111141339878E-01
    48   4.5600000              76800  4.9397093316880797E-01
    49   4.6550000              76800  4.9397078301231201E-01
    50   4.7500000              76800  4.9397065763086850E-01
    51   4.8450000              76800  4.9397055627780428E-01
    52   4.9400000              76800  4.9397048293978707E-01
    53   5.0350000              76800  4.9397044410754382E-01
    54   5.1300000              76800  4.9397044415396846E-01
    55   5.2250000              76800  4.9397048228944962E-01
    56   5.3200000              76800  4.9397055317041488E-01
    57   5.4150000              76800  4.9397064992279899E-01
    58   5.5100000              76800  4.9397076732571232E-01
    59   5.6050000              76800  4.9397090354297379E-01
    60   5.7000000              76800  4.9397105900005006E-01
    61   5.7950000              76800  4.9397123286967115E-01
    62   5.8900000              76800  4.9397142077238215E-01
    63   5.9850000              76800  4.9397161614065921E-01
    64   6.0800000              76800  4.9397181304274673E-01
    65   6.1750000              76800  4.9397200733348173E-01
    66   6.2700000              76800  4.9397219604865250E-01
    67   6.3650000              76800  4.9397237639463099E-01
    68   6.4600000              76800  4.9397254470037860E-01
    69   6.5550000              76800  4.9397269528965410E-01
    70   6.6500000              76800  4.9397282013014054E-01
    71   6.7450000              76800  4.9397291027713885E-01
    72   6.8400000              76800  4.9397295818588488E-01
    73   6.9350000              76800  4.9397295868713037E-01
    74   7.0300000              76800  4.9397290842695663E-01
    75   7.1250000              76800  4.9397280513032082E-01
    76   7.2200000              76800  4.9397264652950112E-01
    77   7.3150000              76800  4.9397242879199232E-01
    78   7.4100000              76800  4.9397214688152113E-01
    79   7.5050000              76800  4.9397179812533376E-01
    80   7.6000000              76800  4.9397138499738691E-01
    81   7.6950000              76800  4.9397091240783431E-01
    82   7.7900000              76800  4.9397038115591230E-01
    83   7.8850000              76800  4.9396978438248929E-01
    84   7.9800000              76800  4.9396911124168325E-01
    85   8.0750000              76800  4.9396835445019061E-01
    86   8.1700000              76800  4.9396751421380058E-01
    87   8.2650000              76800  4.9396659543951593E-01
    88   8.3600000              76800  4.9396560267966355E-01
    89   8.4550000              76800  4.9396453785113315E-01
    90   8.5500000              76800  4.9396340035324393E-01
    91   8.6450000              76800  4.9396218725689889E-01
    92   8.7400000              76800  4.9396089366143181E-01
    93   8.8350000              76800  4.9395951394809301E-01
    94   8.9300000              76800  4.9395804316757386E-01
    95   9.0250000              76800  4.9395647721920233E-01
    96   9.1200000              76800  4.9395481134207941E-01
    97   9.2150000              76800  4.9395303848755434E-01
    98   9.3100000              76800  4.9395115015834690E-01
    99   9.4050000              76800  4.9394913970619608E-01
   100   9.5000000              76800  4.9394700503219668E-01
   101   9.5950000              76800  4.9394474794431087E-01
   102   9.6900000              76800  4.9394236912353018E-01
   103   9.7850000              76800  4.9393985972757382E-01
   104   9.8800000              76800  4.9393719445079043E-01
   105   9.9750000              76800  4.9393433250338648E-01
   106   10.070000              76800  4.9393122793050948E-01
   107   10.165000              76800  4.9392784279409185E-01
   108   10.260000              76800  4.9392415405706919E-01
   109   10.355000              76800  4.9392015009541756E-01
   110   10.450000              76800  4.9391582035554116E-01
   111   10.545000              76800  4.9391114517904211E-01
   112   10.640000              76800  4.9390609126853724E-01
   113   10.735000              76800  4.9390061426822990E-01
   114   10.830000              76800  4.9389466498617401E-01
   115   10.925000              76800  4.9388819285836305E-01
   116   11.020000              76800  4.9388114387336379E-01
   117   11.115000              76800  4.9387345752176720E-01
   118   11.210000              76800  4.9386506807621033E-01
   119   11.305000              76800  4.9385590743055718E-01
   120   11.400000              76800  4.9384590252551552E-01
   121   11.495000              76800  4.9383496913843766E-01
   122   11.590000              76800  4.9382301273052837E-01
   123   11.685000              76800  4.9380993876168772E-01
   124   11.780000              76800  4.9379565929688396E-01
   125   11.875000              76800  4.9378008508754323E-01
   126   11.970000              76800  4.9376311092373704E-01
   127   12.065000              76800  4.9374461012998283E-01
   128   12.160000              76800  4.9372444147482364E-01
   129   12.255000              76800  4.9370245650186712E-01
   130   12.350000              76800  4.9367849656018647E-01
   131   12.445000              76800  4.9365238442950998E-01
   132   12.540000              76800  4.9362392380595344E-01
   133   12.635000              76800  4.9359290793135313E-01
   134   12.730000              76800  4.9355912478182784E-01
   135   12.825000              76800  4.9352235356832974E-01
   136   12.920000              76800  4.9348236322598660E-01
   137   13.015000              76800  4.9343891982171562E-01
   138   13.110000              76800  4.9339179041314052E-01
   139   13.205000              76800  4.9334072696868214E-01
   140   13.300000              76800  4.9328543548507520E-01
   141   13.395000              76800  4.9322555461618695E-01
   142   13.490000              76800  4.9316065864143693E-01
   143   13.585000              76800  4.9309027622897617E-01
   144   13.680000              76800  4.9301391082948182E-01
   145   13.775000              76800  4.9293105854672481E-01
   146   13.870000              76800  4.9284122093532828E-01
   147   13.965000              76800  4.9274390491567283E-01
   148   14.060000              76800  4.9263860753529964E-01
   149   14.155000              76800  4.9252479592049175E-01
   150   14.250000              76800  4.9240189403106049E-01
   151   14.345000              76800  4.9226927710481672E-01
   152   14.440000              76800  4.9212626936018211E-01
   153   14.535000              76800  4.9197214626156460E-01
   154   14.630000              76800  4.9180614501817949E-01
   155   14.725000              76800  4.9162747851672162E-01
   156   14.820000              76800  4.9143534174883519E-01
   157   14.915000              76800  4.9122890766564142E-01
   158   15.010000              76800  4.9100732062579788E-01
   159   15.105000              76800  4.9076969619516253E-01
   160   15.200000              76800  4.9051512955636378E-01
   161   15.295000              76800  4.9024270614028742E-01
   162   15.390000              76800  4.8995150724417913E-01
   163   15.485000              76800  4.8964061356096328E-01
   164   15.580000              76800  4.8930911981757574E-01
   165   15.675000              76800  4.8895615671363923E-01
   166   15.770000              76800  4.8858088789436926E-01
   167   15.865000              76800  4.8818247735492304E-01
   168   15.960000              76800  4.8776009131531967E-01
   169   16.055000              76800  4.8731297516561095E-01
   170   16.150000              76800  4.8684053802522664E-01
   171   16.245000              76800  4.8634235544247251E-01
   172   16.340000              76800  4.8581811288687460E-01
   173   16.435000              76800  4.8526757894719919E-01
   174   16.530000              76800  4.8469060735865249E-01
   175   16.625000              76800  4.8408710520781961E-01
   176   16.720000              76800  4.8345697891958322E-01
   177   16.815000              76800  4.8280013863507182E-01
   178   16.910000              76800  4.8211660171942400E-01
   179   17.005000              76800  4.8140662989391592E-01
   180   17.100000              76800  4.8067080541576546E-01
   181   17.195000              76800  4.7990998620281711E-01
   182   17.290000              76800  4.7912516578812264E-01
   183   17.385000              76800  4.7831737815675229E-01
   184   17.480000              76800  4.7748773283721607E-01
   185   17.575000              76800  4.7663750651327319E-01
   186   17.670000              76800  4.7576818530748682E-01
   187   17.765000              76800  4.7488144933700638E-01
   188   17.860000              76800  4.7397919801292882E-01
   189   17.955000              76800  4.7306367967084323E-01
   190   18.050000              76800  4.7213766740902263E-01
   191   18.145000              76800  4.7120456639838759E-01
   192   18.240000              76800  4.7026835552123969E-01
   193   18.335000              76800  4.6933346514713481E-01
   194   18.430000              76800  4.6840472556572199E-01
   195   18.525000              76800  4.6748738269404921E-01
   196   18.620000              76800  4.6658714750678404E-01
   197   18.715000              76800  4.6571019167487443E-01
   198   18.810000              76800  4.6486298402161197E-01
   199   18.905000              76800  4.6405195806770461E-01
   200   19.000000              76800  4.6328315986134960E-01
   201   19.095000              76800  4.6256190574948741E-01
   202   19.190000              76800  4.6189239385724995E-01
   203   19.285000              76800  4.6127730143395351E-01
   204   19.380000              76800  4.6071750858500782E-01
   205   19.475000              76800  4.6021220753762576E-01
   206   19.570000              76800  4.5975931683067861E-01
   207   19.665000              76800  4.5935584806756125E-01
   208   19.760000              76800  4.5899802891840397E-01
   209   19.855000              76800  4.5868146035040214E-01
   210   19.950000              76800  4.5840160038543742E-01
   211   20.045000              76800  4.5815431834306564E-01
   212   20.140000              76800  4.5793623247275017E-01
   213   20.235000              76800  4.5774481254361082E-01
   214   20.330000              76800  4.5757826020892478E-01
   215   20.425000              76800  4.5743522012064208E-01
   216   20.520000              76800  4.5731439026753218E-01
   217   20.615000              76800  4.5721414725574772E-01
   218   20.710000              76800  4.5713232531487602E-01
   219   20.805000              76800  4.5706586093973001E-01
   220   20.900000              76800  4.5701013713901950E-01
   221   20.995000              76800  4.5695850742592414E-01
   222   21.090000              76800  4.5690235437210786E-01
   223   21.185000              76800  4.5683146331805308E-01
   224   21.280000              76800  4.5673419492571410E-01
   225   21.375000              76800  4.5659742610457699E-01
   226   21.470000              76800  4.5640682895918583E-01
   227   21.565000              76800  4.5614770964155638E-01
   228   21.660000              76800  4.5580627404047669E-01
   229   21.755000              76800  4.5537095706622543E-01
   230   21.850000              76800  4.5483334539769144E-01
   231   21.945000              76800  4.5418873430434042E-01
   232   22.040000              76800  4.5343670573227229E-01
   233   22.135000              76800  4.5258190307945312E-01
   234   22.230000              76800  4.5163466770740857E-01
   235   22.325000              76800  4.5061095837061182E-01
   236   22.420000              76800  4.4953126971051738E-01
   237   22.515000              76800  4.4841883471538219E-01
   238   22.610000              76800  4.4729771152913744E-01
   239   22.705000              76800  4.4619133518102205E-01
   240   22.800000              76800  4.4512167214910969E-01
   241   22.895000              76800  4.4410848456847613E-01
   242   22.990000              76800  4.4316840586030376E-01
   243   23.085000              76800  4.4231423902409700E-01
   244   23.180000              76800  4.4155507452322090E-01
   245   23.275000              76800  4.4089716359980069E-01
   246   23.370000              76800  4.4034493267657121E-01
   247   23.465000              76800  4.3990181124806649E-01
   248   23.560000              76800  4.3957084295600835E-01
   249   23.655000              76800  4.3935495166481692E-01
   250   23.750000              76800  4.3925698837300203E-01
   251   23.845000              76800  4.3927984108234996E-01
   252   23.940000              76800  4.3942634888569909E-01
   253   24.035000              76800  4.3969860700778307E-01
   254   24.130000              76800  4.4009690666144829E-01
   255   24.225000              76800  4.4061906260570483E-01
   256   24.320000              76800  4.4126041719282405E-01
   257   24.415000              76800  4.4201405738180838E-01
   258   24.510000              76800  4.4287089446536698E-01
   259   24.605000              76800  4.4381966743552048E-01
   260   24.700000              76800  4.4484687996894190E-01
   261   24.795000              76800  4.4593653931272670E-01
   262   24.890000              76800  4.4707012483404063E-01
   263   24.985000              76800  4.4822764134594145E-01
   264   25.080000              76800  4.4938933468636771E-01
   265   25.175000              76800  4.5053668192329738E-01
   266   25.270000              76800  4.5165230326740047E-01
   267   25.365000              76800  4.5271963474762128E-01
   268   25.460000              76800  4.5372279234680618E-01
   269   25.555000              76800  4.5464633191135623E-01
   270   25.650000              76800  4.5547493126132121E-01
   271   25.745000              76800  4.5619324554908630E-01
   272   25.840000              76800  4.5678613833393400E-01
   273   25.935000              76800  4.5723925153201717E-01
   274   26.030000              76800  4.5753943759532784E-01
   275   26.125000              76800  4.5767463291078375E-01
   276   26.220000              76800  4.5763348784631364E-01
   277   26.315000              76800  4.5740570130234243E-01
   278   26.410000              76800  4.5698314973854193E-01
   279   26.505000              76800  4.5636064668047016E-01
   280   26.600000              76800  4.5553590164336777E-01
   281   26.695000              76800  4.5450972361406466E-01
   282   26.790000              76800  4.5328702703225404E-01
   283   26.885000              76800  4.5187774451548313E-01
   284   26.980000              76800  4.5029686303253530E-01
   285   27.075000              76800  4.4856409744031817E-01
   286   27.170000              76800  4.4670409507572828E-01
   287   27.265000              76800  4.4474677754617464E-01
   288   27.360000              76800  4.4272674124102329E-01
   289   27.455000              76800  4.4068175074846805E-01
   290   27.550000              76800  4.3865119722707202E-01
   291   27.645000              76800  4.3667470868851721E-01
   292   27.740000              76800  4.3479050644448702E-01
   293   27.835000              76800  4.3303388504128848E-01
   294   27.930000              76800  4.3143627007912166E-01
   295   28.025000              76800  4.3002422863057177E-01
   296   28.120000              76800  4.2881818060956889E-01
   297   28.215000              76800  4.2783163225481458E-01
   298   28.310000              76800  4.2707113987265199E-01
   299   28.405000              76800  4.2653640776824447E-01
   300   28.500000              76800  4.2622046882322573E-01
   301   28.595000              76800  4.2611053430064000E-01
   302   28.690000              76800  4.2618932649279956E-01
   303   28.785000              76800  4.2643584178086946E-01
   304   28.880000              76800  4.2682548508744422E-01
   305   28.975000              76800  4.2733082699291680E-01
   306   29.070000              76800  4.2792337555468812E-01
   307   29.165000              76800  4.2857492801180536E-01
   308   29.260000              76800  4.2925782550159330E-01
   309   29.355000              76800  4.2994512670721441E-01
   310   29.450000              76800  4.3061142484524001E-01
   311   29.545000              76800  4.3123381181924875E-01
   312   29.640000              76800  4.3179223328638150E-01
   313   29.735000              76800  4.3226955719418958E-01
   314   29.830000              76800  4.3265202214467502E-01
   315   29.925000              76800  4.3292956374272540E-01
   316   30.020000              76800  4.3309547839938234E-01
   317   30.115000              76800  4.3314637815032503E-01
   318   30.210000              76800  4.3308349005906499E-01
   319   30.305000              76800  4.3291485032948906E-01
   320   30.400000              76800  4.3265666537318614E-01
   321   30.495000              76800  4.3233253633807855E-01
   322   30.590000              76800  4.3197113667502085E-01
   323   30.685000              76800  4.3160381748383125E-01
   324   30.780000              76800  4.3126194223951286E-01
   325   30.875000              76800  4.3097325581850932E-01
   326   30.970000              76800  4.3075796735998073E-01
   327   31.065000              76800  4.3062561646460001E-01
   328   31.160000              76800  4.3057397782994955E-01
   329   31.255000              76800  4.3059092092166396E-01
   330   31.350000              76800  4.3065791345522891E-01
   331   31.445000              76800  4.3075255562866599E-01
   332   31.540000              76800  4.3085009626350523E-01
   333   31.635000              76800  4.3092617664232774E-01
   334   31.730000              76800  4.3096032560867192E-01
   335   31.825000              76800  4.3093789916327796E-01
   336   31.920000              76800  4.3085151335741778E-01
   337   32.015000              76800  4.3070401905940525E-01
   338   32.110000              76800  4.3051043147877943E-01
   339   32.205000              76800  4.3029471713813128E-01
   340   32.300000              76800  4.3008361433584580E-01
   341   32.395000              76800  4.2990270279815929E-01
   342   32.490000              76800  4.2977502065609241E-01
   343   32.585000              76800  4.2971893624286406E-01
   344   32.680000              76800  4.2974423394243388E-01
   345   32.775000              76800  4.2984929231638236E-01
   346   32.870000              76800  4.3002135093863630E-01
   347   32.965000              76800  4.3023755874354069E-01
   348   33.060000              76800  4.3046568613052655E-01
   349   33.155000              76800  4.3066709207391018E-01
   350   33.250000              76800  4.3080182749365659E-01
   351   33.345000              76800  4.3083293641863973E-01
   352   33.440000              76800  4.3072940185634917E-01
   353   33.535000              76800  4.3046854642218857E-01
   354   33.630000              76800  4.3003791001064218E-01
   355   33.725000              76800  4.2943701343210094E-01
   356   33.820000              76800  4.2867901278756915E-01
   357   33.915000              76800  4.2779037568267447E-01
   358   34.010000              76800  4.2680796947873900E-01
   359   34.105000              76800  4.2577562075730263E-01
   360   34.200000              76800  4.2473999225911030E-01
   361   34.295000              76800  4.2374455759578011E-01
   362   34.390000              76800  4.2282502150143519E-01
   363   34.485000              76800  4.2200903121026895E-01
   364   34.580000              76800  4.2131765502015817E-01
   365   34.675000              76800  4.2076575490289436E-01
   366   34.770000              76800  4.2036167446281170E-01
   367   34.865000              76800  4.2010699594068796E-01
   368   34.960000              76800  4.1999560194068636E-01
   369   35.055000              76800  4.2001218953872532E-01
   370   35.150000              76800  4.2013186949445769E-01
   371   35.245000              76800  4.2032152301181047E-01
   372   35.340000              76800  4.2054200551575366E-01
   373   35.435000              76800  4.2075068280840638E-01
   374   35.530000              76800  4.2090492848647670E-01
   375   35.625000              76800  4.2096711541779774E-01
   376   35.720000              76800  4.2090963587994190E-01
   377   35.815000              76800  4.2071770300988964E-01
   378   35.910000              76800  4.2038989716401987E-01
   379   36.005000              76800  4.1993777293193596E-01
   380   36.100000              76800  4.1938466114578676E-01
   381   36.195000              76800  4.1876307989294326E-01
   382   36.290000              76800  4.1811139641736672E-01
   383   36.385000              76800  4.1747071134617397E-01
   384   36.480000              76800  4.1688096629714666E-01
   385   36.575000              76800  4.1637558558547261E-01
   386   36.670000              76800  4.1597742577780972E-01
   387   36.765000              76800  4.1569864744725954E-01
   388   36.860000              76800  4.1554286065521040E-01
   389   36.955000              76800  4.1550667165619837E-01
   390   37.050000              76800  4.1558069430922845E-01
   391   37.145000              76800  4.1575063080123498E-01
   392   37.240000              76800  4.1599751000395169E-01
   393   37.335000              76800  4.1629751542879045E-01
   394   37.430000              76800  4.1662336362430819E-01
   395   37.525000              76800  4.1694743701736298E-01
   396   37.620000              76800  4.1724541027751261E-01
   397   37.715000              76800  4.1750011653093511E-01
   398   37.810000              76800  4.1770550236264514E-01
   399   37.905000              76800  4.1786887027452085E-01
   400   38.000000              76800  4.1801039097047199E-01
   401   38.095000              76800  4.1816075823987214E-01
   402   38.190000              76800  4.1835762178976738E-01
   403   38.285000              76800  4.1864202190841660E-01
   404   38.380000              76800  4.1905592033844202E-01
   405   38.475000              76800  4.1963999247516853E-01
   406   38.570000              76800  4.2043125782208712E-01
   407   38.665000              76800  4.2146111275986209E-01
   408   38.760000              76800  4.2275373831618313E-01
   409   38.855000              76800  4.2432484120310621E-01
   410   38.950000              76800  4.2618024422282458E-01
   411   39.045000              76800  4.2831410739805120E-01
   412   39.140000              76800  4.3070872911316144E-01
   413   39.235000              76800  4.3333661586097338E-01
   414   39.330000              76800  4.3616139558280076E-01
   415   39.425000              76800  4.3913613354975778E-01
   416   39.520000              76800  4.4220309393803048E-01
   417   39.615000              76800  4.4529697966906850E-01
   418   39.710000              76800  4.4834932227307089E-01
   419   39.805000              76800  4.5129273583438989E-01
   420   39.900000              76800  4.5406599891398036E-01
   421   39.995000              76800  4.5661981856468242E-01
   422   40.090000              76800  4.5892067950600268E-01
