! Kinetic energy for species "positrons-up"
  Iter        Time          Total Par.             Kin. Energy
     0   0.0000000              76800  4.9411760295977097E-01
     1  0.95000000E-01          76800  4.9411758332672551E-01
     2  0.19000000              76800  4.9411752517120294E-01
     3  0.28500000              76800  4.9411743031717875E-01
     4  0.38000000              76800  4.9411730097191792E-01
     5  0.47500000              76800  4.9411713939385071E-01
     6  0.57000000              76800  4.9411694799535189E-01
     7  0.66500000              76800  4.9411672965580855E-01
     8  0.76000000              76800  4.9411648792391494E-01
     9  0.85500000              76800  4.9411622687813406E-01
    10  0.95000000              76800  4.9411595069508585E-01
    11   1.0450000              76800  4.9411566327010353E-01
    12   1.1400000              76800  4.9411536819924701E-01
    13   1.2350000              76800  4.9411506915385184E-01
    14   1.3300000              76800  4.9411477038139673E-01
    15   1.4250000              76800  4.9411447675906134E-01
    16   1.5200000              76800  4.9411419304405413E-01
    17   1.6150000              76800  4.9411392300837376E-01
    18   1.7100000              76800  4.9411366957956487E-01
    19   1.8050000              76800  4.9411343576460409E-01
    20   1.9000000              76800  4.9411322487751513E-01
    21   1.9950000              76800  4.9411303978347099E-01
    22   2.0900000              76800  4.9411288269289466E-01
    23   2.1850000              76800  4.9411275596995652E-01
    24   2.2800000              76800  4.9411266219848859E-01
    25   2.3750000              76800  4.9411260288101888E-01
    26   2.4700000              76800  4.9411257789782975E-01
    27   2.5650000              76800  4.9411258681117587E-01
    28   2.6600000              76800  4.9411262977948112E-01
    29   2.7550000              76800  4.9411270649378275E-01
    30   2.8500000              76800  4.9411281532077433E-01
    31   2.9450000              76800  4.9411295463911353E-01
    32   3.0400000              76800  4.9411312406716434E-01
    33   3.1350000              76800  4.9411332295140470E-01
    34   3.2300000              76800  4.9411354816459685E-01
    35   3.3250000              76800  4.9411379441614539E-01
    36   3.4200000              76800  4.9411405615431370E-01
    37   3.5150000              76800  4.9411432844838010E-01
    38   3.6100000              76800  4.9411460689110170E-01
    39   3.7050000              76800  4.9411488775371815E-01
    40   3.8000000              76800  4.9411516808206485E-01
    41   3.8950000              76800  4.9411544519987094E-01
    42   3.9900000              76800  4.9411571620670880E-01
    43   4.0850000              76800  4.9411597752990377E-01
    44   4.1800000              76800  4.9411622400361488E-01
    45   4.2750000              76800  4.9411644863681092E-01
    46   4.3700000              76800  4.9411664457653781E-01
    47   4.4650000              76800  4.9411680763135291E-01
    48   4.5600000              76800  4.9411693653369393E-01
    49   4.6550000              76800  4.9411703147486652E-01
    50   4.7500000              76800  4.9411709331754583E-01
    51   4.8450000              76800  4.9411712313005124E-01
    52   4.9400000              76800  4.9411712015912901E-01
    53   5.0350000              76800  4.9411707994489673E-01
    54   5.1300000              76800  4.9411699652311458E-01
    55   5.2250000              76800  4.9411686768062402E-01
    56   5.3200000              76800  4.9411669731525892E-01
    57   5.4150000              76800  4.9411649264826590E-01
    58   5.5100000              76800  4.9411626007057363E-01
    59   5.6050000              76800  4.9411600282940382E-01
    60   5.7000000              76800  4.9411572054708591E-01
    61   5.7950000              76800  4.9411541054378694E-01
    62   5.8900000              76800  4.9411507095823415E-01
    63   5.9850000              76800  4.9411470348679049E-01
    64   6.0800000              76800  4.9411431344240131E-01
    65   6.1750000              76800  4.9411390809355515E-01
    66   6.2700000              76800  4.9411349582790093E-01
    67   6.3650000              76800  4.9411308599303089E-01
    68   6.4600000              76800  4.9411268674972042E-01
    69   6.5550000              76800  4.9411230067348477E-01
    70   6.6500000              76800  4.9411192259722070E-01
    71   6.7450000              76800  4.9411154379575828E-01
    72   6.8400000              76800  4.9411115975029141E-01
    73   6.9350000              76800  4.9411077422851069E-01
    74   7.0300000              76800  4.9411039648415556E-01
    75   7.1250000              76800  4.9411003512683327E-01
    76   7.2200000              76800  4.9410969376458513E-01
    77   7.3150000              76800  4.9410937028414692E-01
    78   7.4100000              76800  4.9410905874193067E-01
    79   7.5050000              76800  4.9410875259428977E-01
    80   7.6000000              76800  4.9410844783929214E-01
    81   7.6950000              76800  4.9410814368113176E-01
    82   7.7900000              76800  4.9410784015281589E-01
    83   7.8850000              76800  4.9410753561726550E-01
    84   7.9800000              76800  4.9410722614450642E-01
    85   8.0750000              76800  4.9410690515175648E-01
    86   8.1700000              76800  4.9410656234890360E-01
    87   8.2650000              76800  4.9410618445252608E-01
    88   8.3600000              76800  4.9410575941379120E-01
    89   8.4550000              76800  4.9410528095840067E-01
    90   8.5500000              76800  4.9410474823259964E-01
    91   8.6450000              76800  4.9410416030285748E-01
    92   8.7400000              76800  4.9410351059957425E-01
    93   8.8350000              76800  4.9410278463235968E-01
    94   8.9300000              76800  4.9410196060850181E-01
    95   9.0250000              76800  4.9410101352796149E-01
    96   9.1200000              76800  4.9409992249958989E-01
    97   9.2150000              76800  4.9409867553626963E-01
    98   9.3100000              76800  4.9409726695556860E-01
    99   9.4050000              76800  4.9409569148498550E-01
   100   9.5000000              76800  4.9409394219048580E-01
   101   9.5950000              76800  4.9409201212179443E-01
   102   9.6900000              76800  4.9408989369798462E-01
   103   9.7850000              76800  4.9408757289693128E-01
   104   9.8800000              76800  4.9408502272269239E-01
   105   9.9750000              76800  4.9408220355073784E-01
   106   10.070000              76800  4.9407907280334573E-01
   107   10.165000              76800  4.9407559775246912E-01
   108   10.260000              76800  4.9407176167548694E-01
   109   10.355000              76800  4.9406755837424304E-01
   110   10.450000              76800  4.9406297927805715E-01
   111   10.545000              76800  4.9405800359036367E-01
   112   10.640000              76800  4.9405259853442662E-01
   113   10.735000              76800  4.9404672610860706E-01
   114   10.830000              76800  4.9404034767027383E-01
   115   10.925000              76800  4.9403342372983683E-01
   116   11.020000              76800  4.9402591242805349E-01
   117   11.115000              76800  4.9401776791141183E-01
   118   11.210000              76800  4.9400893683717789E-01
   119   11.305000              76800  4.9399935456927907E-01
   120   11.400000              76800  4.9398894604922472E-01
   121   11.495000              76800  4.9397763261550653E-01
   122   11.590000              76800  4.9396533902731088E-01
   123   11.685000              76800  4.9395199355226493E-01
   124   11.780000              76800  4.9393752047329020E-01
   125   11.875000              76800  4.9392183125616268E-01
   126   11.970000              76800  4.9390482045322298E-01
   127   12.065000              76800  4.9388636676155684E-01
   128   12.160000              76800  4.9386633507747035E-01
   129   12.255000              76800  4.9384457691995776E-01
   130   12.350000              76800  4.9382093230076590E-01
   131   12.445000              76800  4.9379523554858845E-01
   132   12.540000              76800  4.9376731781822814E-01
   133   12.635000              76800  4.9373699703606755E-01
   134   12.730000              76800  4.9370406241003262E-01
   135   12.825000              76800  4.9366827410724778E-01
   136   12.920000              76800  4.9362938496076153E-01
   137   13.015000              76800  4.9358716359880006E-01
   138   13.110000              76800  4.9354139211062475E-01
   139   13.205000              76800  4.9349183452649314E-01
   140   13.300000              76800  4.9343819836191016E-01
   141   13.395000              76800  4.9338011637306278E-01
   142   13.490000              76800  4.9331716061653796E-01
   143   13.585000              76800  4.9324887672566586E-01
   144   13.680000              76800  4.9317480822475807E-01
   145   13.775000              76800  4.9309448967719061E-01
   146   13.870000              76800  4.9300742339043074E-01
   147   13.965000              76800  4.9291307665287165E-01
   148   14.060000              76800  4.9281091070125954E-01
   149   14.155000              76800  4.9270040849857111E-01
   150   14.250000              76800  4.9258106629804854E-01
   151   14.345000              76800  4.9245235536399512E-01
   152   14.440000              76800  4.9231368608608111E-01
   153   14.535000              76800  4.9216439214859731E-01
   154   14.630000              76800  4.9200373328563696E-01
   155   14.725000              76800  4.9183091524157913E-01
   156   14.820000              76800  4.9164512608943112E-01
   157   14.915000              76800  4.9144557458560195E-01
   158   15.010000              76800  4.9123150481592875E-01
   159   15.105000              76800  4.9100217539830815E-01
   160   15.200000              76800  4.9075682445414315E-01
   161   15.295000              76800  4.9049465828383687E-01
   162   15.390000              76800  4.9021487761847465E-01
   163   15.485000              76800  4.8991671836438988E-01
   164   15.580000              76800  4.8959947480533311E-01
   165   15.675000              76800  4.8926249635977609E-01
   166   15.770000              76800  4.8890516933782968E-01
   167   15.865000              76800  4.8852689523034576E-01
   168   15.960000              76800  4.8812708212359734E-01
   169   16.055000              76800  4.8770518100692273E-01
   170   16.150000              76800  4.8726077910305043E-01
   171   16.245000              76800  4.8679370119413762E-01
   172   16.340000              76800  4.8630403952416196E-01
   173   16.435000              76800  4.8579207698783050E-01
   174   16.530000              76800  4.8525813899467302E-01
   175   16.625000              76800  4.8470245512313831E-01
   176   16.720000              76800  4.8412512626156379E-01
   177   16.815000              76800  4.8352622210733087E-01
   178   16.910000              76800  4.8290591670860805E-01
   179   17.005000              76800  4.8226455571187687E-01
   180   17.100000              76800  4.8160263649402663E-01
   181   17.195000              76800  4.8092077278672152E-01
   182   17.290000              76800  4.8021965480966267E-01
   183   17.385000              76800  4.7949995989779881E-01
   184   17.480000              76800  4.7876225225909702E-01
   185   17.575000              76800  4.7800696076023647E-01
   186   17.670000              76800  4.7723442661487853E-01
   187   17.765000              76800  4.7644488832036225E-01
   188   17.860000              76800  4.7563832105976400E-01
   189   17.955000              76800  4.7481425916639136E-01
   190   18.050000              76800  4.7397178713692489E-01
   191   18.145000              76800  4.7310975201454453E-01
   192   18.240000              76800  4.7222707676277526E-01
   193   18.335000              76800  4.7132289839694597E-01
   194   18.430000              76800  4.7039640548142109E-01
   195   18.525000              76800  4.6944656218487346E-01
   196   18.620000              76800  4.6847198623224084E-01
   197   18.715000              76800  4.6747099065572012E-01
   198   18.810000              76800  4.6644166620967575E-01
   199   18.905000              76800  4.6538204622009727E-01
   200   19.000000              76800  4.6429039730954641E-01
   201   19.095000              76800  4.6316549500559245E-01
   202   19.190000              76800  4.6200669361731506E-01
   203   19.285000              76800  4.6081387131469814E-01
   204   19.380000              76800  4.5958757344072282E-01
   205   19.475000              76800  4.5832942097484985E-01
   206   19.570000              76800  4.5704248991843588E-01
   207   19.665000              76800  4.5573141318554833E-01
   208   19.760000              76800  4.5440227833653418E-01
   209   19.855000              76800  4.5306255087349356E-01
   210   19.950000              76800  4.5172109635897983E-01
   211   20.045000              76800  4.5038817798845299E-01
   212   20.140000              76800  4.4907529891589854E-01
   213   20.235000              76800  4.4779493897393341E-01
   214   20.330000              76800  4.4656032532731460E-01
   215   20.425000              76800  4.4538523257003365E-01
   216   20.520000              76800  4.4428368965613108E-01
   217   20.615000              76800  4.4326959567296731E-01
   218   20.710000              76800  4.4235634879151686E-01
   219   20.805000              76800  4.4155656620779160E-01
   220   20.900000              76800  4.4088190491703461E-01
   221   20.995000              76800  4.4034289313039388E-01
   222   21.090000              76800  4.3994878692963091E-01
   223   21.185000              76800  4.3970748786947367E-01
   224   21.280000              76800  4.3962549516297789E-01
   225   21.375000              76800  4.3970791472488169E-01
   226   21.470000              76800  4.3995843399118728E-01
   227   21.565000              76800  4.4037910377218464E-01
   228   21.660000              76800  4.4096999194715919E-01
   229   21.755000              76800  4.4172896014960489E-01
   230   21.850000              76800  4.4265156181618659E-01
   231   21.945000              76800  4.4373087405372336E-01
   232   22.040000              76800  4.4495725506931083E-01
   233   22.135000              76800  4.4631826601978553E-01
   234   22.230000              76800  4.4779899144304519E-01
   235   22.325000              76800  4.4938250472694236E-01
   236   22.420000              76800  4.5105010597589090E-01
   237   22.515000              76800  4.5278148762953385E-01
   238   22.610000              76800  4.5455510983921593E-01
   239   22.705000              76800  4.5634868899275738E-01
   240   22.800000              76800  4.5813958269359512E-01
   241   22.895000              76800  4.5990513933102417E-01
   242   22.990000              76800  4.6162313039971986E-01
   243   23.085000              76800  4.6327209842834749E-01
   244   23.180000              76800  4.6483149375458582E-01
   245   23.275000              76800  4.6628171858621603E-01
   246   23.370000              76800  4.6760430850346191E-01
   247   23.465000              76800  4.6878242372685464E-01
   248   23.560000              76800  4.6980154725768170E-01
   249   23.655000              76800  4.7065012409591994E-01
   250   23.750000              76800  4.7131979804761903E-01
   251   23.845000              76800  4.7180506627304475E-01
   252   23.940000              76800  4.7210289927040322E-01
   253   24.035000              76800  4.7221288500264724E-01
   254   24.130000              76800  4.7213757885275831E-01
   255   24.225000              76800  4.7188229624334788E-01
   256   24.320000              76800  4.7145420043478642E-01
   257   24.415000              76800  4.7086146779003563E-01
   258   24.510000              76800  4.7011316565254169E-01
   259   24.605000              76800  4.6921949784600403E-01
   260   24.700000              76800  4.6819177077047192E-01
   261   24.795000              76800  4.6704204557181794E-01
   262   24.890000              76800  4.6578300083818397E-01
   263   24.985000              76800  4.6442849394998514E-01
   264   25.080000              76800  4.6299437504109953E-01
   265   25.175000              76800  4.6149861710044926E-01
   266   25.270000              76800  4.5996067890275311E-01
   267   25.365000              76800  4.5840054434879729E-01
   268   25.460000              76800  4.5683792434506293E-01
   269   25.555000              76800  4.5529175280513412E-01
   270   25.650000              76800  4.5377955023474137E-01
   271   25.745000              76800  4.5231662091553942E-01
   272   25.840000              76800  4.5091562925390244E-01
   273   25.935000              76800  4.4958657857410678E-01
   274   26.030000              76800  4.4833663483059105E-01
   275   26.125000              76800  4.4716983440921781E-01
   276   26.220000              76800  4.4608727774835244E-01
   277   26.315000              76800  4.4508789481457561E-01
   278   26.410000              76800  4.4416915112400690E-01
   279   26.505000              76800  4.4332726960561930E-01
   280   26.600000              76800  4.4255715521968730E-01
   281   26.695000              76800  4.4185245053540023E-01
   282   26.790000              76800  4.4120601695050865E-01
   283   26.885000              76800  4.4061067965921508E-01
   284   26.980000              76800  4.4005974385894675E-01
   285   27.075000              76800  4.3954695738761596E-01
   286   27.170000              76800  4.3906620154457610E-01
   287   27.265000              76800  4.3861169074206996E-01
   288   27.360000              76800  4.3817852971661436E-01
   289   27.455000              76800  4.3776238094871922E-01
   290   27.550000              76800  4.3735800362758637E-01
   291   27.645000              76800  4.3695804570124902E-01
   292   27.740000              76800  4.3655313120907990E-01
   293   27.835000              76800  4.3613250742529042E-01
   294   27.930000              76800  4.3568435290040752E-01
   295   28.025000              76800  4.3519594684342328E-01
   296   28.120000              76800  4.3465421821180328E-01
   297   28.215000              76800  4.3404693657100113E-01
   298   28.310000              76800  4.3336426196656830E-01
   299   28.405000              76800  4.3259990788868580E-01
   300   28.500000              76800  4.3175125545721760E-01
   301   28.595000              76800  4.3081865043034295E-01
   302   28.690000              76800  4.2980493141141030E-01
   303   28.785000              76800  4.2871573602665058E-01
   304   28.880000              76800  4.2755997198125628E-01
   305   28.975000              76800  4.2634965865830016E-01
   306   29.070000              76800  4.2509941712125432E-01
   307   29.165000              76800  4.2382624817535919E-01
   308   29.260000              76800  4.2254931824054576E-01
   309   29.355000              76800  4.2128910092974448E-01
   310   29.450000              76800  4.2006618942417429E-01
   311   29.545000              76800  4.1890026587507634E-01
   312   29.640000              76800  4.1780904268487074E-01
   313   29.735000              76800  4.1680758054985767E-01
   314   29.830000              76800  4.1590810894029007E-01
   315   29.925000              76800  4.1511985186501738E-01
   316   30.020000              76800  4.1444890069097851E-01
   317   30.115000              76800  4.1389794360662363E-01
   318   30.210000              76800  4.1346524640784271E-01
   319   30.305000              76800  4.1314349069128042E-01
   320   30.400000              76800  4.1291953449845581E-01
   321   30.495000              76800  4.1277491866335736E-01
   322   30.590000              76800  4.1268762402671433E-01
   323   30.685000              76800  4.1263574004964487E-01
   324   30.780000              76800  4.1260122245952779E-01
   325   30.875000              76800  4.1257190112760173E-01
   326   30.970000              76800  4.1254233765779580E-01
   327   31.065000              76800  4.1251396096607429E-01
   328   31.160000              76800  4.1249369761988297E-01
   329   31.255000              76800  4.1249134158813455E-01
   330   31.350000              76800  4.1251697618179867E-01
   331   31.445000              76800  4.1257909570778556E-01
   332   31.540000              76800  4.1268389863908145E-01
   333   31.635000              76800  4.1283603297785409E-01
   334   31.730000              76800  4.1303979164440863E-01
   335   31.825000              76800  4.1329998756842734E-01
   336   31.920000              76800  4.1362242379444847E-01
   337   32.015000              76800  4.1401346364912384E-01
   338   32.110000              76800  4.1447920143652422E-01
   339   32.205000              76800  4.1502542079151472E-01
   340   32.300000              76800  4.1565766426531148E-01
   341   32.395000              76800  4.1637992986149608E-01
   342   32.490000              76800  4.1719272149412678E-01
   343   32.585000              76800  4.1809265054927974E-01
   344   32.680000              76800  4.1907336870747536E-01
   345   32.775000              76800  4.2012633088221019E-01
   346   32.870000              76800  4.2124123782815726E-01
   347   32.965000              76800  4.2240615635910217E-01
   348   33.060000              76800  4.2360734697015889E-01
   349   33.155000              76800  4.2482982615736198E-01
   350   33.250000              76800  4.2605904472816902E-01
   351   33.345000              76800  4.2728263180195142E-01
   352   33.440000              76800  4.2849094842363433E-01
   353   33.535000              76800  4.2967614896351303E-01
   354   33.630000              76800  4.3083116372127905E-01
   355   33.725000              76800  4.3194982469153642E-01
   356   33.820000              76800  4.3302754122390397E-01
   357   33.915000              76800  4.3406134722919376E-01
   358   34.010000              76800  4.3504903657126420E-01
   359   34.105000              76800  4.3598826382704925E-01
   360   34.200000              76800  4.3687677013364712E-01
   361   34.295000              76800  4.3771311530074086E-01
   362   34.390000              76800  4.3849576612017027E-01
   363   34.485000              76800  4.3922053470014666E-01
   364   34.580000              76800  4.3987918156136541E-01
   365   34.675000              76800  4.4046075483808972E-01
   366   34.770000              76800  4.4095429278094644E-01
   367   34.865000              76800  4.4135104726268803E-01
   368   34.960000              76800  4.4164549700119465E-01
   369   35.055000              76800  4.4183494998323103E-01
   370   35.150000              76800  4.4191839728248983E-01
   371   35.245000              76800  4.4189570068529083E-01
   372   35.340000              76800  4.4176722029157600E-01
   373   35.435000              76800  4.4153382446178957E-01
   374   35.530000              76800  4.4119761626497073E-01
   375   35.625000              76800  4.4076315255473636E-01
   376   35.720000              76800  4.4023863655550399E-01
   377   35.815000              76800  4.3963707391247164E-01
   378   35.910000              76800  4.3897685276053300E-01
   379   36.005000              76800  4.3828107168674652E-01
   380   36.100000              76800  4.3757596041794933E-01
   381   36.195000              76800  4.3688893815250740E-01
   382   36.290000              76800  4.3624704325997377E-01
   383   36.385000              76800  4.3567574867397152E-01
   384   36.480000              76800  4.3519685899693661E-01
   385   36.575000              76800  4.3482623081084737E-01
   386   36.670000              76800  4.3457359651221644E-01
   387   36.765000              76800  4.3444364049279327E-01
   388   36.860000              76800  4.3443645929001651E-01
   389   36.955000              76800  4.3454795588448036E-01
   390   37.050000              76800  4.3477046265382635E-01
   391   37.145000              76800  4.3509310549190111E-01
   392   37.240000              76800  4.3550156404674351E-01
   393   37.335000              76800  4.3597699293894643E-01
   394   37.430000              76800  4.3649559094586921E-01
   395   37.525000              76800  4.3702996545741513E-01
   396   37.620000              76800  4.3755087493830103E-01
   397   37.715000              76800  4.3802874489035049E-01
   398   37.810000              76800  4.3843600417260747E-01
   399   37.905000              76800  4.3874942506641224E-01
   400   38.000000              76800  4.3895109612417105E-01
   401   38.095000              76800  4.3902858392494176E-01
   402   38.190000              76800  4.3897469839574399E-01
   403   38.285000              76800  4.3878581487286689E-01
   404   38.380000              76800  4.3845875545015289E-01
   405   38.475000              76800  4.3798819067071992E-01
   406   38.570000              76800  4.3736591679607073E-01
   407   38.665000              76800  4.3658255842229265E-01
   408   38.760000              76800  4.3563136251051515E-01
   409   38.855000              76800  4.3451192687784668E-01
   410   38.950000              76800  4.3323186351706017E-01
   411   39.045000              76800  4.3180629822362299E-01
   412   39.140000              76800  4.3025582460060552E-01
   413   39.235000              76800  4.2860448727909140E-01
   414   39.330000              76800  4.2687857022780806E-01
   415   39.425000              76800  4.2510518290415555E-01
   416   39.520000              76800  4.2331131894120888E-01
   417   39.615000              76800  4.2152440513217593E-01
   418   39.710000              76800  4.1977338247462181E-01
   419   39.805000              76800  4.1808896489283054E-01
   420   39.900000              76800  4.1650262381158454E-01
   421   39.995000              76800  4.1504450998831088E-01
   422   40.090000              76800  4.1374032166850705E-01
