! Kinetic energy for species "positrons-down"
  Iter        Time          Total Par.             Kin. Energy
     0   0.0000000              76800  4.9404108663766377E-01
     1  0.95000000E-01          76800  4.9404110270997892E-01
     2  0.19000000              76800  4.9404115112926006E-01
     3  0.28500000              76800  4.9404123218780821E-01
     4  0.38000000              76800  4.9404134553112811E-01
     5  0.47500000              76800  4.9404148977106399E-01
     6  0.57000000              76800  4.9404166282147138E-01
     7  0.66500000              76800  4.9404186229252506E-01
     8  0.76000000              76800  4.9404208547505546E-01
     9  0.85500000              76800  4.9404232924910491E-01
    10  0.95000000              76800  4.9404259023264929E-01
    11   1.0450000              76800  4.9404286488805865E-01
    12   1.1400000              76800  4.9404314934160565E-01
    13   1.2350000              76800  4.9404343916467114E-01
    14   1.3300000              76800  4.9404372948204239E-01
    15   1.4250000              76800  4.9404401556228039E-01
    16   1.5200000              76800  4.9404429359602287E-01
    17   1.6150000              76800  4.9404456082251846E-01
    18   1.7100000              76800  4.9404481451009269E-01
    19   1.8050000              76800  4.9404505064136883E-01
    20   1.9000000              76800  4.9404526382583258E-01
    21   1.9950000              76800  4.9404544882247353E-01
    22   2.0900000              76800  4.9404560218240456E-01
    23   2.1850000              76800  4.9404572233253585E-01
    24   2.2800000              76800  4.9404580846504875E-01
    25   2.3750000              76800  4.9404585988594796E-01
    26   2.4700000              76800  4.9404587620337342E-01
    27   2.5650000              76800  4.9404585738064088E-01
    28   2.6600000              76800  4.9404580315805813E-01
    29   2.7550000              76800  4.9404571261552993E-01
    30   2.8500000              76800  4.9404558519949593E-01
    31   2.9450000              76800  4.9404542296665110E-01
    32   3.0400000              76800  4.9404523126297417E-01
    33   3.1350000              76800  4.9404501612442442E-01
    34   3.2300000              76800  4.9404478095594317E-01
    35   3.3250000              76800  4.9404452610402816E-01
    36   3.4200000              76800  4.9404425157292575E-01
    37   3.5150000              76800  4.9404396006812024E-01
    38   3.6100000              76800  4.9404365746357914E-01
    39   3.7050000              76800  4.9404335052084375E-01
    40   3.8000000              76800  4.9404304462733067E-01
    41   3.8950000              76800  4.9404274364153367E-01
    42   3.9900000              76800  4.9404245087575049E-01
    43   4.0850000              76800  4.9404216954089980E-01
    44   4.1800000              76800  4.9404190257310521E-01
    45   4.2750000              76800  4.9404165257588467E-01
    46   4.3700000              76800  4.9404142218528585E-01
    47   4.4650000              76800  4.9404121433965675E-01
    48   4.5600000              76800  4.9404103172934211E-01
    49   4.6550000              76800  4.9404087605802394E-01
    50   4.7500000              76800  4.9404074856809455E-01
    51   4.8450000              76800  4.9404065126424246E-01
    52   4.9400000              76800  4.9404058667873774E-01
    53   5.0350000              76800  4.9404055620828446E-01
    54   5.1300000              76800  4.9404055909065470E-01
    55   5.2250000              76800  4.9404059254608268E-01
    56   5.3200000              76800  4.9404065256558133E-01
    57   5.4150000              76800  4.9404073583227615E-01
    58   5.5100000              76800  4.9404084189420794E-01
    59   5.6050000              76800  4.9404097259995838E-01
    60   5.7000000              76800  4.9404112827037339E-01
    61   5.7950000              76800  4.9404130403573493E-01
    62   5.8900000              76800  4.9404148996047537E-01
    63   5.9850000              76800  4.9404167546797390E-01
    64   6.0800000              76800  4.9404185429009095E-01
    65   6.1750000              76800  4.9404202514767648E-01
    66   6.2700000              76800  4.9404218869807998E-01
    67   6.3650000              76800  4.9404234513680478E-01
    68   6.4600000              76800  4.9404249303276848E-01
    69   6.5550000              76800  4.9404262722230630E-01
    70   6.6500000              76800  4.9404273744566141E-01
    71   6.7450000              76800  4.9404281113567894E-01
    72   6.8400000              76800  4.9404283885018757E-01
    73   6.9350000              76800  4.9404281721827437E-01
    74   7.0300000              76800  4.9404274739272386E-01
    75   7.1250000              76800  4.9404263148970856E-01
    76   7.2200000              76800  4.9404246925051598E-01
    77   7.3150000              76800  4.9404225542709751E-01
    78   7.4100000              76800  4.9404198016260942E-01
    79   7.5050000              76800  4.9404163481953167E-01
    80   7.6000000              76800  4.9404121906660631E-01
    81   7.6950000              76800  4.9404074075892468E-01
    82   7.7900000              76800  4.9404020758527201E-01
    83   7.8850000              76800  4.9403961939199015E-01
    84   7.9800000              76800  4.9403896859211954E-01
    85   8.0750000              76800  4.9403824627005377E-01
    86   8.1700000              76800  4.9403744686324480E-01
    87   8.2650000              76800  4.9403656847686073E-01
    88   8.3600000              76800  4.9403561156124826E-01
    89   8.4550000              76800  4.9403457909628784E-01
    90   8.5500000              76800  4.9403347697949940E-01
    91   8.6450000              76800  4.9403231072937304E-01
    92   8.7400000              76800  4.9403107933646140E-01
    93   8.8350000              76800  4.9402977290942685E-01
    94   8.9300000              76800  4.9402837732891047E-01
    95   9.0250000              76800  4.9402688077885609E-01
    96   9.1200000              76800  4.9402527594097523E-01
    97   9.2150000              76800  4.9402355750969551E-01
    98   9.3100000              76800  4.9402171933562122E-01
    99   9.4050000              76800  4.9401975527484349E-01
   100   9.5000000              76800  4.9401766275051195E-01
   101   9.5950000              76800  4.9401544321653801E-01
   102   9.6900000              76800  4.9401309630899581E-01
   103   9.7850000              76800  4.9401061115481038E-01
   104   9.8800000              76800  4.9400796069482311E-01
   105   9.9750000              76800  4.9400510345610804E-01
   106   10.070000              76800  4.9400199402983225E-01
   107   10.165000              76800  4.9399859672889612E-01
   108   10.260000              76800  4.9399489193006835E-01
   109   10.355000              76800  4.9399086984085561E-01
   110   10.450000              76800  4.9398651742092231E-01
   111   10.545000              76800  4.9398180903064270E-01
   112   10.640000              76800  4.9397670626428936E-01
   113   10.735000              76800  4.9397116383565853E-01
   114   10.830000              76800  4.9396513478173082E-01
   115   10.925000              76800  4.9395857149426703E-01
   116   11.020000              76800  4.9395142385556007E-01
   117   11.115000              76800  4.9394363698271787E-01
   118   11.210000              76800  4.9393514914332937E-01
   119   11.305000              76800  4.9392588932372583E-01
   120   11.400000              76800  4.9391577582869328E-01
   121   11.495000              76800  4.9390471906545896E-01
   122   11.590000              76800  4.9389262907694248E-01
   123   11.685000              76800  4.9387942224211290E-01
   124   11.780000              76800  4.9386501899549651E-01
   125   11.875000              76800  4.9384933178783552E-01
   126   11.970000              76800  4.9383225367444672E-01
   127   12.065000              76800  4.9381365765679774E-01
   128   12.160000              76800  4.9379340365338353E-01
   129   12.255000              76800  4.9377134198512929E-01
   130   12.350000              76800  4.9374731028230379E-01
   131   12.445000              76800  4.9372113125129347E-01
   132   12.540000              76800  4.9369261580625107E-01
   133   12.635000              76800  4.9366156592452981E-01
   134   12.730000              76800  4.9362777176235606E-01
   135   12.825000              76800  4.9359100832590214E-01
   136   12.920000              76800  4.9355104038991221E-01
   137   13.015000              76800  4.9350763274477327E-01
   138   13.110000              76800  4.9346055121489096E-01
   139   13.205000              76800  4.9340954478438048E-01
   140   13.300000              76800  4.9335431676562819E-01
   141   13.395000              76800  4.9329450453248924E-01
   142   13.490000              76800  4.9322968057518912E-01
   143   13.585000              76800  4.9315937005605681E-01
   144   13.680000              76800  4.9308307133942186E-01
   145   13.775000              76800  4.9300027259655194E-01
   146   13.870000              76800  4.9291046402406119E-01
   147   13.965000              76800  4.9281314161854134E-01
   148   14.060000              76800  4.9270779704563789E-01
   149   14.155000              76800  4.9259389775147433E-01
   150   14.250000              76800  4.9247086839736831E-01
   151   14.345000              76800  4.9233807966469628E-01
   152   14.440000              76800  4.9219484489589482E-01
   153   14.535000              76800  4.9204042536086173E-01
   154   14.630000              76800  4.9187404346561059E-01
   155   14.725000              76800  4.9169489808660183E-01
   156   14.820000              76800  4.9150217377820998E-01
   157   14.915000              76800  4.9129503976378647E-01
   158   15.010000              76800  4.9107264238497372E-01
   159   15.105000              76800  4.9083409985447990E-01
   160   15.200000              76800  4.9057850654650126E-01
   161   15.295000              76800  4.9030494405154784E-01
   162   15.390000              76800  4.9001249109218975E-01
   163   15.485000              76800  4.8970023076797786E-01
   164   15.580000              76800  4.8936726367940797E-01
   165   15.675000              76800  4.8901272557080511E-01
   166   15.770000              76800  4.8863578501539928E-01
   167   15.865000              76800  4.8823561655190073E-01
   168   15.960000              76800  4.8781140385082827E-01
   169   16.055000              76800  4.8736241030362065E-01
   170   16.150000              76800  4.8688805875560209E-01
   171   16.245000              76800  4.8638793719390538E-01
   172   16.340000              76800  4.8586174696635098E-01
   173   16.435000              76800  4.8530927571035332E-01
   174   16.530000              76800  4.8473039735999224E-01
   175   16.625000              76800  4.8412504206555557E-01
   176   16.720000              76800  4.8349314427631740E-01
   177   16.815000              76800  4.8283464510793944E-01
   178   16.910000              76800  4.8214959328350576E-01
   179   17.005000              76800  4.8143828407705824E-01
   180   17.100000              76800  4.8070134264632047E-01
   181   17.195000              76800  4.7993968749683336E-01
   182   17.290000              76800  4.7915439371079716E-01
   183   17.385000              76800  4.7834659504068944E-01
   184   17.480000              76800  4.7751751419764005E-01
   185   17.575000              76800  4.7666854679089682E-01
   186   17.670000              76800  4.7580129206850086E-01
   187   17.765000              76800  4.7491753099162348E-01
   188   17.860000              76800  4.7401925355226532E-01
   189   17.955000              76800  4.7310878919471533E-01
   190   18.050000              76800  4.7218897827321926E-01
   191   18.145000              76800  4.7126326826370185E-01
   192   18.240000              76800  4.7033564520460125E-01
   193   18.335000              76800  4.6941050860747890E-01
   194   18.430000              76800  4.6849262100022593E-01
   195   18.525000              76800  4.6758714054829903E-01
   196   18.620000              76800  4.6669968627062508E-01
   197   18.715000              76800  4.6583633364985716E-01
   198   18.810000              76800  4.6500343620040396E-01
   199   18.905000              76800  4.6420726855266048E-01
   200   19.000000              76800  4.6345366560674983E-01
   201   19.095000              76800  4.6274767357781088E-01
   202   19.190000              76800  4.6209311941748082E-01
   203   19.285000              76800  4.6149214002212802E-01
   204   19.380000              76800  4.6094486784577438E-01
   205   19.475000              76800  4.6044958161383848E-01
   206   19.570000              76800  4.6000322920633913E-01
   207   19.665000              76800  4.5960192050984106E-01
   208   19.760000              76800  4.5924117892184191E-01
   209   19.855000              76800  4.5891622252362230E-01
   210   19.950000              76800  4.5862254658384216E-01
   211   20.045000              76800  4.5835652170597374E-01
   212   20.140000              76800  4.5811566316706587E-01
   213   20.235000              76800  4.5789859283849182E-01
   214   20.330000              76800  4.5770481185741663E-01
   215   20.425000              76800  4.5753432113152792E-01
   216   20.520000              76800  4.5738714082020904E-01
   217   20.615000              76800  4.5726284615407664E-01
   218   20.710000              76800  4.5716023621036750E-01
   219   20.805000              76800  4.5707687223984678E-01
   220   20.900000              76800  4.5700836730563033E-01
   221   20.995000              76800  4.5694793840719483E-01
   222   21.090000              76800  4.5688657332025107E-01
   223   21.185000              76800  4.5681356688075797E-01
   224   21.280000              76800  4.5671683982244693E-01
   225   21.375000              76800  4.5658296486949151E-01
   226   21.470000              76800  4.5639746537677317E-01
   227   21.565000              76800  4.5614567692681163E-01
   228   21.660000              76800  4.5581403635723294E-01
   229   21.755000              76800  4.5539132772397556E-01
   230   21.850000              76800  4.5486943806131774E-01
   231   21.945000              76800  4.5424375593917177E-01
   232   22.040000              76800  4.5351362529874156E-01
   233   22.135000              76800  4.5268305242322798E-01
   234   22.230000              76800  4.5176137631249930E-01
   235   22.325000              76800  4.5076332165641170E-01
   236   22.420000              76800  4.4970811580635689E-01
   237   22.515000              76800  4.4861786517600805E-01
   238   22.610000              76800  4.4751576231934143E-01
   239   22.705000              76800  4.4642469522210093E-01
   240   22.800000              76800  4.4536636822800835E-01
   241   22.895000              76800  4.4436050171591318E-01
   242   22.990000              76800  4.4342384573489679E-01
   243   23.085000              76800  4.4256947489725856E-01
   244   23.180000              76800  4.4180692550543393E-01
   245   23.275000              76800  4.4114302964975538E-01
   246   23.370000              76800  4.4058281425570189E-01
   247   23.465000              76800  4.4013010140902253E-01
   248   23.560000              76800  4.3978786180055784E-01
   249   23.655000              76800  4.3955839410564629E-01
   250   23.750000              76800  4.3944346327756906E-01
   251   23.845000              76800  4.3944457923414926E-01
   252   23.940000              76800  4.3956323073158321E-01
   253   24.035000              76800  4.3980064498041122E-01
   254   24.130000              76800  4.4015709026020972E-01
   255   24.225000              76800  4.4063131567078961E-01
   256   24.320000              76800  4.4122044892226842E-01
   257   24.415000              76800  4.4191997615983525E-01
   258   24.510000              76800  4.4272356483629383E-01
   259   24.605000              76800  4.4362296979982252E-01
   260   24.700000              76800  4.4460809315509658E-01
   261   24.795000              76800  4.4566685555208985E-01
   262   24.890000              76800  4.4678507604204853E-01
   263   24.985000              76800  4.4794718521513466E-01
   264   25.080000              76800  4.4913738940321057E-01
   265   25.175000              76800  4.5033996027153300E-01
   266   25.270000              76800  4.5153851471580847E-01
   267   25.365000              76800  4.5271540416444078E-01
   268   25.460000              76800  4.5385168694817046E-01
   269   25.555000              76800  4.5492719878902416E-01
   270   25.650000              76800  4.5592060319211003E-01
   271   25.745000              76800  4.5680971349877586E-01
   272   25.840000              76800  4.5757227811113338E-01
   273   25.935000              76800  4.5818704515801667E-01
   274   26.030000              76800  4.5863455824030497E-01
   275   26.125000              76800  4.5889726608465603E-01
   276   26.220000              76800  4.5895927517587032E-01
   277   26.315000              76800  4.5880673533292671E-01
   278   26.410000              76800  4.5842901137574243E-01
   279   26.505000              76800  4.5781950840646618E-01
   280   26.600000              76800  4.5697568356390650E-01
   281   26.695000              76800  4.5589921821697688E-01
   282   26.790000              76800  4.5459689744903398E-01
   283   26.885000              76800  4.5308133835347136E-01
   284   26.980000              76800  4.5137084860827925E-01
   285   27.075000              76800  4.4948898078254512E-01
   286   27.170000              76800  4.4746465203731489E-01
   287   27.265000              76800  4.4533239639886196E-01
   288   27.360000              76800  4.4313168735129810E-01
   289   27.455000              76800  4.4090546023369381E-01
   290   27.550000              76800  4.3869869842525389E-01
   291   27.645000              76800  4.3655702843146865E-01
   292   27.740000              76800  4.3452469151833134E-01
   293   27.835000              76800  4.3264237239125580E-01
   294   27.930000              76800  4.3094560814513416E-01
   295   28.025000              76800  4.2946336265358576E-01
   296   28.120000              76800  4.2821656992878487E-01
   297   28.215000              76800  4.2721741588278367E-01
   298   28.310000              76800  4.2646963258273690E-01
   299   28.405000              76800  4.2596910174594216E-01
   300   28.500000              76800  4.2570440438843093E-01
   301   28.595000              76800  4.2565778338322613E-01
   302   28.690000              76800  4.2580657240414171E-01
   303   28.785000              76800  4.2612432146323048E-01
   304   28.880000              76800  4.2658131805337340E-01
   305   28.975000              76800  4.2714553868750699E-01
   306   29.070000              76800  4.2778472186160460E-01
   307   29.165000              76800  4.2846831310566152E-01
   308   29.260000              76800  4.2916831393307336E-01
   309   29.355000              76800  4.2985994151488377E-01
   310   29.450000              76800  4.3052295859693779E-01
   311   29.545000              76800  4.3114275311984329E-01
   312   29.640000              76800  4.3171029400190203E-01
   313   29.735000              76800  4.3222147139625933E-01
   314   29.830000              76800  4.3267578450702082E-01
   315   29.925000              76800  4.3307402535649187E-01
   316   30.020000              76800  4.3341564927638271E-01
   317   30.115000              76800  4.3369741408554940E-01
   318   30.210000              76800  4.3391444678158453E-01
   319   30.305000              76800  4.3406331488128369E-01
   320   30.400000              76800  4.3414526055675595E-01
   321   30.495000              76800  4.3416754013358588E-01
   322   30.590000              76800  4.3414289279147522E-01
   323   30.685000              76800  4.3408846859375516E-01
   324   30.780000              76800  4.3402421615176501E-01
   325   30.875000              76800  4.3396987396975334E-01
   326   30.970000              76800  4.3394131589889723E-01
   327   31.065000              76800  4.3394782038393237E-01
   328   31.160000              76800  4.3399052867117532E-01
   329   31.255000              76800  4.3406291797331692E-01
   330   31.350000              76800  4.3415329768086691E-01
   331   31.445000              76800  4.3424672127620317E-01
   332   31.540000              76800  4.3432615719686224E-01
   333   31.635000              76800  4.3437510392254985E-01
   334   31.730000              76800  4.3438034954018434E-01
   335   31.825000              76800  4.3433283897043395E-01
   336   31.920000              76800  4.3422828157452198E-01
   337   32.015000              76800  4.3406945884887210E-01
   338   32.110000              76800  4.3386847045315069E-01
   339   32.205000              76800  4.3364526621395061E-01
   340   32.300000              76800  4.3342339144267406E-01
   341   32.395000              76800  4.3322760573672714E-01
   342   32.490000              76800  4.3308330381422561E-01
   343   32.585000              76800  4.3301311696157796E-01
   344   32.680000              76800  4.3303055033301308E-01
   345   32.775000              76800  4.3313561590678862E-01
   346   32.870000              76800  4.3331457807912876E-01
   347   32.965000              76800  4.3354194463054463E-01
   348   33.060000              76800  4.3378325503055515E-01
   349   33.155000              76800  4.3399905118519211E-01
   350   33.250000              76800  4.3415003223895188E-01
   351   33.345000              76800  4.3420126431713746E-01
   352   33.440000              76800  4.3412416858813280E-01
   353   33.535000              76800  4.3389809989202066E-01
   354   33.630000              76800  4.3351243668631428E-01
   355   33.725000              76800  4.3296795975815133E-01
   356   33.820000              76800  4.3227727504396218E-01
   357   33.915000              76800  4.3146382124368732E-01
   358   34.010000              76800  4.3055921329350666E-01
   359   34.105000              76800  4.2960060961284696E-01
   360   34.200000              76800  4.2862794836787871E-01
   361   34.295000              76800  4.2767959456663968E-01
   362   34.390000              76800  4.2678883113515903E-01
   363   34.485000              76800  4.2598392494740100E-01
   364   34.580000              76800  4.2528908996510356E-01
   365   34.675000              76800  4.2472358589601367E-01
   366   34.770000              76800  4.2430096069436124E-01
   367   34.865000              76800  4.2402930387627014E-01
   368   34.960000              76800  4.2391011587576682E-01
   369   35.055000              76800  4.2393629900719798E-01
   370   35.150000              76800  4.2409220429840827E-01
   371   35.245000              76800  4.2435529065943656E-01
   372   35.340000              76800  4.2469721028267166E-01
   373   35.435000              76800  4.2508501276468519E-01
   374   35.530000              76800  4.2548394594328481E-01
   375   35.625000              76800  4.2586136848097156E-01
   376   35.720000              76800  4.2618996525211594E-01
   377   35.815000              76800  4.2644878900822059E-01
   378   35.910000              76800  4.2662268942572601E-01
   379   36.005000              76800  4.2670198298585871E-01
   380   36.100000              76800  4.2668308712835062E-01
   381   36.195000              76800  4.2656958377575038E-01
   382   36.290000              76800  4.2637306438067385E-01
   383   36.385000              76800  4.2611305395473725E-01
   384   36.480000              76800  4.2581511909766606E-01
   385   36.575000              76800  4.2550715016753982E-01
   386   36.670000              76800  4.2521521502287396E-01
   387   36.765000              76800  4.2495976547605646E-01
   388   36.860000              76800  4.2475206814774269E-01
   389   36.955000              76800  4.2459187190268843E-01
   390   37.050000              76800  4.2446793328276800E-01
   391   37.145000              76800  4.2436095394324808E-01
   392   37.240000              76800  4.2424788049920992E-01
   393   37.335000              76800  4.2410797217813623E-01
   394   37.430000              76800  4.2392935666069498E-01
   395   37.525000              76800  4.2371184092135483E-01
   396   37.620000              76800  4.2346451922448902E-01
   397   37.715000              76800  4.2320207101468199E-01
   398   37.810000              76800  4.2294300427716996E-01
   399   37.905000              76800  4.2270876201344798E-01
   400   38.000000              76800  4.2252216485201605E-01
   401   38.095000              76800  4.2240609519850680E-01
   402   38.190000              76800  4.2238351298063986E-01
   403   38.285000              76800  4.2247832548157388E-01
   404   38.380000              76800  4.2271607216960949E-01
   405   38.475000              76800  4.2312413517787961E-01
   406   38.570000              76800  4.2373131716926754E-01
   407   38.665000              76800  4.2456674119285187E-01
   408   38.760000              76800  4.2565873655657227E-01
   409   38.855000              76800  4.2703363117195259E-01
   410   38.950000              76800  4.2871343156378755E-01
   411   39.045000              76800  4.3071234499746064E-01
   412   39.140000              76800  4.3303330528319101E-01
   413   39.235000              76800  4.3566478416725890E-01
   414   39.330000              76800  4.3857704677011133E-01
   415   39.425000              76800  4.4171909950105548E-01
   416   39.520000              76800  4.4501982274337698E-01
   417   39.615000              76800  4.4839524991650204E-01
   418   39.710000              76800  4.5175893621711405E-01
   419   39.805000              76800  4.5503107073861176E-01
   420   39.900000              76800  4.5814608613235852E-01
   421   39.995000              76800  4.6105761258789030E-01
   422   40.090000              76800  4.6373865737883047E-01
