! EM field energy per field component
  Iter        Time                          B1                      B2                      B3                      E1                      E2                      E3
     0   0.0000000      0.0000000000000000E+00  0.0000000000000000E+00  0.0000000000000000E+00  0.0000000000000000E+00  0.0000000000000000E+00  0.0000000000000000E+00
     1  0.95000000E-01  0.0000000000000000E+00  8.8242753525072013E-11  8.6790412641054231E-11  1.0633089628461017E-09  1.2449519033849440E-09  1.1539438284017216E-09
     2  0.19000000      0.0000000000000000E+00  9.9089751534250050E-10  9.9426133661952833E-10  4.1914282617592742E-09  3.8677689413152383E-09  3.3838562069624392E-09
     3  0.28500000      0.0000000000000000E+00  3.0515783455261442E-09  3.2758481419546836E-09  9.2045018848325834E-09  6.5761555563718512E-09  5.3109200845518484E-09
     4  0.38000000      0.0000000000000000E+00  5.5613539525543226E-09  6.7592574397782857E-09  1.5815976729531448E-08  8.8058796726864028E-09  6.7859350952621298E-09
     5  0.47500000      0.0000000000000000E+00  7.8017220019824310E-09  1.0979525382825953E-08  2.3649646722515044E-08  1.0350369966630954E-08  7.9990236372228267E-09
     6  0.57000000      0.0000000000000000E+00  9.5846350282410535E-09  1.5234170063400228E-08  3.2262035614989670E-08  1.1520874829936463E-08  8.9928125085544633E-09
     7  0.66500000      0.0000000000000000E+00  1.1369481351480868E-08  1.9123445285255072E-08  4.1168747146910458E-08  1.2484412401182141E-08  9.2851540701115884E-09
     8  0.76000000      0.0000000000000000E+00  1.3509763218325386E-08  2.2628581017044737E-08  4.9873154421487527E-08  1.3305749276586510E-08  8.6065082501104751E-09
     9  0.85500000      0.0000000000000000E+00  1.5709360918866666E-08  2.6181776128305994E-08  5.7895739709133797E-08  1.3740899340320680E-08  7.4911351630843114E-09
    10  0.95000000      0.0000000000000000E+00  1.7538196533681649E-08  3.0193137967314112E-08  6.4802266107304978E-08  1.3554434549054103E-08  6.5682101711542910E-09
    11   1.0450000      0.0000000000000000E+00  1.8783242284980296E-08  3.4508246479515542E-08  7.0229068915987472E-08  1.2977418081142519E-08  6.1018467137411654E-09
    12   1.1400000      0.0000000000000000E+00  1.9349138723394441E-08  3.8722973660535612E-08  7.3903959238906101E-08  1.2357109229359450E-08  6.0403499929996413E-09
    13   1.2350000      0.0000000000000000E+00  1.9114321410150590E-08  4.2622028408754369E-08  7.5661527923764879E-08  1.2033272412098387E-08  6.2615054752423639E-09
    14   1.3300000      0.0000000000000000E+00  1.8146651160990630E-08  4.6732090787714046E-08  7.5451874196659252E-08  1.1717763826721886E-08  6.4647535635252496E-09
    15   1.4250000      0.0000000000000000E+00  1.6707831056927574E-08  5.1760360786217726E-08  7.3342373770144325E-08  1.0845436968367493E-08  6.3218978396173315E-09
    16   1.5200000      0.0000000000000000E+00  1.4907341107710687E-08  5.7576781638517205E-08  6.9512386621285212E-08  9.4707189343625292E-09  5.9475224003403431E-09
    17   1.6150000      0.0000000000000000E+00  1.2818694683262458E-08  6.3438764407695957E-08  6.4241268337067846E-08  8.0522621889266034E-09  5.6576285721299252E-09
    18   1.7100000      0.0000000000000000E+00  1.0795262013477031E-08  6.8738464725219967E-08  5.7890391846887416E-08  6.9001750201709044E-09  5.4315848064872850E-09
    19   1.8050000      0.0000000000000000E+00  9.2359347008390604E-09  7.3113812653165537E-08  5.0880453250553079E-08  6.2299524422401450E-09  5.1038654231051942E-09
    20   1.9000000      0.0000000000000000E+00  8.2366205611740787E-09  7.6482391745159009E-08  4.3665424212383966E-08  6.1178701473630737E-09  4.7240719859261104E-09
    21   1.9950000      0.0000000000000000E+00  7.5749761110968271E-09  7.9433626944445894E-08  3.6704715827413456E-08  6.1655429462315880E-09  4.5686753822731243E-09
    22   2.0900000      0.0000000000000000E+00  6.9709658768472816E-09  8.3109555969757852E-08  3.0435332576326817E-08  5.9761372008150946E-09  4.9079370179974845E-09
    23   2.1850000      0.0000000000000000E+00  6.5082321187452815E-09  8.8658851584891618E-08  2.5245686688969994E-08  5.6860096934538947E-09  5.5696356079997134E-09
    24   2.2800000      0.0000000000000000E+00  6.5508137941722061E-09  9.6783309668581723E-08  2.1452608414042153E-08  5.6508867656175562E-09  6.0665970785288104E-09
    25   2.3750000      0.0000000000000000E+00  7.2728971017048543E-09  1.0731329312756836E-07  1.9282953040452844E-08  5.9873460689609810E-09  6.1584296936544305E-09
    26   2.4700000      0.0000000000000000E+00  8.5358428598774264E-09  1.1899640004472176E-07  1.8860898721836375E-08  6.7704989862067532E-09  5.8692733992308980E-09
    27   2.5650000      0.0000000000000000E+00  9.8005788512633928E-09  1.3046138532317895E-07  2.0201743397326078E-08  7.8265054355135693E-09  5.6422154609600871E-09
    28   2.6600000      0.0000000000000000E+00  1.0720510327911608E-08  1.4129891034291281E-07  2.3212384620351131E-08  8.5804166215451898E-09  5.6613957860289035E-09
    29   2.7550000      0.0000000000000000E+00  1.1416803644844312E-08  1.5180027634683068E-07  2.7698405525754490E-08  9.0325827785253324E-09  5.5808673336820215E-09
    30   2.8500000      0.0000000000000000E+00  1.1840970291675283E-08  1.6294689364426564E-07  3.3377342767977309E-08  9.4449037244435613E-09  5.4137207091611386E-09
    31   2.9450000      0.0000000000000000E+00  1.1739585571655693E-08  1.7611039637197705E-07  3.9897222746482210E-08  9.9266888161853638E-09  5.5420722901319239E-09
    32   3.0400000      0.0000000000000000E+00  1.1024633315439948E-08  1.9217982538428775E-07  4.6859071723651755E-08  1.0830788323689177E-08  6.2453437833964852E-09
    33   3.1350000      0.0000000000000000E+00  1.0051004358619572E-08  2.1174225988055902E-07  5.3842052035782381E-08  1.1952628008636088E-08  7.2622663125116639E-09
    34   3.2300000      0.0000000000000000E+00  9.3540641046844656E-09  2.3491374662202506E-07  6.0429652437744166E-08  1.2753627549674461E-08  7.9944739933541820E-09
    35   3.3250000      0.0000000000000000E+00  9.0521484273652819E-09  2.6100939607035896E-07  6.6235200613625628E-08  1.3225691656846579E-08  8.2337071681115162E-09
    36   3.4200000      0.0000000000000000E+00  8.9369293869396535E-09  2.8906174533491201E-07  7.0925198405261602E-08  1.3809528387764590E-08  8.1070854455506676E-09
    37   3.5150000      0.0000000000000000E+00  8.9517566186049826E-09  3.1863511874798856E-07  7.4239073061384220E-08  1.4644420364193486E-08  7.6053273074237866E-09
    38   3.6100000      0.0000000000000000E+00  9.2379122784551577E-09  3.4986461225407604E-07  7.6004162527407078E-08  1.5252612733431019E-08  6.5590357804704163E-09
    39   3.7050000      0.0000000000000000E+00  9.6571519686354756E-09  3.8242022205336330E-07  7.6145049826552012E-08  1.5442310760845833E-08  5.2220567423977985E-09
    40   3.8000000      0.0000000000000000E+00  9.7968778941751653E-09  4.1526540908786422E-07  7.4686693528993897E-08  1.5393274079391249E-08  4.2334877561290755E-09
    41   3.8950000      0.0000000000000000E+00  9.4813660472149283E-09  4.4730971907701132E-07  7.1751258998661693E-08  1.5233132285283311E-08  3.9891474184060119E-09
    42   3.9900000      0.0000000000000000E+00  9.0418345713034463E-09  4.7806537185994150E-07  6.7548979398309469E-08  1.5295720073786913E-08  4.3236176931653219E-09
    43   4.0850000      0.0000000000000000E+00  9.0451837584852757E-09  5.0856864083821602E-07  6.2363700524807002E-08  1.5774120313338823E-08  4.7077854637973777E-09
    44   4.1800000      0.0000000000000000E+00  9.5228107614658552E-09  5.4123165666136317E-07  5.6534045729812262E-08  1.6484146121650850E-08  5.1113770329964063E-09
    45   4.2750000      0.0000000000000000E+00  1.0145050413595208E-08  5.7834545844752306E-07  5.0431440868529629E-08  1.7324864469131469E-08  5.7412190501616810E-09
    46   4.3700000      0.0000000000000000E+00  1.0821095418035365E-08  6.2125743700922065E-07  4.4436442781740528E-08  1.8328868139811605E-08  6.3747811612141766E-09
    47   4.4650000      0.0000000000000000E+00  1.1579463545604545E-08  6.7073143530856996E-07  3.8914795022092259E-08  1.9662425948201508E-08  6.7170276378879570E-09
    48   4.5600000      0.0000000000000000E+00  1.2498037136028416E-08  7.2775182592852481E-07  3.4194766836915874E-08  2.1699926531604494E-08  6.4963434865122777E-09
    49   4.6550000      0.0000000000000000E+00  1.3376650541166338E-08  7.9413617829923323E-07  3.0547241528370645E-08  2.4567447840556945E-08  5.8630370953234033E-09
    50   4.7500000      0.0000000000000000E+00  1.3746965492548942E-08  8.7206942834356857E-07  2.8169773777600231E-08  2.7730723793972858E-08  5.3544245478521710E-09
    51   4.8450000      0.0000000000000000E+00  1.3396624600759643E-08  9.6226080759984979E-07  2.7175394954458036E-08  3.0610793644619594E-08  5.2772481554227219E-09
    52   4.9400000      0.0000000000000000E+00  1.2547752424431398E-08  1.0626752482306585E-06  2.7586974452838894E-08  3.3065422056494571E-08  5.5642239611812953E-09
    53   5.0350000      0.0000000000000000E+00  1.1673187459329840E-08  1.1695212967569325E-06  2.9337352985066296E-08  3.4850314098827640E-08  5.9109322182828611E-09
    54   5.1300000      0.0000000000000000E+00  1.1017261842050861E-08  1.2792371651135918E-06  3.2275201143496273E-08  3.5704321839625730E-08  6.1872235815197565E-09
    55   5.2250000      0.0000000000000000E+00  1.0394194476604389E-08  1.3901600229502690E-06  3.6176068585599703E-08  3.5762014185616382E-08  6.5775947499823092E-09
    56   5.3200000      0.0000000000000000E+00  9.6438074148257351E-09  1.5030831964278673E-06  4.0757916594394908E-08  3.5212474794911533E-08  7.0672106371147510E-09
    57   5.4150000      0.0000000000000000E+00  8.8872981275020095E-09  1.6201362684741394E-06  4.5700094105999988E-08  3.4167903678776653E-08  7.2977756949255223E-09
    58   5.5100000      0.0000000000000000E+00  8.2193879167094109E-09  1.7434513363696774E-06  5.0664514955515972E-08  3.2956770233714848E-08  7.1218658900082309E-09
    59   5.6050000      0.0000000000000000E+00  7.6682955702513239E-09  1.8751122268450140E-06  5.5317608125073494E-08  3.2123806907273621E-08  6.6783422240425085E-09
    60   5.7000000      0.0000000000000000E+00  7.3342723519635552E-09  2.0175338539816795E-06  5.9351597643255238E-08  3.2151155195797808E-08  6.1156501415945390E-09
    61   5.7950000      0.0000000000000000E+00  7.2088236970373826E-09  2.1730044237206169E-06  6.2503821981976957E-08  3.3258280962654502E-08  5.6857588145948141E-09
    62   5.8900000      0.0000000000000000E+00  7.1221288599546477E-09  2.3430034449167493E-06  6.4572900711542761E-08  3.5199391448298122E-08  5.7223613511949138E-09
    63   5.9850000      0.0000000000000000E+00  7.0819313765878106E-09  2.5282600402528812E-06  6.5430763324781998E-08  3.7670060779288991E-08  6.2724618533351548E-09
    64   6.0800000      0.0000000000000000E+00  7.5787670185337870E-09  2.7298667345823247E-06  6.5029799407498954E-08  4.0696348920248465E-08  6.7186875679113497E-09
    65   6.1750000      0.0000000000000000E+00  8.9478517641294211E-09  2.9498617262553040E-06  6.3404714304365102E-08  4.4549900019258419E-08  6.5253024832843550E-09
    66   6.2700000      0.0000000000000000E+00  1.0779795704494756E-08  3.1900459696525641E-06  6.0669117594583075E-08  4.9560231883694981E-08  5.9469427059541256E-09
    67   6.3650000      0.0000000000000000E+00  1.2413801819800150E-08  3.4508754971344519E-06  5.7007091812762882E-08  5.5672318664842115E-08  5.4626816507227732E-09
    68   6.4600000      0.0000000000000000E+00  1.3561034034063722E-08  3.7323040013725851E-06  5.2660402284585427E-08  6.2788989871054782E-08  5.2588526589876552E-09
    69   6.5550000      0.0000000000000000E+00  1.4808068836043502E-08  4.0369585288218430E-06  4.7912198739343755E-08  7.0511946051334027E-08  4.6450853918868855E-09
    70   6.6500000      0.0000000000000000E+00  1.6509327252246257E-08  4.3711116125172294E-06  4.3068183607125716E-08  7.8667446599648573E-08  3.2151254652391265E-09
    71   6.7450000      0.0000000000000000E+00  1.7399137883220497E-08  4.7417199062478231E-06  3.8436675537627529E-08  8.8543338679946920E-08  2.5670019789810591E-09
    72   6.8400000      0.0000000000000000E+00  1.6608919474776466E-08  5.1544315038073806E-06  3.4308710578893597E-08  1.0056575522938927E-07  3.6795767840945585E-09
    73   6.9350000      0.0000000000000000E+00  1.4747597419874359E-08  5.6120664900608494E-06  3.0939642260823139E-08  1.1364013194784078E-07  5.6872023200819756E-09
    74   7.0300000      0.0000000000000000E+00  1.2646617575155306E-08  6.1141692255813309E-06  2.8533277804960490E-08  1.2647861155728282E-07  7.5317646113813603E-09
    75   7.1250000      0.0000000000000000E+00  1.0769928256269820E-08  6.6584600790469311E-06  2.7229528418087073E-08  1.3785649131883966E-07  8.5905208457764051E-09
    76   7.2200000      0.0000000000000000E+00  9.0305046887672157E-09  7.2418673208733402E-06  2.7096310246369465E-08  1.4747069399267357E-07  9.0185858895940579E-09
    77   7.3150000      0.0000000000000000E+00  7.3977429223220630E-09  7.8623896037195274E-06  2.8126210779768444E-08  1.5579238879062810E-07  9.0104212285303473E-09
    78   7.4100000      0.0000000000000000E+00  6.2836858304734754E-09  8.5215882992740896E-06  3.0238073847462369E-08  1.6384057046617440E-07  8.2799243705662414E-09
    79   7.5050000      0.0000000000000000E+00  5.9346592463828463E-09  9.2265573727277019E-06  3.3283239389296774E-08  1.7269439157391012E-07  6.8140938086970001E-09
    80   7.6000000      0.0000000000000000E+00  6.1893932187537665E-09  9.9894617000551294E-06  3.7056051422096533E-08  1.8277579109039028E-07  5.1155317042682335E-09
    81   7.6950000      0.0000000000000000E+00  6.7480955304632497E-09  1.0823802137077241E-05  4.1307827074568714E-08  1.9417409131715176E-07  3.8148772987641602E-09
    82   7.7900000      0.0000000000000000E+00  7.3791338375255042E-09  1.1740701984044809E-05  4.5763451568520102E-08  2.0669397539741656E-07  3.2812255393288040E-09
    83   7.8850000      0.0000000000000000E+00  7.8236894740790181E-09  1.2747353061614295E-05  5.0139361976576349E-08  2.2033532951336885E-07  3.6588931452382965E-09
    84   7.9800000      0.0000000000000000E+00  7.8891005709251881E-09  1.3848370114893356E-05  5.4161866027823890E-08  2.3506999070190753E-07  4.8536106047680543E-09
    85   8.0750000      0.0000000000000000E+00  7.8028960248230619E-09  1.5047542534345394E-05  5.7584540436687374E-08  2.5020057315193459E-07  6.2774341910929539E-09
    86   8.1700000      0.0000000000000000E+00  7.9585128512159999E-09  1.6347195416868391E-05  6.0203655134734335E-08  2.6501373543231239E-07  7.3049446227417002E-09
    87   8.2650000      0.0000000000000000E+00  8.4501305356492690E-09  1.7747239261928210E-05  6.1870493988709014E-08  2.7953332459774994E-07  7.8318615696929932E-09
    88   8.3600000      0.0000000000000000E+00  9.1942985760629204E-09  1.9246711413407156E-05  6.2499934018929210E-08  2.9450431958014361E-07  8.0039586410791393E-09
    89   8.4550000      0.0000000000000000E+00  1.0187040936850556E-08  2.0847186855264872E-05  6.2074818952711021E-08  3.1127837648279184E-07  7.8323630160872519E-09
    90   8.5500000      0.0000000000000000E+00  1.1479076805399289E-08  2.2555698675310183E-05  6.0645911689002785E-08  3.3188411399039017E-07  7.2269522728108053E-09
    91   8.6450000      0.0000000000000000E+00  1.3009122885289111E-08  2.4386398864792415E-05  5.8327494765821204E-08  3.5826659180817543E-07  6.2068046316369100E-09
    92   8.7400000      0.0000000000000000E+00  1.4399630298907899E-08  2.6360726427071065E-05  5.5288925825614057E-08  3.9159775058281709E-07  5.1512721225811109E-09
    93   8.8350000      0.0000000000000000E+00  1.5152555435343086E-08  2.8506146814583360E-05  5.1742764268967027E-08  4.3251578294297320E-07  4.5531496671830361E-09
    94   8.9300000      0.0000000000000000E+00  1.5087367869970175E-08  3.0853891669065668E-05  4.7930301968993754E-08  4.8142648331154189E-07  4.4737179789451179E-09
    95   9.0250000      0.0000000000000000E+00  1.4336375526418932E-08  3.3436022333769602E-05  4.4105435236079914E-08  5.3817001030983411E-07  4.6835545519245451E-09
    96   9.1200000      0.0000000000000000E+00  1.3309269388055082E-08  3.6282239051889777E-05  4.0517919235879766E-08  6.0207911731704049E-07  4.7449500045698307E-09
    97   9.2150000      0.0000000000000000E+00  1.2222162658345921E-08  3.9418341449587383E-05  3.7397241871607843E-08  6.7214839883487655E-07  4.5897361251135098E-09
    98   9.3100000      0.0000000000000000E+00  1.0920282773230432E-08  4.2867196160556238E-05  3.4938130323664603E-08  7.4636965663011438E-07  4.7031027800941679E-09
    99   9.4050000      0.0000000000000000E+00  9.5701719109789425E-09  4.6649289408426803E-05  3.3288583234498600E-08  8.2236228934258539E-07  5.1314999261142817E-09
   100   9.5000000      0.0000000000000000E+00  8.5881858592809229E-09  5.0782069606021565E-05  3.2541035834175167E-08  8.9827083051883563E-07  5.5561261054404206E-09
   101   9.5950000      0.0000000000000000E+00  8.1627729465603113E-09  5.5278649839884759E-05  3.2727340625687153E-08  9.7265491238578872E-07  5.8184236083499893E-09
   102   9.6900000      0.0000000000000000E+00  8.0475005413983464E-09  6.0146297475406534E-05  3.3817858576511826E-08  1.0455478256335988E-06  6.1555034689445134E-09
   103   9.7850000      0.0000000000000000E+00  7.8502806026304336E-09  6.5389615872260329E-05  3.5724605678416686E-08  1.1185248798372466E-06  6.9043041868153419E-09
   104   9.8800000      0.0000000000000000E+00  7.5916687359044657E-09  7.1019781565194107E-05  3.8308144835308000E-08  1.1938710118031921E-06  7.8465636090951128E-09
   105   9.9750000      0.0000000000000000E+00  7.5379065821784130E-09  7.7064797687587594E-05  4.1387662469498959E-08  1.2745235884201417E-06  8.4872001153123633E-09
   106   10.070000      0.0000000000000000E+00  7.7502885310754775E-09  8.3574388020445686E-05  4.4753602422687669E-08  1.3640635559956646E-06  8.6554165231984929E-09
   107   10.165000      0.0000000000000000E+00  8.1370774299062355E-09  9.0616127216216214E-05  4.8181931414532858E-08  1.4661071321876456E-06  8.4969581490705524E-09
   108   10.260000      0.0000000000000000E+00  8.8573573614555251E-09  9.8265590630646857E-05  5.1449120859890409E-08  1.5829249450428157E-06  7.9563819607822550E-09
   109   10.355000      0.0000000000000000E+00  1.0184056743449996E-08  1.0659647831403974E-04  5.4346805063647827E-08  1.7154020058006343E-06  6.8263266774076727E-09
   110   10.450000      0.0000000000000000E+00  1.1953235473575681E-08  1.1567721583614980E-04  5.6695263592273594E-08  1.8639029284006348E-06  5.3006846331056733E-09
   111   10.545000      0.0000000000000000E+00  1.3511619440320987E-08  1.2557502993889010E-04  5.8354820609581856E-08  2.0283598779388365E-06  3.9907281437495894E-09
   112   10.640000      0.0000000000000000E+00  1.4192255381343652E-08  1.3636086068599717E-04  5.9234409373359875E-08  2.2087256352246548E-06  3.5033648338303756E-09
   113   10.735000      0.0000000000000000E+00  1.4008687493959282E-08  1.4811038220687627E-04  5.9296771286229838E-08  2.4052406300549911E-06  3.6969264011255154E-09
   114   10.830000      0.0000000000000000E+00  1.3367004407016632E-08  1.6090214877422209E-04  5.8560075042279157E-08  2.6180434245952915E-06  4.0752391948071862E-09
   115   10.925000      0.0000000000000000E+00  1.2421248799512533E-08  1.7481634393274302E-04  5.7095783918859545E-08  2.8474272598966987E-06  4.5811309993425024E-09
   116   11.020000      0.0000000000000000E+00  1.1294444138267239E-08  1.8993695284117885E-04  5.5023058958353175E-08  3.0941897332886467E-06  5.2076614648174996E-09
   117   11.115000      0.0000000000000000E+00  1.0135278989037978E-08  2.0635645529845257E-04  5.2500225149898497E-08  3.3597196576742906E-06  5.9175764448262287E-09
   118   11.210000      0.0000000000000000E+00  9.2015124894167605E-09  2.2418083024453831E-04  4.9713741172783675E-08  3.6462520175500268E-06  6.4576919485244538E-09
   119   11.305000      0.0000000000000000E+00  8.7580160063360131E-09  2.4353426957160319E-04  4.6865498662850043E-08  3.9567677453823229E-06  6.4379588544745115E-09
   120   11.400000      0.0000000000000000E+00  8.6681853638406100E-09  2.6456174182505328E-04  4.4159272615970405E-08  4.2938810810961230E-06  5.9426925183129229E-09
   121   11.495000      0.0000000000000000E+00  8.5694176835208181E-09  2.8742445727975306E-04  4.1787326549894551E-08  4.6592303728095956E-06  5.4095662516370401E-09
   122   11.590000      0.0000000000000000E+00  8.2290231892301593E-09  3.1228761367829092E-04  3.9918017716420542E-08  5.0543262362990559E-06  5.3011380670130926E-09
   123   11.685000      0.0000000000000000E+00  7.8353600135916306E-09  3.3930980586288953E-04  3.8685260633613668E-08  5.4812409439900215E-06  5.6831581787659257E-09
   124   11.780000      0.0000000000000000E+00  7.8532380378183260E-09  3.6864559960956048E-04  3.8180634257350432E-08  5.9430208810003434E-06  6.2158628651169616E-09
   125   11.875000      0.0000000000000000E+00  8.4335544158210500E-09  4.0046403079653482E-04  3.8448382083721250E-08  6.4444904788895941E-06  6.7251770196253853E-09
   126   11.970000      0.0000000000000000E+00  9.3022310839166827E-09  4.3497323950435131E-04  3.9483775892141570E-08  6.9919433894514013E-06  7.3323057681442528E-09
   127   12.065000      0.0000000000000000E+00  1.0265303199780465E-08  4.7243399308126042E-04  4.1234806067273000E-08  7.5916998124812208E-06  7.9286313804831079E-09
   128   12.160000      0.0000000000000000E+00  1.1287188328986793E-08  5.1315206429952524E-04  4.3607012430640410E-08  8.2488623602771523E-06  8.2233657638090245E-09
   129   12.255000      0.0000000000000000E+00  1.2257427169069807E-08  5.5745530647141313E-04  4.6471071640241545E-08  8.9669492648505986E-06  8.1075908716980807E-09
   130   12.350000      0.0000000000000000E+00  1.3076109576717007E-08  6.0567109919728397E-04  4.9672944640657618E-08  9.7484214370478526E-06  7.5581628500952883E-09
   131   12.445000      0.0000000000000000E+00  1.3724709111074543E-08  6.5811838134269100E-04  5.3045472864957271E-08  1.0595955498840613E-05  6.5737144197066713E-09
   132   12.540000      0.0000000000000000E+00  1.4081411818168456E-08  7.1512059448094458E-04  5.6420578109441134E-08  1.1513310990106654E-05  5.4199348262485756E-09
   133   12.635000      0.0000000000000000E+00  1.3841971334731625E-08  7.7703380582574825E-04  5.9641356761881578E-08  1.2505507997882495E-05  4.7370187326708307E-09
   134   12.730000      0.0000000000000000E+00  1.3027032748712736E-08  8.4427324063415712E-04  6.2573315000261129E-08  1.3578581047483448E-05  4.8279722992860014E-09
   135   12.825000      0.0000000000000000E+00  1.2205829975131269E-08  9.1731890541008228E-04  6.5113980721178268E-08  1.4738831290162934E-05  5.1469590863732159E-09
   136   12.920000      0.0000000000000000E+00  1.1709555799240505E-08  9.9669207967706700E-04  6.7200211498655804E-08  1.5992736532924838E-05  5.1331609240877935E-09
   137   13.015000      0.0000000000000000E+00  1.1177518166954190E-08  1.0829174065857148E-03  6.8812636647322628E-08  1.7347568460009284E-05  4.7412674890837522E-09
   138   13.110000      0.0000000000000000E+00  9.6564893515089001E-09  1.1765014691559011E-03  6.9976781318583390E-08  1.8813642527745227E-05  4.6984115689393918E-09
   139   13.205000      0.0000000000000000E+00  6.9293057097090045E-09  1.2779559542959523E-03  7.0761322891605936E-08  2.0406138203579309E-05  5.3802423868865746E-09
   140   13.300000      0.0000000000000000E+00  4.5704991262478024E-09  1.3878647897710512E-03  7.1273473978070599E-08  2.2144501965716972E-05  5.4871694353420403E-09
   141   13.395000      0.0000000000000000E+00  3.6732477308539518E-09  1.5069581273431715E-03  7.1651172754975275E-08  2.4052200068865771E-05  4.5856852066265359E-09
   142   13.490000      0.0000000000000000E+00  3.7172862612571317E-09  1.6361486710341024E-03  7.2053283352014781E-08  2.6152537946204661E-05  4.0005386725449936E-09
   143   13.585000      0.0000000000000000E+00  4.1276372790429011E-09  1.7765036093702455E-03  7.2648876531350337E-08  2.8461992283969846E-05  4.5206596358461798E-09
   144   13.680000      0.0000000000000000E+00  4.7622412945275740E-09  1.9291646838734433E-03  7.3606065908071996E-08  3.0987661191655849E-05  6.0188985648826724E-09
   145   13.775000      0.0000000000000000E+00  5.9274102359711136E-09  2.0952660410582069E-03  7.5080488592225139E-08  3.3727983352527421E-05  7.5691694844810752E-09
   146   13.870000      0.0000000000000000E+00  7.7540769393222183E-09  2.2758955118973899E-03  7.7205174026733039E-08  3.6677518865031494E-05  8.4650992294494333E-09
   147   13.965000      0.0000000000000000E+00  9.8637319728701737E-09  2.4721140828171556E-03  8.0082490867632702E-08  3.9832893527854145E-05  8.7983770887237331E-09
   148   14.060000      0.0000000000000000E+00  1.2020217759929116E-08  2.6850125022483849E-03  8.3777627386548443E-08  4.3197384822024222E-05  8.6590658313817727E-09
   149   14.155000      0.0000000000000000E+00  1.4279626987039444E-08  2.9157697492770435E-03  8.8314909446321242E-08  4.6783485920462676E-05  7.9115364620852943E-09
   150   14.250000      0.0000000000000000E+00  1.6584817361799996E-08  3.1656918695060461E-03  9.3677851917126792E-08  5.0612238978755007E-05  6.6075036648736009E-09
   151   14.345000      0.0000000000000000E+00  1.8612411956183436E-08  3.4362305191868192E-03  9.9811680812920798E-08  5.4711667742249926E-05  5.1277076814456829E-09
   152   14.440000      0.0000000000000000E+00  1.9988573200233775E-08  3.7289942319532784E-03  1.0662869571465491E-07  5.9114453601346436E-05  3.9334673478250085E-09
   153   14.535000      0.0000000000000000E+00  2.0436686730885439E-08  4.0457591904866710E-03  1.1401652588196676E-07  6.3855915036857623E-05  3.3432318098963177E-09
   154   14.630000      0.0000000000000000E+00  1.9636051213153559E-08  4.3884732861880832E-03  1.2184954218564307E-07  6.8972454689286510E-05  3.6927169640007907E-09
   155   14.725000      0.0000000000000000E+00  1.7526643153920015E-08  4.7592433774727152E-03  1.3000301265284238E-07  7.4499001117712970E-05  4.9464763364962820E-09
   156   14.820000      0.0000000000000000E+00  1.4576241206617420E-08  5.1603032026145612E-03  1.3836492866441686E-07  8.0467680261461284E-05  6.4444532234198656E-09
   157   14.915000      0.0000000000000000E+00  1.1408780913502763E-08  5.5939745780317508E-03  1.4684945960918831E-07  8.6908990400912651E-05  7.4776211828790778E-09
   158   15.010000      0.0000000000000000E+00  8.4350450875387658E-09  6.0626425676643912E-03  1.5541074198145946E-07  9.3854683781753644E-05  7.8084315745099908E-09
   159   15.105000      0.0000000000000000E+00  5.9037802511917982E-09  6.5687615260413808E-03  1.6405423459542260E-07  1.0134090768977006E-04  7.5602907455167080E-09
   160   15.200000      0.0000000000000000E+00  4.0249355007216040E-09  7.1148989784308950E-03  1.7284411994746484E-07  1.0941080247879782E-04  6.9470963434486437E-09
   161   15.295000      0.0000000000000000E+00  3.0386000172349448E-09  7.7038105724967516E-03  1.8190999407416308E-07  1.1811384930776660E-04  6.0124016572865159E-09
   162   15.390000      0.0000000000000000E+00  2.9923431908132161E-09  8.3385170787188458E-03  1.9145061509354546E-07  1.2750079522300397E-04  4.8167531229246383E-09
   163   15.485000      0.0000000000000000E+00  3.5201575988196100E-09  9.0223382258033859E-03  2.0173427873394500E-07  1.3761666629914183E-04  3.7864256761837943E-09
   164   15.580000      0.0000000000000000E+00  4.1651093590292799E-09  9.7588495325701945E-03  2.1309529116884206E-07  1.4849529179731250E-04  3.3943455765682432E-09
   165   15.675000      0.0000000000000000E+00  4.6421061951268716E-09  1.0551768515987199E-02  2.2592683500979601E-07  1.6015716005392329E-04  3.9251237314640266E-09
   166   15.770000      0.0000000000000000E+00  5.1173849012979480E-09  1.1404819236722978E-02  2.4066070090773841E-07  1.7261189408147653E-04  5.1326590489932584E-09
   167   15.865000      0.0000000000000000E+00  6.1184275191223201E-09  1.2321638898646320E-02  2.5776138517263537E-07  1.8586505952806814E-04  6.2445945514378984E-09
   168   15.960000      0.0000000000000000E+00  7.6672355388129281E-09  1.3305769561559516E-02  2.7771569424842907E-07  1.9992476967276040E-04  7.0534874241669495E-09
   169   16.055000      0.0000000000000000E+00  9.3711343324115567E-09  1.4360730098341289E-02  3.0102105697482735E-07  2.1480634382696874E-04  7.7609786061006131E-09
   170   16.150000      0.0000000000000000E+00  1.0967711376835366E-08  1.5490121260521085E-02  3.2817208632247085E-07  2.3053424234010562E-04  8.3654302329591130E-09
   171   16.245000      0.0000000000000000E+00  1.2466602392944835E-08  1.6697708849841109E-02  3.5964881352340183E-07  2.4713973235423228E-04  8.5812602575570959E-09
   172   16.340000      0.0000000000000000E+00  1.3933735139376811E-08  1.7987448298590836E-02  3.9591376265702751E-07  2.6465647758168101E-04  8.1601228496467461E-09
   173   16.435000      0.0000000000000000E+00  1.5119603695797125E-08  1.9363447491740543E-02  4.3738897250445138E-07  2.8311579744754882E-04  7.4257037413975727E-09
   174   16.530000      0.0000000000000000E+00  1.5755769878238705E-08  2.0829881284493375E-02  4.8447266084492268E-07  3.0253935803901131E-04  6.8480705279133335E-09
   175   16.625000      0.0000000000000000E+00  1.5947402465186216E-08  2.2390885914450237E-02  5.3757274860690660E-07  3.2293508314925050E-04  6.4422460625107516E-09
   176   16.720000      0.0000000000000000E+00  1.5950738033596061E-08  2.4050467987780894E-02  5.9712948696873399E-07  3.4429728485417380E-04  5.9535747591519106E-09
   177   16.815000      0.0000000000000000E+00  1.5747882521191405E-08  2.5812433485530167E-02  6.6359558041638651E-07  3.6661019687508255E-04  5.4050013373295227E-09
   178   16.910000      0.0000000000000000E+00  1.5162958335895489E-08  2.7680318292816909E-02  7.3742909855988022E-07  3.8985195414522093E-04  5.0451483112227034E-09
   179   17.005000      0.0000000000000000E+00  1.4298297016739352E-08  2.9657300193693677E-02  8.1914097427981278E-07  4.1399884301688883E-04  4.8155113610185872E-09
   180   17.100000      0.0000000000000000E+00  1.3445634087186771E-08  3.1746125906389665E-02  9.0938459478476030E-07  4.3903563161224509E-04  4.4372493954361381E-09
   181   17.195000      0.0000000000000000E+00  1.2723573460893268E-08  3.3949118518920546E-02  1.0089737584951129E-06  4.6496594946364417E-04  3.8139805581509036E-09
   182   17.290000      0.0000000000000000E+00  1.1813579777731290E-08  3.6268289808698062E-02  1.1188982802696111E-06  4.9182079052131217E-04  3.4486051424111066E-09
   183   17.385000      0.0000000000000000E+00  1.0481432413279688E-08  3.8705497548527333E-02  1.2402451117369227E-06  5.1965626491547070E-04  3.8626764237507176E-09
   184   17.480000      0.0000000000000000E+00  9.1092146521615574E-09  4.1262532032496406E-02  1.3741937264905519E-06  5.4854380228661710E-04  4.8216526616702961E-09
   185   17.575000      0.0000000000000000E+00  8.1334127388411871E-09  4.3941100389572593E-02  1.5220214405904371E-06  5.7856069541359356E-04  5.9338510293114337E-09
   186   17.670000      0.0000000000000000E+00  7.7447243130488840E-09  4.6742796495827348E-02  1.6853050570202746E-06  6.0978441618056163E-04  6.9035832500878305E-09
   187   17.765000      0.0000000000000000E+00  7.8435111510558839E-09  4.9669164138025995E-02  1.8660289625853669E-06  6.4228735404502936E-04  7.6301944017123402E-09
   188   17.860000      0.0000000000000000E+00  8.1440174529565038E-09  5.2721828981968921E-02  2.0663933683463407E-06  6.7612491855991146E-04  8.2070004552301965E-09
   189   17.955000      0.0000000000000000E+00  8.6168978892499319E-09  5.5902541597573845E-02  2.2885170720747581E-06  7.1132380559678333E-04  8.4121110342165280E-09
   190   18.050000      0.0000000000000000E+00  9.3554239020723450E-09  5.9213055357956984E-02  2.5344423344252015E-06  7.4787975485301420E-04  7.9835605488690971E-09
   191   18.145000      0.0000000000000000E+00  1.0334129635639780E-08  6.2654957640304862E-02  2.8058673551220663E-06  7.8576814778994353E-04  6.9162159445402894E-09
   192   18.240000      0.0000000000000000E+00  1.1253461115929435E-08  6.6229588336487025E-02  3.1035575672204905E-06  8.2495730385732816E-04  5.6079164403712970E-09
   193   18.335000      0.0000000000000000E+00  1.1659868094780968E-08  6.9938052213789792E-02  3.4273654740514821E-06  8.6541103457526275E-04  4.6695712657728524E-09
   194   18.430000      0.0000000000000000E+00  1.1425760697553945E-08  7.3781262069873413E-02  3.7764639711719227E-06  9.0708667209275177E-04  4.3249686740239387E-09
   195   18.525000      0.0000000000000000E+00  1.0796639380879121E-08  7.7759979579923269E-02  4.1490242551836063E-06  9.4993313777148977E-04  4.3739676645965453E-09
   196   18.620000      0.0000000000000000E+00  9.9569387581111467E-09  8.1874903024264839E-02  4.5422557719297248E-06  9.9390100565819716E-04  4.7275588348953431E-09
   197   18.715000      0.0000000000000000E+00  8.9990979383213453E-09  8.6126856364354076E-02  4.9524493170394254E-06  1.0389559153666510E-03  5.3725126707113954E-09
   198   18.810000      0.0000000000000000E+00  8.0994521196762449E-09  9.0517016366879532E-02  5.3747950506105407E-06  1.0850675224433502E-03  6.1026925945908010E-09
   199   18.905000      0.0000000000000000E+00  7.3761587066075604E-09  9.5046968812626198E-02  5.8033459600332467E-06  1.1321829697029714E-03  6.7305503435314209E-09
   200   19.000000      0.0000000000000000E+00  6.8690459879506064E-09  9.9718505956526607E-02  6.2308403938457531E-06  1.1801905158283462E-03  7.1804985136185499E-09
   201   19.095000      0.0000000000000000E+00  6.7550109638485818E-09  1.0453320263715338E-01  6.6494677448944849E-06  1.2288914995142901E-03  7.2725041941469130E-09
   202   19.190000      0.0000000000000000E+00  7.3102775268472673E-09  1.0949179368918714E-01  7.0507637891768361E-06  1.2779905856553312E-03  6.7192021027740473E-09
   203   19.285000      0.0000000000000000E+00  8.3750897665298283E-09  1.1459340655161683E-01  7.4245327366489882E-06  1.3271020113074885E-03  5.6936718481642100E-09
   204   19.380000      0.0000000000000000E+00  9.2223770749670522E-09  1.1983471939600628E-01  7.7598670486824103E-06  1.3757768331877915E-03  5.0306309732058361E-09
   205   19.475000      0.0000000000000000E+00  9.4376240392305997E-09  1.2520918860765509E-01  8.0446511091200549E-06  1.4235106089937036E-03  5.2013871435741705E-09
   206   19.570000      0.0000000000000000E+00  9.3462193896732674E-09  1.3070653600580293E-01  8.2660235834541103E-06  1.4697438833515685E-03  5.9046856857933927E-09
   207   19.665000      0.0000000000000000E+00  9.7592528110460717E-09  1.3631244126522318E-01  8.4120514985044390E-06  1.5138586275249867E-03  6.2705836678339420E-09
   208   19.760000      0.0000000000000000E+00  1.0887645769321854E-08  1.4200827081811043E-01  8.4724583400539338E-06  1.5552236332045902E-03  5.9811391921638257E-09
   209   19.855000      0.0000000000000000E+00  1.1697708001519219E-08  1.4777093748867084E-01  8.4415133481932600E-06  1.5932542210862007E-03  6.1972065192967709E-09
   210   19.950000      0.0000000000000000E+00  1.1958812967490495E-08  1.5357316498879212E-01  8.3200330110903619E-06  1.6274685773360064E-03  7.1150897264465300E-09
   211   20.045000      0.0000000000000000E+00  1.2720949448639595E-08  1.5938427836370314E-01  8.1166656897855859E-06  1.6575112906161789E-03  7.3792242592464538E-09
   212   20.140000      0.0000000000000000E+00  1.4187514621072018E-08  1.6517143254773423E-01  7.8502213265622676E-06  1.6831704140414024E-03  6.7005473770930556E-09
   213   20.235000      0.0000000000000000E+00  1.5602041484559474E-08  1.7090102017125772E-01  7.5525206004099507E-06  1.7043684172071583E-03  5.7777425107152401E-09
   214   20.330000      0.0000000000000000E+00  1.6023222904009345E-08  1.7654010945321807E-01  7.2697581240964063E-06  1.7211282302783397E-03  5.5720818112044598E-09
   215   20.425000      0.0000000000000000E+00  1.5231280611298443E-08  1.8205785826307933E-01  7.0565783433694845E-06  1.7334951650319246E-03  6.3350344901085407E-09
   216   20.520000      0.0000000000000000E+00  1.3910215122673319E-08  1.8742676748763615E-01  6.9662975516563758E-06  1.7414387184482587E-03  7.3197592610226727E-09
   217   20.615000      0.0000000000000000E+00  1.2625119368959965E-08  1.9262356414285950E-01  7.0396538971313160E-06  1.7447708682279198E-03  7.9866204306106859E-09
   218   20.710000      0.0000000000000000E+00  1.1545135949725515E-08  1.9762951347025737E-01  7.2886229863190614E-06  1.7431438123179412E-03  8.2808399124442061E-09
   219   20.805000      0.0000000000000000E+00  1.0823122901030394E-08  2.0243013391770576E-01  7.6890284155289939E-06  1.7360854600995291E-03  8.1909623495756058E-09
   220   20.900000      0.0000000000000000E+00  1.0644915711942676E-08  2.0701440829939433E-01  8.1814144386802600E-06  1.7231098351613823E-03  7.6505311480925434E-09
   221   20.995000      0.0000000000000000E+00  1.0963217227646388E-08  2.1137369559288832E-01  8.6823808742850282E-06  1.7038684320111895E-03  6.7307672326778762E-09
   222   21.090000      0.0000000000000000E+00  1.1430748605779970E-08  2.1550049420943998E-01  9.1095331472796935E-06  1.6782958689149344E-03  5.7442779041583686E-09
   223   21.185000      0.0000000000000000E+00  1.1772473151447469E-08  2.1938708063875653E-01  9.4077527111243140E-06  1.6467531428271825E-03  4.8801788394279647E-09
   224   21.280000      0.0000000000000000E+00  1.1736913722596846E-08  2.2302393852180763E-01  9.5581032596493923E-06  1.6101362931215891E-03  4.3687687521787855E-09
   225   21.375000      0.0000000000000000E+00  1.1006858856687705E-08  2.2639826451347683E-01  9.5852950823939585E-06  1.5699635889353338E-03  4.5989016338741723E-09
   226   21.470000      0.0000000000000000E+00  9.6250074049658837E-09  2.2949325750771338E-01  9.5537482582120251E-06  1.5283857864432000E-03  5.5692431464121470E-09
   227   21.565000      0.0000000000000000E+00  8.1558862266008981E-09  2.3228826834013719E-01  9.5484355825588381E-06  1.4880915556412843E-03  6.7022287804537051E-09
   228   21.660000      0.0000000000000000E+00  7.2824775274158280E-09  2.3475952288515325E-01  9.6500284404664879E-06  1.4521259895228997E-03  7.3422050418714745E-09
   229   21.755000      0.0000000000000000E+00  7.3722118916820284E-09  2.3688143822702648E-01  9.9245958921050606E-06  1.4235605073065708E-03  7.2133227457338666E-09
   230   21.850000      0.0000000000000000E+00  8.2836096880847722E-09  2.3862853978763729E-01  1.0421593728461568E-05  1.4051214433916746E-03  6.5465786125533429E-09
   231   21.945000      0.0000000000000000E+00  9.6205428352400684E-09  2.3997826751236212E-01  1.1167155537089491E-05  1.3987644143669997E-03  5.6847096838985805E-09
   232   22.040000      0.0000000000000000E+00  1.1087568700071825E-08  2.4091496253526634E-01  1.2166868611901191E-05  1.4050623603929270E-03  4.7037699323340581E-09
   233   22.135000      0.0000000000000000E+00  1.2412412254709012E-08  2.4143416624908848E-01  1.3415175523120018E-05  1.4226748238738681E-03  3.7055269580642318E-09
   234   22.230000      0.0000000000000000E+00  1.3308051061703912E-08  2.4154560725245544E-01  1.4908226544722777E-05  1.4482581230724906E-03  2.9606261926443903E-09
   235   22.325000      0.0000000000000000E+00  1.3463829571266868E-08  2.4127373256817963E-01  1.6630614475770520E-05  1.4771378531122561E-03  2.8879355913978768E-09
   236   22.420000      0.0000000000000000E+00  1.2680754225385298E-08  2.4065596753703211E-01  1.8526249096407514E-05  1.5044610598755614E-03  3.8946033854477635E-09
   237   22.515000      0.0000000000000000E+00  1.1475509033412767E-08  2.3973914965507526E-01  2.0508834851865984E-05  1.5265051305462197E-03  5.4892467658960238E-09
   238   22.610000      0.0000000000000000E+00  1.0587137207791232E-08  2.3857465606215716E-01  2.2459687228205454E-05  1.5420901922662948E-03  6.8237494584592957E-09
   239   22.705000      0.0000000000000000E+00  1.0204184146438772E-08  2.3721430311187919E-01  2.4217561386965454E-05  1.5535513360396872E-03  7.6216816118660347E-09
   240   22.800000      0.0000000000000000E+00  1.0099717980421779E-08  2.3570834374339944E-01  2.5607169977950820E-05  1.5666289552898447E-03  8.0524324377957636E-09
   241   22.895000      0.0000000000000000E+00  1.0091030766517409E-08  2.3410395063921483E-01  2.6478939654953652E-05  1.5896867130104340E-03  8.2885367448390922E-09
   242   22.990000      0.0000000000000000E+00  1.0371765853389435E-08  2.3244275943791115E-01  2.6731936456904340E-05  1.6324736512220918E-03  8.0798838618500426E-09
   243   23.085000      0.0000000000000000E+00  1.1089459996118925E-08  2.3075852690600429E-01  2.6375540433914499E-05  1.7042802882774100E-03  7.2630422056284566E-09
   244   23.180000      0.0000000000000000E+00  1.1967160766692698E-08  2.2907507085360695E-01  2.5566197520965308E-05  1.8117612552638477E-03  6.2248750982826930E-09
   245   23.275000      0.0000000000000000E+00  1.2659548733621241E-08  2.2740384295761173E-01  2.4563902362863374E-05  1.9575969818619340E-03  5.4861729034637692E-09
   246   23.370000      0.0000000000000000E+00  1.3209766986812110E-08  2.2574298062871839E-01  2.3664726105872317E-05  2.1397803298873861E-03  5.1259321677098564E-09
   247   23.465000      0.0000000000000000E+00  1.3882613525272125E-08  2.2407955094106288E-01  2.3134984853420820E-05  2.3512295031123602E-03  4.8677901692470993E-09
   248   23.560000      0.0000000000000000E+00  1.4619413910831238E-08  2.2239351683205860E-01  2.3152492444611389E-05  2.5799311369524686E-03  4.6976719306848229E-09
   249   23.655000      0.0000000000000000E+00  1.5117982445143820E-08  2.2066080915903249E-01  2.3757679228768099E-05  2.8103066041050943E-03  4.8007938356640922E-09
   250   23.750000      0.0000000000000000E+00  1.5240729927669435E-08  2.1885544308005797E-01  2.4854170151804823E-05  3.0251240575890634E-03  5.2141090607690863E-09
   251   23.845000      0.0000000000000000E+00  1.5245053611159999E-08  2.1695140139587168E-01  2.6239745625799876E-05  3.2072594354679075E-03  5.5974970983026867E-09
   252   23.940000      0.0000000000000000E+00  1.5366421365224287E-08  2.1492416422086219E-01  2.7658329300109145E-05  3.3410730601328891E-03  5.6942878740474940E-09
   253   24.035000      0.0000000000000000E+00  1.5391688062616325E-08  2.1275184282310289E-01  2.8863466042949781E-05  3.4139269136883549E-03  5.8632551556291117E-09
   254   24.130000      0.0000000000000000E+00  1.5218404751452543E-08  2.1041673162329896E-01  2.9660822940460186E-05  3.4175476030859939E-03  6.2914702117120239E-09
   255   24.225000      0.0000000000000000E+00  1.4948524595377133E-08  2.0790769347084945E-01  2.9958116694309059E-05  3.3489965391919237E-03  6.8289588168885867E-09
   256   24.320000      0.0000000000000000E+00  1.4657519247524202E-08  2.0522229452963325E-01  2.9790455593875598E-05  3.2110145750654296E-03  7.2313705421004849E-09
   257   24.415000      0.0000000000000000E+00  1.4412456931968188E-08  2.0236783076633730E-01  2.9302965071644328E-05  3.0120761251804257E-03  7.1610800493990767E-09
   258   24.510000      0.0000000000000000E+00  1.4048313155791638E-08  1.9936108827192933E-01  2.8702733048803378E-05  2.7661926346417456E-03  6.6907284230654289E-09
   259   24.605000      0.0000000000000000E+00  1.3417847854424058E-08  1.9622778033575225E-01  2.8182997034479248E-05  2.4922777626873965E-03  6.0403708388577677E-09
   260   24.700000      0.0000000000000000E+00  1.2560053855366193E-08  1.9300342698632622E-01  2.7866767280997802E-05  2.2122420950178856E-03  5.3645897657969927E-09
   261   24.795000      0.0000000000000000E+00  1.1683305730488588E-08  1.8973475458328071E-01  2.7800330677938507E-05  1.9483172939517438E-03  4.7075869803141062E-09
   262   24.890000      0.0000000000000000E+00  1.1046292433817599E-08  1.8647876219232601E-01  2.7968329635171088E-05  1.7208600940566484E-03  4.0359204698775033E-09
   263   24.985000      0.0000000000000000E+00  1.0602035869579481E-08  1.8329862904465799E-01  2.8316496944193465E-05  1.5470553934497280E-03  3.6441053213116822E-09
   264   25.080000      0.0000000000000000E+00  1.0183169700847814E-08  1.8025864236051758E-01  2.8765999397086429E-05  1.4400781954134936E-03  3.8972742112957160E-09
   265   25.175000      0.0000000000000000E+00  9.8900075745620028E-09  1.7742030669730557E-01  2.9226507260450249E-05  1.4082011151908944E-03  4.7247151666413009E-09
   266   25.270000      0.0000000000000000E+00  9.9026859661717625E-09  1.7483995193070734E-01  2.9619149361382378E-05  1.4543444944330568E-03  5.8209401457715019E-09
   267   25.365000      0.0000000000000000E+00  1.0223317508888875E-08  1.7256710375155038E-01  2.9886688011556884E-05  1.5760401440055903E-03  6.9608990027693836E-09
   268   25.460000      0.0000000000000000E+00  1.0823047491656743E-08  1.7064242353491030E-01  2.9997610267783828E-05  1.7658588804077035E-03  7.8758593840881804E-09
   269   25.555000      0.0000000000000000E+00  1.1694165703661863E-08  1.6909518483537223E-01  2.9964691257373987E-05  2.0122905975908031E-03  8.3178731871085057E-09
   270   25.650000      0.0000000000000000E+00  1.2726377544208675E-08  1.6794160570438904E-01  2.9840895291092597E-05  2.3005462687248376E-03  8.2989776207361589E-09
   271   25.745000      0.0000000000000000E+00  1.3757500373949437E-08  1.6718485828797414E-01  2.9703489295103058E-05  2.6136526034271136E-03  8.0432392080723065E-09
   272   25.840000      0.0000000000000000E+00  1.4870610580941121E-08  1.6681682754186863E-01  2.9642683264290875E-05  2.9340666367637346E-03  7.5349636279628151E-09
   273   25.935000      0.0000000000000000E+00  1.6286176767379293E-08  1.6682139490917716E-01  2.9727655705461504E-05  3.2455560395907249E-03  6.5040558865794746E-09
   274   26.030000      0.0000000000000000E+00  1.7750691427055445E-08  1.6717757489151230E-01  3.0003695102363056E-05  3.5344755651243150E-03  5.1849012831707323E-09
   275   26.125000      0.0000000000000000E+00  1.8637657263644839E-08  1.6786021212919860E-01  3.0506164505874972E-05  3.7906468145518114E-03  4.2765399102233425E-09
   276   26.220000      0.0000000000000000E+00  1.8475239692846241E-08  1.6883914981959652E-01  3.1248615855824579E-05  4.0076492262823143E-03  4.3939321088458159E-09
   277   26.315000      0.0000000000000000E+00  1.7563354285695353E-08  1.7008010810072510E-01  3.2209528587132570E-05  4.1820389953153474E-03  5.2961085558595727E-09
   278   26.410000      0.0000000000000000E+00  1.6994129013343947E-08  1.7154788694994713E-01  3.3365036543805928E-05  4.3119036471884701E-03  5.5732100261536680E-09
   279   26.505000      0.0000000000000000E+00  1.6730046650953978E-08  1.7320907074307645E-01  3.4684371124148261E-05  4.3955622685021376E-03  5.0582525386369190E-09
   280   26.600000      0.0000000000000000E+00  1.5610714361402953E-08  1.7503251295401254E-01  3.6100091494995516E-05  4.4312705846448674E-03  5.0611342933624848E-09
   281   26.695000      0.0000000000000000E+00  1.3633745408023286E-08  1.7698877488772488E-01  3.7531620172863446E-05  4.4172857184260634E-03  5.6366092282670121E-09
   282   26.790000      0.0000000000000000E+00  1.1673987256137267E-08  1.7904958016462003E-01  3.8904183916881479E-05  4.3522214550257305E-03  6.0522245242028719E-09
   283   26.885000      0.0000000000000000E+00  1.0398668068218193E-08  1.8118719591826571E-01  4.0122806513380440E-05  4.2360403433085395E-03  5.8655066338183183E-09
   284   26.980000      0.0000000000000000E+00  9.7868838945366239E-09  1.8337384176881658E-01  4.1101415308625257E-05  4.0712557158463260E-03  5.3322478992970353E-09
   285   27.075000      0.0000000000000000E+00  9.2460112953672468E-09  1.8558109795858649E-01  4.1779525656269314E-05  3.8637349611087782E-03  5.3426347541004084E-09
   286   27.170000      0.0000000000000000E+00  8.6550391341584412E-09  1.8777896966404836E-01  4.2110543357856486E-05  3.6230862126733817E-03  6.0809755966149326E-09
   287   27.265000      0.0000000000000000E+00  8.3240255785828568E-09  1.8993497254982669E-01  4.2089586942119490E-05  3.3629258644881678E-03  7.0856380665916989E-09
   288   27.360000      0.0000000000000000E+00  8.4414414496147855E-09  1.9201471567852232E-01  4.1784986322699111E-05  3.1010375269188489E-03  7.9030959938048727E-09
   289   27.455000      0.0000000000000000E+00  9.0231198045828247E-09  1.9398493911198184E-01  4.1321264874606433E-05  2.8583381673450668E-03  8.2520186776390492E-09
   290   27.550000      0.0000000000000000E+00  1.0081308501778859E-08  1.9581708217302329E-01  4.0829293154336294E-05  2.6566954680562051E-03  7.9385900433588398E-09
   291   27.645000      0.0000000000000000E+00  1.1524926573768345E-08  1.9748971461994516E-01  4.0413967148609430E-05  2.5160607941954317E-03  6.9514882028038798E-09
   292   27.740000      0.0000000000000000E+00  1.2905562472696347E-08  1.9899117582469006E-01  4.0158774470473806E-05  2.4511344985183280E-03  5.7188204300127700E-09
   293   27.835000      0.0000000000000000E+00  1.3774028787688981E-08  2.0032326361761463E-01  4.0122055871086532E-05  2.4682597677861033E-03  4.7051453182198662E-09
   294   27.930000      0.0000000000000000E+00  1.4104919636434434E-08  2.0150306997793244E-01  4.0293580508111865E-05  2.5636186276570081E-03  3.9796431543110977E-09
   295   28.025000      0.0000000000000000E+00  1.3960931519512140E-08  2.0255958185470901E-01  4.0582708194398570E-05  2.7235673143600528E-03  3.6502020830411281E-09
   296   28.120000      0.0000000000000000E+00  1.3259136161616209E-08  2.0352604085504164E-01  4.0888985246686291E-05  2.9270054978974172E-03  4.0087215937119925E-09
   297   28.215000      0.0000000000000000E+00  1.2032882261077809E-08  2.0443277523352768E-01  4.1140988232081415E-05  3.1485170978152680E-03  5.1247917963131015E-09
   298   28.310000      0.0000000000000000E+00  1.0692803647659481E-08  2.0530352387450868E-01  4.1259339998285682E-05  3.3615712577297640E-03  6.5433478439002687E-09
   299   28.405000      0.0000000000000000E+00  9.8445582429131339E-09  2.0615533089893587E-01  4.1163628158184064E-05  3.5414320681737134E-03  7.5112381081115035E-09
   300   28.500000      0.0000000000000000E+00  9.7567642858048679E-09  2.0700091896169701E-01  4.0820339445430062E-05  3.6674197913488058E-03  7.6107626373585270E-09
   301   28.595000      0.0000000000000000E+00  1.0119786872006637E-08  2.0785125778741873E-01  4.0275259520234082E-05  3.7247004742485359E-03  7.0887935807102807E-09
   302   28.690000      0.0000000000000000E+00  1.0456178517286722E-08  2.0871657232804811E-01  3.9654315594666479E-05  3.7059675047495205E-03  6.3990713402445606E-09
   303   28.785000      0.0000000000000000E+00  1.0486440947702274E-08  2.0960617005055660E-01  3.9134418014046935E-05  3.6126236719346097E-03  5.8457364827935897E-09
   304   28.880000      0.0000000000000000E+00  1.0272658384934335E-08  2.1052810440787423E-01  3.8953863747801681E-05  3.4551482641785565E-03  5.4879444951043511E-09
   305   28.975000      0.0000000000000000E+00  1.0116592913733658E-08  2.1148935095512150E-01  3.9412873469236598E-05  3.2523515347719356E-03  5.2004536550977190E-09
   306   29.070000      0.0000000000000000E+00  9.9948675761207370E-09  2.1249719199076297E-01  4.0755938535986922E-05  3.0294502051973668E-03  5.3136899634936096E-09
   307   29.165000      0.0000000000000000E+00  9.8473177172538932E-09  2.1356170243068703E-01  4.3092090389092045E-05  2.8153521172041111E-03  6.0951306389267040E-09
   308   29.260000      0.0000000000000000E+00  1.0018106402528355E-08  2.1469785249952819E-01  4.6406255783366475E-05  2.6395066564323198E-03  7.0866694355102033E-09
   309   29.355000      0.0000000000000000E+00  1.0822267785838759E-08  2.1592623242457637E-01  5.0554044517389521E-05  2.5288010645272154E-03  7.6648053144429361E-09
   310   29.450000      0.0000000000000000E+00  1.2162265078239082E-08  2.1727340525299021E-01  5.5287334322411837E-05  2.5044313295451508E-03  7.5572421128415924E-09
   311   29.545000      0.0000000000000000E+00  1.3463969555678353E-08  2.1877277388393851E-01  6.0365141215789112E-05  2.5790317818834398E-03  7.0893327351118921E-09
   312   29.640000      0.0000000000000000E+00  1.4234606093014786E-08  2.2046478449330442E-01  6.5577342174093488E-05  2.7550445158983669E-03  6.6154401180787698E-09
   313   29.735000      0.0000000000000000E+00  1.4490596751722382E-08  2.2239517435498737E-01  7.0679745199516059E-05  3.0248438931740050E-03  6.0685512030874190E-09
   314   29.830000      0.0000000000000000E+00  1.4441062046613760E-08  2.2461111709556728E-01  7.5412827053413916E-05  3.3724803064234749E-03  5.3503472928261378E-09
   315   29.925000      0.0000000000000000E+00  1.4096347378360645E-08  2.2715588334137521E-01  7.9476633490911647E-05  3.7764512826557032E-03  4.6893740589195125E-09
   316   30.020000      0.0000000000000000E+00  1.3358258665520547E-08  2.3006268201440572E-01  8.2549078609600354E-05  4.2129856072104397E-03  4.4028300610295876E-09
   317   30.115000      0.0000000000000000E+00  1.2355424085738763E-08  2.3334921717811544E-01  8.4407457091522408E-05  4.6593441807952730E-03  4.4383903521554426E-09
   318   30.210000      0.0000000000000000E+00  1.1361304097640316E-08  2.3701586356511239E-01  8.5036568796619238E-05  5.0960214302928405E-03  4.5539381293712768E-09
   319   30.305000      0.0000000000000000E+00  1.0518551422051010E-08  2.4104865610890547E-01  8.4662037541045776E-05  5.5072419628690254E-03  4.6793976405131254E-09
   320   30.400000      0.0000000000000000E+00  9.6970444538121835E-09  2.4542481267051131E-01  8.3723825376078368E-05  5.8804688542154386E-03  5.0393502465227606E-09
   321   30.495000      0.0000000000000000E+00  8.8246203064065364E-09  2.5011655708084818E-01  8.2815282914488995E-05  6.2055029579202482E-03  5.7277141354524233E-09
   322   30.590000      0.0000000000000000E+00  8.2416480897107026E-09  2.5509016159436554E-01  8.2581316875462353E-05  6.4738842446640382E-03  6.2919542058311382E-09
   323   30.685000      0.0000000000000000E+00  8.1427404101452483E-09  2.6030125624451383E-01  8.3559881763336884E-05  6.6784997146728253E-03  6.5163003750454201E-09
   324   30.780000      0.0000000000000000E+00  8.3516966721932519E-09  2.6569015159813197E-01  8.6114569611146847E-05  6.8133859733955030E-03  6.6022215059859633E-09
   325   30.875000      0.0000000000000000E+00  8.5754888853064262E-09  2.7118003513108774E-01  9.0474980764841006E-05  6.8737034171588180E-03  6.7461775612309811E-09
   326   30.970000      0.0000000000000000E+00  8.5695269027163963E-09  2.7667797895323026E-01  9.6759997047490590E-05  6.8562474990289867E-03  7.0809052667842112E-09
   327   31.065000      0.0000000000000000E+00  8.5177687769091156E-09  2.8207823522027514E-01  1.0498652697807901E-04  6.7604741411198934E-03  7.2990265835152631E-09
   328   31.160000      0.0000000000000000E+00  8.6856128076250020E-09  2.8727001928399071E-01  1.1515189692004146E-04  6.5889095567664346E-03  7.0913753523826484E-09
   329   31.255000      0.0000000000000000E+00  8.9974529703978180E-09  2.9215091885740324E-01  1.2714137306094275E-04  6.3462841462104489E-03  6.5255486790256743E-09
   330   31.350000      0.0000000000000000E+00  9.1473038305647058E-09  2.9664120900137031E-01  1.4040451760740982E-04  6.0381641646561363E-03  5.8687290812198924E-09
   331   31.445000      0.0000000000000000E+00  8.9067094525452322E-09  3.0069147618262537E-01  1.5390561193522170E-04  5.6706976279635906E-03  5.4164872156018573E-09
   332   31.540000      0.0000000000000000E+00  8.5327853930500918E-09  3.0428062273979767E-01  1.6618876816380714E-04  5.2519287949737755E-03  5.0563139020954825E-09
   333   31.635000      0.0000000000000000E+00  8.3892063657040143E-09  3.0740764411851623E-01  1.7547953046309541E-04  4.7934957210751146E-03  4.6139140376085192E-09
   334   31.730000      0.0000000000000000E+00  8.3964425865822652E-09  3.1008182935953532E-01  1.8013308711466777E-04  4.3119675179085623E-03  4.3255005657214309E-09
   335   31.825000      0.0000000000000000E+00  8.2730654994685101E-09  3.1231518222339488E-01  1.7946479819232750E-04  3.8286266744186380E-03  4.4804412723159245E-09
   336   31.920000      0.0000000000000000E+00  7.9062392472471404E-09  3.1411866296569807E-01  1.7419923221877705E-04  3.3672568244364001E-03  5.0715213507949986E-09
   337   32.015000      0.0000000000000000E+00  7.2866791720127291E-09  3.1550148328105954E-01  1.6639528014550980E-04  2.9511059093479328E-03  6.0101509389521640E-09
   338   32.110000      0.0000000000000000E+00  6.5336785565899660E-09  3.1647272012300898E-01  1.5898016071459698E-04  2.6000876879701956E-03  7.1377969393426056E-09
   339   32.205000      0.0000000000000000E+00  6.0104287809560531E-09  3.1704466390061942E-01  1.5456587138370148E-04  2.3292774739152606E-03  8.1017936920355568E-09
   340   32.300000      0.0000000000000000E+00  6.1562614531371044E-09  3.1723674217797893E-01  1.5448291368772916E-04  2.1491881195759219E-03  8.4861409598111563E-09
   341   32.395000      0.0000000000000000E+00  7.0203604079078914E-09  3.1707858570228581E-01  1.5825116245096228E-04  2.0669718794479085E-03  8.2938736563576638E-09
   342   32.490000      0.0000000000000000E+00  8.2810343443057532E-09  3.1661254076219264E-01  1.6417639195086774E-04  2.0874770936421343E-03  7.8932726115352876E-09
   343   32.585000      0.0000000000000000E+00  9.8331950798482826E-09  3.1589542434760531E-01  1.7051001937020381E-04  2.2132055797452741E-03  7.2899991448880131E-09
   344   32.680000      0.0000000000000000E+00  1.1747480270789965E-08  3.1499642281448026E-01  1.7660474391241595E-04  2.4439562054589694E-03  6.2205433293545124E-09
   345   32.775000      0.0000000000000000E+00  1.3841288512412966E-08  3.1399126446523146E-01  1.8325477552060641E-04  2.7762616735767165E-03  4.6982305810446062E-09
   346   32.870000      0.0000000000000000E+00  1.5383771445209941E-08  3.1295612113723936E-01  1.9215089133032054E-04  3.2024021699134752E-03  3.3834018595821292E-09
   347   32.965000      0.0000000000000000E+00  1.5362684556410747E-08  3.1196357193849833E-01  2.0479167046565935E-04  3.7096980333036801E-03  3.4850417821614406E-09
   348   33.060000      0.0000000000000000E+00  1.4165225491520450E-08  3.1108123953848027E-01  2.2136254502387885E-04  4.2801752943605461E-03  4.6646159791156275E-09
   349   33.155000      0.0000000000000000E+00  1.3210603986788289E-08  3.1037213213261750E-01  2.4021974875595523E-04  4.8907444830015336E-03  5.3649131284278741E-09
   350   33.250000      0.0000000000000000E+00  1.2715052983625960E-08  3.0989489940484305E-01  2.5836399220884672E-04  5.5137550664712334E-03  5.5653583493620533E-09
   351   33.345000      0.0000000000000000E+00  1.2188550784590915E-08  3.0970198544615951E-01  2.7256760202117004E-04  6.1194435862309037E-03  5.9791943085901425E-09
   352   33.440000      0.0000000000000000E+00  1.1480086278061683E-08  3.0983556733008250E-01  2.8071011516227630E-04  6.6800345606482688E-03  6.7897860281341757E-09
   353   33.535000      0.0000000000000000E+00  1.0837956619945785E-08  3.1032164476821089E-01  2.8286867011445967E-04  7.1739991787364192E-03  7.7116856721555494E-09
   354   33.630000      0.0000000000000000E+00  1.0817715094152164E-08  3.1116307763506357E-01  2.8138953099299306E-04  7.5896678834214970E-03  8.0497955265630577E-09
   355   33.725000      0.0000000000000000E+00  1.1378810245622882E-08  3.1233590339395606E-01  2.8029290569452184E-04  7.9258641875208664E-03  7.8616483841497106E-09
   356   33.820000      0.0000000000000000E+00  1.1994525979468923E-08  3.1379181914419851E-01  2.8395841471295170E-04  8.1894871654750595E-03  7.6346872924640585E-09
   357   33.915000      0.0000000000000000E+00  1.2234623043646387E-08  3.1546562092246516E-01  2.9512404314913895E-04  8.3924041724974859E-03  7.5782501004756657E-09
   358   34.010000      0.0000000000000000E+00  1.1928812806778608E-08  3.1728448495752143E-01  3.1376924920307179E-04  8.5475592745815603E-03  7.5914157185526620E-09
   359   34.105000      0.0000000000000000E+00  1.1170340099225413E-08  3.1917325774354782E-01  3.3667691874859527E-04  8.6663456373186291E-03  7.4537897754210603E-09
   360   34.200000      0.0000000000000000E+00  1.0292440112925710E-08  3.2105340036487084E-01  3.5912487396428798E-04  8.7594383184984338E-03  6.9446027334583881E-09
   361   34.295000      0.0000000000000000E+00  9.7880613338946266E-09  3.2284084162878302E-01  3.7712688588728940E-04  8.8384355571849357E-03  5.8549409348753536E-09
   362   34.390000      0.0000000000000000E+00  9.8788598811317310E-09  3.2444898360878044E-01  3.8889116382450229E-04  8.9164371398561260E-03  4.3323209519057117E-09
   363   34.485000      0.0000000000000000E+00  1.0282844542890850E-08  3.2579738047946816E-01  3.9567176051731362E-04  9.0063705928599466E-03  3.0568690828444215E-09
   364   34.580000      0.0000000000000000E+00  1.0802726005947625E-08  3.2682100330661690E-01  4.0062199023648595E-04  9.1185189715645293E-03  2.4106785916661960E-09
   365   34.675000      0.0000000000000000E+00  1.1460179362912213E-08  3.2747723560255226E-01  4.0685426281152575E-04  9.2593314693356632E-03  2.3227665841690311E-09
   366   34.770000      0.0000000000000000E+00  1.2152687941492787E-08  3.2774996150736524E-01  4.1653647054792832E-04  9.4304254258211762E-03  2.7085653901620925E-09
   367   34.865000      0.0000000000000000E+00  1.2574062849859795E-08  3.2764778367900632E-01  4.2962116905371600E-04  9.6288713003115818E-03  3.6710448060991720E-09
   368   34.960000      0.0000000000000000E+00  1.2488619715125970E-08  3.2719678510565881E-01  4.4457974049445396E-04  9.8491260808769819E-03  5.2430006377466985E-09
   369   35.055000      0.0000000000000000E+00  1.2025663009902678E-08  3.2643225858728475E-01  4.5994883433522326E-04  1.0084992135657334E-02  7.0436689053663942E-09
   370   35.150000      0.0000000000000000E+00  1.1659011674753539E-08  3.2539336675155461E-01  4.7444964909527883E-04  1.0331040432689891E-02  8.3568525793778440E-09
   371   35.245000      0.0000000000000000E+00  1.1779054386071835E-08  3.2411991625813319E-01  4.8800126971466684E-04  1.0583488118249090E-02  8.7711756229199300E-09
   372   35.340000      0.0000000000000000E+00  1.2450794256266910E-08  3.2264839724348265E-01  5.0199766731760223E-04  1.0841298724093116E-02  8.4074937064892971E-09
   373   35.435000      0.0000000000000000E+00  1.3438655509079472E-08  3.2100915438191846E-01  5.1832475577205824E-04  1.1107040749235906E-02  7.6883561756416106E-09
   374   35.530000      0.0000000000000000E+00  1.4414458767598070E-08  3.1922669745402676E-01  5.3940863045431496E-04  1.1385964490864405E-02  7.0391823905753618E-09
   375   35.625000      0.0000000000000000E+00  1.5430877190036250E-08  3.1732221976446812E-01  5.6695652670432585E-04  1.1683734407915976E-02  6.3169879565593883E-09
   376   35.720000      0.0000000000000000E+00  1.6554891257395661E-08  3.1531818299372194E-01  6.0076461062606138E-04  1.2003177023607543E-02  5.3220568999623066E-09
   377   35.815000      0.0000000000000000E+00  1.7375813036867085E-08  3.1324391024814979E-01  6.3881787550613110E-04  1.2340544843792335E-02  4.4991542942205733E-09
   378   35.910000      0.0000000000000000E+00  1.7567117471284088E-08  3.1113795579844861E-01  6.7708863901121759E-04  1.2684380833605201E-02  4.2380199845799002E-09
   379   36.005000      0.0000000000000000E+00  1.7197669411061013E-08  3.0904543538829554E-01  7.1016057502207525E-04  1.3017168469609231E-02  4.5131872849776628E-09
   380   36.100000      0.0000000000000000E+00  1.6605316110268033E-08  3.0701254621706492E-01  7.3278639225366144E-04  1.3318671466408914E-02  4.9181123913599248E-09
   381   36.195000      0.0000000000000000E+00  1.5971684563554853E-08  3.0508040851962148E-01  7.4119178510637334E-04  1.3569576433943390E-02  5.1878301481097255E-09
   382   36.290000      0.0000000000000000E+00  1.5229581928282608E-08  3.0327944842181437E-01  7.3342420141266464E-04  1.3754190147300623E-02  5.4630645246637430E-09
   383   36.385000      0.0000000000000000E+00  1.4544981012030494E-08  3.0162603500652901E-01  7.0961180876012015E-04  1.3861643715600112E-02  5.7411088727818328E-09
   384   36.480000      0.0000000000000000E+00  1.4320386471064995E-08  3.0012323642734623E-01  6.7218303527828011E-04  1.3886313127800816E-02  5.7345081795325549E-09
   385   36.575000      0.0000000000000000E+00  1.4636540977185541E-08  2.9876624986548345E-01  6.2585199873603677E-04  1.3827147953269239E-02  5.3299761161957524E-09
   386   36.670000      0.0000000000000000E+00  1.4975905489213567E-08  2.9755016174885557E-01  5.7658690520577679E-04  1.3685843951933270E-02  4.9106287196515507E-09
   387   36.765000      0.0000000000000000E+00  1.4734168528339491E-08  2.9647522746774158E-01  5.3072428728347272E-04  1.3464632127568786E-02  4.9257715501412871E-09
   388   36.860000      0.0000000000000000E+00  1.3803806573838534E-08  2.9554687629079329E-01  4.9428521952498328E-04  1.3165189428634172E-02  5.4006441000676987E-09
   389   36.955000      0.0000000000000000E+00  1.2588519923634514E-08  2.9477311108402982E-01  4.7173045604963963E-04  1.2788835902471308E-02  6.0134017283094223E-09
   390   37.050000      0.0000000000000000E+00  1.1541747518999964E-08  2.9416312034637365E-01  4.6463538274742081E-04  1.2337198204161862E-02  6.5905194209363647E-09
   391   37.145000      0.0000000000000000E+00  1.0793739856370276E-08  2.9372633325646780E-01  4.7153580332224003E-04  1.1813091821304154E-02  7.3726902708052573E-09
   392   37.240000      0.0000000000000000E+00  1.0456904322942825E-08  2.9346758447072374E-01  4.8915100305996727E-04  1.1222367398716572E-02  8.2896916802122163E-09
   393   37.335000      0.0000000000000000E+00  1.0565262643867836E-08  2.9337688640713333E-01  5.1426132048248551E-04  1.0576091958332695E-02  8.9556301634548384E-09
   394   37.430000      0.0000000000000000E+00  1.0880419605558548E-08  2.9341830585260981E-01  5.4568018721469231E-04  9.8917217856902585E-03  9.1968747430060591E-09
   395   37.525000      0.0000000000000000E+00  1.1198359614951501E-08  2.9352569546135038E-01  5.8320560560123219E-04  9.1916796170194211E-03  8.9630047130858588E-09
   396   37.620000      0.0000000000000000E+00  1.1319539053505192E-08  2.9360917665289449E-01  6.2566123524585590E-04  8.4992406762613559E-03  8.5400015982146361E-09
   397   37.715000      0.0000000000000000E+00  1.1241110253711140E-08  2.9357047210828391E-01  6.6906222115059827E-04  7.8347081021945108E-03  8.1713531589671392E-09
   398   37.810000      0.0000000000000000E+00  1.1225859855556614E-08  2.9332326284582155E-01  7.0671782488946385E-04  7.2116457423558825E-03  7.7861652983050697E-09
   399   37.905000      0.0000000000000000E+00  1.1495600703272263E-08  2.9280953660003534E-01  7.3086269788245548E-04  6.6346065382648749E-03  7.3056356899276937E-09
   400   38.000000      0.0000000000000000E+00  1.2103711658228590E-08  2.9200519235331646E-01  7.3543384804931932E-04  6.0996926175605126E-03  6.6938794428512205E-09
   401   38.095000      0.0000000000000000E+00  1.2728236099563395E-08  2.9091555038011785E-01  7.1879469778891717E-04  5.5974263832743645E-03  6.2518157972474129E-09
   402   38.190000      0.0000000000000000E+00  1.3045889869231773E-08  2.8956285496311907E-01  6.8462719220574615E-04  5.1194651135936936E-03  6.2341064170014093E-09
   403   38.285000      0.0000000000000000E+00  1.3111813644698482E-08  2.8797258290905597E-01  6.4110725810980710E-04  4.6651177697199222E-03  6.4787368309673692E-09
   404   38.380000      0.0000000000000000E+00  1.3072672490711245E-08  2.8616484256902636E-01  5.9880647324387205E-04  4.2445169999787910E-03  6.7927354168600171E-09
   405   38.475000      0.0000000000000000E+00  1.2975124740246430E-08  2.8415344566095707E-01  5.6730713791018270E-04  3.8775449313648369E-03  7.1362931642758463E-09
   406   38.570000      0.0000000000000000E+00  1.2891119587620095E-08  2.8195337745814514E-01  5.5321002305004153E-04  3.5876434865529357E-03  7.3941217063497864E-09
   407   38.665000      0.0000000000000000E+00  1.2826070785585426E-08  2.7959209145938607E-01  5.5906806767757938E-04  3.3950671210710294E-03  7.4529601358458548E-09
   408   38.760000      0.0000000000000000E+00  1.2553828057037046E-08  2.7712110339352725E-01  5.8315898563602783E-04  3.3108581893959428E-03  7.4196726255745893E-09
   409   38.855000      0.0000000000000000E+00  1.1851908159352386E-08  2.7462062204934962E-01  6.2083194696266547E-04  3.3341191925757366E-03  7.4439597238940177E-09
   410   38.950000      0.0000000000000000E+00  1.0938533704800341E-08  2.7219107805042153E-01  6.6640649239290556E-04  3.4554313259306038E-03  7.2847875868888437E-09
   411   39.045000      0.0000000000000000E+00  1.0261354275475298E-08  2.6993933560170336E-01  7.1419716300522582E-04  3.6605796032471768E-03  6.5942202671926613E-09
   412   39.140000      0.0000000000000000E+00  9.8864282181291330E-09  2.6796363245169436E-01  7.6077185077707242E-04  3.9342676750403933E-03  5.6232315298906168E-09
   413   39.235000      0.0000000000000000E+00  9.6217971809365689E-09  2.6634020420087345E-01  8.0536780898923712E-04  4.2623642653369445E-03  4.9507702456945583E-09
   414   39.330000      0.0000000000000000E+00  9.4778910925230422E-09  2.6511780934368467E-01  8.4869277297344053E-04  4.6307263433039069E-03  4.7688600587837619E-09
   415   39.425000      0.0000000000000000E+00  9.7761390360937570E-09  2.6431812707454583E-01  8.9174809578763991E-04  5.0234673721505961E-03  4.6700168427880341E-09
   416   39.520000      0.0000000000000000E+00  1.0793100899799773E-08  2.6393817306244305E-01  9.3477681126468847E-04  5.4224554041220540E-03  4.0049709966582648E-09
   417   39.615000      0.0000000000000000E+00  1.1652535280808977E-08  2.6395222664002199E-01  9.7592296174275287E-04  5.8091125226364575E-03  3.4936000285155288E-09
   418   39.710000      0.0000000000000000E+00  1.1176888257890462E-08  2.6431063809053257E-01  1.0118427648530528E-03  6.1690187491112896E-03  4.4739525113438000E-09
   419   39.805000      0.0000000000000000E+00  9.9336953258396321E-09  2.6493700817459076E-01  1.0386410581169053E-03  6.4966063601564240E-03  6.3039578549151158E-09
   420   39.900000      0.0000000000000000E+00  9.0741413876463134E-09  2.6573086161720122E-01  1.0529184611773026E-03  6.7959180938659911E-03  7.7368324136306920E-09
   421   39.995000      0.0000000000000000E+00  8.8620644646872933E-09  2.6657913895677660E-01  1.0534270742289062E-03  7.0767630052058468E-03  8.5579214169695038E-09
   422   40.090000      0.0000000000000000E+00  9.0044155246254125E-09  2.6737250457781903E-01  1.0411121087517694E-03  7.3482492446604319E-03  9.0849848060486706E-09
