! Kinetic energy for species "positrons-down"
  Iter        Time          Total Par.             Kin. Energy
     0   0.0000000             128000  4.9422478507020412E-01
     1  0.95000000E-01         128000  4.9422471935022505E-01
     2  0.19000000             128000  4.9422452333108802E-01
     3  0.28500000             128000  4.9422420032480285E-01
     4  0.38000000             128000  4.9422375548125258E-01
     5  0.47500000             128000  4.9422319552929478E-01
     6  0.57000000             128000  4.9422252880387563E-01
     7  0.66500000             128000  4.9422176521688232E-01
     8  0.76000000             128000  4.9422091592679973E-01
     9  0.85500000             128000  4.9421999298666053E-01
    10  0.95000000             128000  4.9421900933931823E-01
    11   1.0450000             128000  4.9421797899145370E-01
    12   1.1400000             128000  4.9421691687720437E-01
    13   1.2350000             128000  4.9421583837433580E-01
    14   1.3300000             128000  4.9421475893989164E-01
    15   1.4250000             128000  4.9421369411072114E-01
    16   1.5200000             128000  4.9421265955672128E-01
    17   1.6150000             128000  4.9421167073192573E-01
    18   1.7100000             128000  4.9421074216101668E-01
    19   1.8050000             128000  4.9420988699584001E-01
    20   1.9000000             128000  4.9420911723647409E-01
    21   1.9950000             128000  4.9420844405828546E-01
    22   2.0900000             128000  4.9420787743059724E-01
    23   2.1850000             128000  4.9420742517499217E-01
    24   2.2800000             128000  4.9420709255219786E-01
    25   2.3750000             128000  4.9420688303153332E-01
    26   2.4700000             128000  4.9420679938204537E-01
    27   2.5650000             128000  4.9420684369337808E-01
    28   2.6600000             128000  4.9420701641151732E-01
    29   2.7550000             128000  4.9420731570160154E-01
    30   2.8500000             128000  4.9420773750937985E-01
    31   2.9450000             128000  4.9420827560396918E-01
    32   3.0400000             128000  4.9420892161351898E-01
    33   3.1350000             128000  4.9420966568006847E-01
    34   3.2300000             128000  4.9421049727918631E-01
    35   3.3250000             128000  4.9421140511413031E-01
    36   3.4200000             128000  4.9421237626633063E-01
    37   3.5150000             128000  4.9421339592180336E-01
    38   3.6100000             128000  4.9421444825817368E-01
    39   3.7050000             128000  4.9421551766321892E-01
    40   3.8000000             128000  4.9421658920060552E-01
    41   3.8950000             128000  4.9421764822402808E-01
    42   3.9900000             128000  4.9421867991602919E-01
    43   4.0850000             128000  4.9421966933786426E-01
    44   4.1800000             128000  4.9422060186613903E-01
    45   4.2750000             128000  4.9422146352325735E-01
    46   4.3700000             128000  4.9422224089546418E-01
    47   4.4650000             128000  4.9422292113184496E-01
    48   4.5600000             128000  4.9422349287142370E-01
    49   4.6550000             128000  4.9422394748572329E-01
    50   4.7500000             128000  4.9422427893664200E-01
    51   4.8450000             128000  4.9422448254404056E-01
    52   4.9400000             128000  4.9422455482166999E-01
    53   5.0350000             128000  4.9422449461624107E-01
    54   5.1300000             128000  4.9422430357636615E-01
    55   5.2250000             128000  4.9422398522612604E-01
    56   5.3200000             128000  4.9422354387466738E-01
    57   5.4150000             128000  4.9422298444551838E-01
    58   5.5100000             128000  4.9422231322136345E-01
    59   5.6050000             128000  4.9422153862982698E-01
    60   5.7000000             128000  4.9422067105596845E-01
    61   5.7950000             128000  4.9421972192244307E-01
    62   5.8900000             128000  4.9421870337564422E-01
    63   5.9850000             128000  4.9421762881235187E-01
    64   6.0800000             128000  4.9421651298883423E-01
    65   6.1750000             128000  4.9421537129753934E-01
    66   6.2700000             128000  4.9421421935278664E-01
    67   6.3650000             128000  4.9421307332167541E-01
    68   6.4600000             128000  4.9421194971582366E-01
    69   6.5550000             128000  4.9421086383137680E-01
    70   6.6500000             128000  4.9420982825591964E-01
    71   6.7450000             128000  4.9420885340918130E-01
    72   6.8400000             128000  4.9420794969531739E-01
    73   6.9350000             128000  4.9420712871341071E-01
    74   7.0300000             128000  4.9420640226941182E-01
    75   7.1250000             128000  4.9420578052327224E-01
    76   7.2200000             128000  4.9420527078535437E-01
    77   7.3150000             128000  4.9420487718495359E-01
    78   7.4100000             128000  4.9420460106373043E-01
    79   7.5050000             128000  4.9420444175653655E-01
    80   7.6000000             128000  4.9420439690083362E-01
    81   7.6950000             128000  4.9420446198694429E-01
    82   7.7900000             128000  4.9420463004046344E-01
    83   7.8850000             128000  4.9420489227813497E-01
    84   7.9800000             128000  4.9420523945331368E-01
    85   8.0750000             128000  4.9420566268763100E-01
    86   8.1700000             128000  4.9420615288915448E-01
    87   8.2650000             128000  4.9420669932197953E-01
    88   8.3600000             128000  4.9420728863865182E-01
    89   8.4550000             128000  4.9420790488475241E-01
    90   8.5500000             128000  4.9420853018194227E-01
    91   8.6450000             128000  4.9420914539033423E-01
    92   8.7400000             128000  4.9420972976130206E-01
    93   8.8350000             128000  4.9421025987252060E-01
    94   8.9300000             128000  4.9421071007308548E-01
    95   9.0250000             128000  4.9421105533900966E-01
    96   9.1200000             128000  4.9421127390225050E-01
    97   9.2150000             128000  4.9421134705442976E-01
    98   9.3100000             128000  4.9421125726407622E-01
    99   9.4050000             128000  4.9421098738603442E-01
   100   9.5000000             128000  4.9421052160707446E-01
   101   9.5950000             128000  4.9420984672809787E-01
   102   9.6900000             128000  4.9420895258998365E-01
   103   9.7850000             128000  4.9420783133425528E-01
   104   9.8800000             128000  4.9420647548385255E-01
   105   9.9750000             128000  4.9420487534311652E-01
   106   10.070000             128000  4.9420301727500571E-01
   107   10.165000             128000  4.9420088447302402E-01
   108   10.260000             128000  4.9419846004706242E-01
   109   10.355000             128000  4.9419573017424823E-01
   110   10.450000             128000  4.9419268496424373E-01
   111   10.545000             128000  4.9418931692011314E-01
   112   10.640000             128000  4.9418561915252035E-01
   113   10.735000             128000  4.9418158489854397E-01
   114   10.830000             128000  4.9417720731886616E-01
   115   10.925000             128000  4.9417247834449529E-01
   116   11.020000             128000  4.9416738777128261E-01
   117   11.115000             128000  4.9416192405403797E-01
   118   11.210000             128000  4.9415607531625838E-01
   119   11.305000             128000  4.9414982781168215E-01
   120   11.400000             128000  4.9414316219421189E-01
   121   11.495000             128000  4.9413605185442455E-01
   122   11.590000             128000  4.9412846669095933E-01
   123   11.685000             128000  4.9412037936935094E-01
   124   11.780000             128000  4.9411176613930885E-01
   125   11.875000             128000  4.9410259839043608E-01
   126   11.970000             128000  4.9409283166406448E-01
   127   12.065000             128000  4.9408240256295288E-01
   128   12.160000             128000  4.9407123495455452E-01
   129   12.255000             128000  4.9405924750240710E-01
   130   12.350000             128000  4.9404635722690193E-01
   131   12.445000             128000  4.9403248066834660E-01
   132   12.540000             128000  4.9401753288386996E-01
   133   12.635000             128000  4.9400142109260348E-01
   134   12.730000             128000  4.9398403507892058E-01
   135   12.825000             128000  4.9396524314831558E-01
   136   12.920000             128000  4.9394489845162182E-01
   137   13.015000             128000  4.9392285071020514E-01
   138   13.110000             128000  4.9389895377763077E-01
   139   13.205000             128000  4.9387306101016631E-01
   140   13.300000             128000  4.9384500648896390E-01
   141   13.395000             128000  4.9381458105296511E-01
   142   13.490000             128000  4.9378152030712874E-01
   143   13.585000             128000  4.9374551613328088E-01
   144   13.680000             128000  4.9370624595584350E-01
   145   13.775000             128000  4.9366339984374474E-01
   146   13.870000             128000  4.9361668713024698E-01
   147   13.965000             128000  4.9356582137374028E-01
   148   14.060000             128000  4.9351049921650714E-01
   149   14.155000             128000  4.9345038816526166E-01
   150   14.250000             128000  4.9338512419768449E-01
   151   14.345000             128000  4.9331431060946823E-01
   152   14.440000             128000  4.9323751205113397E-01
   153   14.535000             128000  4.9315424546280662E-01
   154   14.630000             128000  4.9306397618541353E-01
   155   14.725000             128000  4.9296612797452632E-01
   156   14.820000             128000  4.9286010420939219E-01
   157   14.915000             128000  4.9274530193591348E-01
   158   15.010000             128000  4.9262110343208226E-01
   159   15.105000             128000  4.9248685626831101E-01
   160   15.200000             128000  4.9234186624209586E-01
   161   15.295000             128000  4.9218540260972965E-01
   162   15.390000             128000  4.9201669016907873E-01
   163   15.485000             128000  4.9183488380502494E-01
   164   15.580000             128000  4.9163905810015252E-01
   165   15.675000             128000  4.9142823605543284E-01
   166   15.770000             128000  4.9120143914757031E-01
   167   15.865000             128000  4.9095772202134780E-01
   168   15.960000             128000  4.9069617034998930E-01
   169   16.055000             128000  4.9041586936981613E-01
   170   16.150000             128000  4.9011587283351160E-01
   171   16.245000             128000  4.8979519308234842E-01
   172   16.340000             128000  4.8945279925811919E-01
   173   16.435000             128000  4.8908760878433138E-01
   174   16.530000             128000  4.8869849834449330E-01
   175   16.625000             128000  4.8828435685006122E-01
   176   16.720000             128000  4.8784413872583349E-01
   177   16.815000             128000  4.8737686190405655E-01
   178   16.910000             128000  4.8688156871445420E-01
   179   17.005000             128000  4.8635732546872262E-01
   180   17.100000             128000  4.8580328766894620E-01
   181   17.195000             128000  4.8521876764649002E-01
   182   17.290000             128000  4.8460322035445552E-01
   183   17.385000             128000  4.8395614318066998E-01
   184   17.480000             128000  4.8327699434309762E-01
   185   17.575000             128000  4.8256522733890234E-01
   186   17.670000             128000  4.8182038581850306E-01
   187   17.765000             128000  4.8104210755709431E-01
   188   17.860000             128000  4.8023002307786378E-01
   189   17.955000             128000  4.7938370592539314E-01
   190   18.050000             128000  4.7850276005671460E-01
   191   18.145000             128000  4.7758694051344985E-01
   192   18.240000             128000  4.7663620862683409E-01
   193   18.335000             128000  4.7565073241980510E-01
   194   18.430000             128000  4.7463084158905899E-01
   195   18.525000             128000  4.7357695813900802E-01
   196   18.620000             128000  4.7248957018025706E-01
   197   18.715000             128000  4.7136927322073829E-01
   198   18.810000             128000  4.7021681354745803E-01
   199   18.905000             128000  4.6903310422312888E-01
   200   19.000000             128000  4.6781924565082939E-01
   201   19.095000             128000  4.6657662570445946E-01
   202   19.190000             128000  4.6530714803652340E-01
   203   19.285000             128000  4.6401351167338378E-01
   204   19.380000             128000  4.6269941300605311E-01
   205   19.475000             128000  4.6136964885407472E-01
   206   19.570000             128000  4.6003018928290268E-01
   207   19.665000             128000  4.5868825746498354E-01
   208   19.760000             128000  4.5735235776042038E-01
   209   19.855000             128000  4.5603221494970519E-01
   210   19.950000             128000  4.5473860070060734E-01
   211   20.045000             128000  4.5348298851631819E-01
   212   20.140000             128000  4.5227700233694185E-01
   213   20.235000             128000  4.5113173666312822E-01
   214   20.330000             128000  4.5005702694943395E-01
   215   20.425000             128000  4.4906081895996286E-01
   216   20.520000             128000  4.4814871124061006E-01
   217   20.615000             128000  4.4732357890636132E-01
   218   20.710000             128000  4.4658530384941825E-01
   219   20.805000             128000  4.4593072769591580E-01
   220   20.900000             128000  4.4535391679887565E-01
   221   20.995000             128000  4.4484663884698161E-01
   222   21.090000             128000  4.4439892673131137E-01
   223   21.185000             128000  4.4399976879616954E-01
   224   21.280000             128000  4.4363811457833940E-01
   225   21.375000             128000  4.4330393011315106E-01
   226   21.470000             128000  4.4298869467516278E-01
   227   21.565000             128000  4.4268546658313063E-01
   228   21.660000             128000  4.4238897134133770E-01
   229   21.755000             128000  4.4209574284172359E-01
   230   21.850000             128000  4.4180417707206004E-01
   231   21.945000             128000  4.4151403695259911E-01
   232   22.040000             128000  4.4122476343301764E-01
   233   22.135000             128000  4.4093296317755049E-01
   234   22.230000             128000  4.4063029039886537E-01
   235   22.325000             128000  4.4030260132802646E-01
   236   22.420000             128000  4.3993025630125737E-01
   237   22.515000             128000  4.3948923144403507E-01
   238   22.610000             128000  4.3895325814306341E-01
   239   22.705000             128000  4.3829649979799912E-01
   240   22.800000             128000  4.3749561457033032E-01
   241   22.895000             128000  4.3653137953200216E-01
   242   22.990000             128000  4.3539084561630853E-01
   243   23.085000             128000  4.3406947032636806E-01
   244   23.180000             128000  4.3257236146184808E-01
   245   23.275000             128000  4.3091458981155994E-01
   246   23.370000             128000  4.2912049347418829E-01
   247   23.465000             128000  4.2722184957175979E-01
   248   23.560000             128000  4.2525551721785992E-01
   249   23.655000             128000  4.2326147357001231E-01
   250   23.750000             128000  4.2128115913621134E-01
   251   23.845000             128000  4.1935580127109146E-01
   252   23.940000             128000  4.1752501225349259E-01
   253   24.035000             128000  4.1582567904705636E-01
   254   24.130000             128000  4.1429060487986979E-01
   255   24.225000             128000  4.1294704844442365E-01
   256   24.320000             128000  4.1181609532363328E-01
   257   24.415000             128000  4.1091298977067836E-01
   258   24.510000             128000  4.1024757702548875E-01
   259   24.605000             128000  4.0982451260275393E-01
   260   24.700000             128000  4.0964372350234990E-01
   261   24.795000             128000  4.0970132229338269E-01
   262   24.890000             128000  4.0999061035685580E-01
   263   24.985000             128000  4.1050309556229414E-01
   264   25.080000             128000  4.1122942028475767E-01
   265   25.175000             128000  4.1215975505092134E-01
   266   25.270000             128000  4.1328342899430137E-01
   267   25.365000             128000  4.1458821924142497E-01
   268   25.460000             128000  4.1606000045773139E-01
   269   25.555000             128000  4.1768289855200669E-01
   270   25.650000             128000  4.1943955307541525E-01
   271   25.745000             128000  4.2131113920997876E-01
   272   25.840000             128000  4.2327736033131708E-01
   273   25.935000             128000  4.2531675074008723E-01
   274   26.030000             128000  4.2740728399976730E-01
   275   26.125000             128000  4.2952729759489228E-01
   276   26.220000             128000  4.3165661428571889E-01
   277   26.315000             128000  4.3377721032885808E-01
   278   26.410000             128000  4.3587295406448312E-01
   279   26.505000             128000  4.3792876554743881E-01
   280   26.600000             128000  4.3992994112898715E-01
   281   26.695000             128000  4.4186220965427558E-01
   282   26.790000             128000  4.4371240047102795E-01
   283   26.885000             128000  4.4546882608954497E-01
   284   26.980000             128000  4.4712080553836386E-01
   285   27.075000             128000  4.4865825204091003E-01
   286   27.170000             128000  4.5007232882601089E-01
   287   27.265000             128000  4.5135642840982027E-01
   288   27.360000             128000  4.5250617222158002E-01
   289   27.455000             128000  4.5351860639595115E-01
   290   27.550000             128000  4.5439205863557908E-01
   291   27.645000             128000  4.5512739865145913E-01
   292   27.740000             128000  4.5572951632014214E-01
   293   27.835000             128000  4.5620743222134874E-01
   294   27.930000             128000  4.5657346508833974E-01
   295   28.025000             128000  4.5684299877422374E-01
   296   28.120000             128000  4.5703495421646789E-01
   297   28.215000             128000  4.5717151651941346E-01
   298   28.310000             128000  4.5727648728603920E-01
   299   28.405000             128000  4.5737318734534993E-01
   300   28.500000             128000  4.5748282200533985E-01
   301   28.595000             128000  4.5762357946700288E-01
   302   28.690000             128000  4.5781043788898146E-01
   303   28.785000             128000  4.5805534770423217E-01
   304   28.880000             128000  4.5836723505693378E-01
   305   28.975000             128000  4.5875172767871208E-01
   306   29.070000             128000  4.5921078668181042E-01
   307   29.165000             128000  4.5974194928030154E-01
   308   29.260000             128000  4.6033699993423510E-01
   309   29.355000             128000  4.6098058126908198E-01
   310   29.450000             128000  4.6164942949172905E-01
   311   29.545000             128000  4.6231271058258167E-01
   312   29.640000             128000  4.6293357123522927E-01
   313   29.735000             128000  4.6347171913791912E-01
   314   29.830000             128000  4.6388680233637047E-01
   315   29.925000             128000  4.6414209030017395E-01
   316   30.020000             128000  4.6420798526454576E-01
   317   30.115000             128000  4.6406497249754386E-01
   318   30.210000             128000  4.6370503619908543E-01
   319   30.305000             128000  4.6313080135875268E-01
   320   30.400000             128000  4.6235288922756640E-01
   321   30.495000             128000  4.6138705156966731E-01
   322   30.590000             128000  4.6025313316855926E-01
   323   30.685000             128000  4.5897666222683547E-01
   324   30.780000             128000  4.5759146981145404E-01
   325   30.875000             128000  4.5614071564606645E-01
   326   30.970000             128000  4.5467577273856341E-01
   327   31.065000             128000  4.5325454961839928E-01
   328   31.160000             128000  4.5193801062301520E-01
   329   31.255000             128000  4.5078219616990567E-01
   330   31.350000             128000  4.4982869050476770E-01
   331   31.445000             128000  4.4910006966784294E-01
   332   31.540000             128000  4.4860156489615954E-01
   333   31.635000             128000  4.4832520748333915E-01
   334   31.730000             128000  4.4825447624786335E-01
   335   31.825000             128000  4.4836853814598304E-01
   336   31.920000             128000  4.4864483630299568E-01
   337   32.015000             128000  4.4906033800017120E-01
   338   32.110000             128000  4.4959154107620952E-01
   339   32.205000             128000  4.5021196159993260E-01
   340   32.300000             128000  4.5088805846492180E-01
   341   32.395000             128000  4.5157685788456592E-01
   342   32.490000             128000  4.5222639422186028E-01
   343   32.585000             128000  4.5277877909713687E-01
   344   32.680000             128000  4.5317616731160976E-01
   345   32.775000             128000  4.5336772306288731E-01
   346   32.870000             128000  4.5331432866061205E-01
   347   32.965000             128000  4.5298967853412381E-01
   348   33.060000             128000  4.5237763707936479E-01
   349   33.155000             128000  4.5146763104425897E-01
   350   33.250000             128000  4.5025159983746449E-01
   351   33.345000             128000  4.4872261703012639E-01
   352   33.440000             128000  4.4687349492755613E-01
   353   33.535000             128000  4.4469701291920771E-01
   354   33.630000             128000  4.4218927133264607E-01
   355   33.725000             128000  4.3935374059872045E-01
   356   33.820000             128000  4.3620362154082892E-01
   357   33.915000             128000  4.3276145207205152E-01
   358   34.010000             128000  4.2905687794818215E-01
   359   34.105000             128000  4.2512546743726320E-01
   360   34.200000             128000  4.2100848458521190E-01
   361   34.295000             128000  4.1675186045718199E-01
   362   34.390000             128000  4.1240261117212240E-01
   363   34.485000             128000  4.0800454971526767E-01
   364   34.580000             128000  4.0359741624223494E-01
   365   34.675000             128000  3.9921814290639412E-01
   366   34.770000             128000  3.9490307717895196E-01
   367   34.865000             128000  3.9069215696996551E-01
   368   34.960000             128000  3.8663293733432363E-01
   369   35.055000             128000  3.8278074793126526E-01
   370   35.150000             128000  3.7919423345979331E-01
   371   35.245000             128000  3.7593032976863605E-01
   372   35.340000             128000  3.7304155346542867E-01
   373   35.435000             128000  3.7057392898356817E-01
   374   35.530000             128000  3.6856410213709667E-01
   375   35.625000             128000  3.6703692722025572E-01
   376   35.720000             128000  3.6600572795583175E-01
   377   35.815000             128000  3.6547538476174168E-01
   378   35.910000             128000  3.6544549102709117E-01
   379   36.005000             128000  3.6591176190985514E-01
   380   36.100000             128000  3.6686642460399499E-01
   381   36.195000             128000  3.6829756246071255E-01
   382   36.290000             128000  3.7018748267773738E-01
   383   36.385000             128000  3.7251222448458587E-01
   384   36.480000             128000  3.7524223144775909E-01
   385   36.575000             128000  3.7834169081713609E-01
   386   36.670000             128000  3.8176696069298188E-01
   387   36.765000             128000  3.8546683845946150E-01
   388   36.860000             128000  3.8938510474164834E-01
   389   36.955000             128000  3.9346324477072825E-01
   390   37.050000             128000  3.9764160458379172E-01
   391   37.145000             128000  4.0185976367731835E-01
   392   37.240000             128000  4.0605854856969281E-01
   393   37.335000             128000  4.1018400249764764E-01
   394   37.430000             128000  4.1419084376870668E-01
   395   37.525000             128000  4.1804427565496849E-01
   396   37.620000             128000  4.2172003627548138E-01
   397   37.715000             128000  4.2520187880097604E-01
   398   37.810000             128000  4.2847748468921121E-01
   399   37.905000             128000  4.3153467543935853E-01
   400   38.000000             128000  4.3435795292494150E-01
   401   38.095000             128000  4.3692520409088464E-01
   402   38.190000             128000  4.3920592430627226E-01
   403   38.285000             128000  4.4116204997211372E-01
   404   38.380000             128000  4.4275176512667103E-01
   405   38.475000             128000  4.4393611329279947E-01
   406   38.570000             128000  4.4468546399085157E-01
   407   38.665000             128000  4.4498264835906398E-01
   408   38.760000             128000  4.4482278648768492E-01
   409   38.855000             128000  4.4421119790250996E-01
   410   38.950000             128000  4.4316134164740617E-01
   411   39.045000             128000  4.4169459302751607E-01
   412   39.140000             128000  4.3984193616034367E-01
   413   39.235000             128000  4.3764620218733435E-01
   414   39.330000             128000  4.3516346027753294E-01
   415   39.425000             128000  4.3246410058701024E-01
   416   39.520000             128000  4.2963340746711154E-01
   417   39.615000             128000  4.2676827349946300E-01
   418   39.710000             128000  4.2397053773530624E-01
   419   39.805000             128000  4.2134096497507373E-01
   420   39.900000             128000  4.1897380410542628E-01
   421   39.995000             128000  4.1695213246288010E-01
   422   40.090000             128000  4.1534773631005428E-01
