! Kinetic energy for species "positrons-up"
  Iter        Time          Total Par.             Kin. Energy
     0   0.0000000             128000  4.9416570790961978E-01
     1  0.95000000E-01         128000  4.9416577167717612E-01
     2  0.19000000             128000  4.9416596239401556E-01
     3  0.28500000             128000  4.9416627800189328E-01
     4  0.38000000             128000  4.9416671453140681E-01
     5  0.47500000             128000  4.9416726601207300E-01
     6  0.57000000             128000  4.9416792461188447E-01
     7  0.66500000             128000  4.9416868082703125E-01
     8  0.76000000             128000  4.9416952371270750E-01
     9  0.85500000             128000  4.9417044112711411E-01
    10  0.95000000             128000  4.9417141990020158E-01
    11   1.0450000             128000  4.9417244595060039E-01
    12   1.1400000             128000  4.9417350443982760E-01
    13   1.2350000             128000  4.9417457999463110E-01
    14   1.3300000             128000  4.9417565699584831E-01
    15   1.4250000             128000  4.9417671991134460E-01
    16   1.5200000             128000  4.9417775357205995E-01
    17   1.6150000             128000  4.9417874323030631E-01
    18   1.7100000             128000  4.9417967446662481E-01
    19   1.8050000             128000  4.9418053338148316E-01
    20   1.9000000             128000  4.9418130721127085E-01
    21   1.9950000             128000  4.9418198473039393E-01
    22   2.0900000             128000  4.9418255602639888E-01
    23   2.1850000             128000  4.9418301231088302E-01
    24   2.2800000             128000  4.9418334638702038E-01
    25   2.3750000             128000  4.9418355328580021E-01
    26   2.4700000             128000  4.9418363041995900E-01
    27   2.5650000             128000  4.9418357738506258E-01
    28   2.6600000             128000  4.9418339563513830E-01
    29   2.7550000             128000  4.9418308793495247E-01
    30   2.8500000             128000  4.9418265794632449E-01
    31   2.9450000             128000  4.9418211065349044E-01
    32   3.0400000             128000  4.9418145333635172E-01
    33   3.1350000             128000  4.9418069582303320E-01
    34   3.2300000             128000  4.9417984959071648E-01
    35   3.3250000             128000  4.9417892683421810E-01
    36   3.4200000             128000  4.9417794051650310E-01
    37   3.5150000             128000  4.9417690485059051E-01
    38   3.6100000             128000  4.9417583509629648E-01
    39   3.7050000             128000  4.9417474683652912E-01
    40   3.8000000             128000  4.9417365578909744E-01
    41   3.8950000             128000  4.9417257804516834E-01
    42   3.9900000             128000  4.9417152955174826E-01
    43   4.0850000             128000  4.9417052496908997E-01
    44   4.1800000             128000  4.9416957748602069E-01
    45   4.2750000             128000  4.9416869979677092E-01
    46   4.3700000             128000  4.9416790446412395E-01
    47   4.4650000             128000  4.9416720293617611E-01
    48   4.5600000             128000  4.9416660470080109E-01
    49   4.6550000             128000  4.9416611753725864E-01
    50   4.7500000             128000  4.9416574788193812E-01
    51   4.8450000             128000  4.9416550066829584E-01
    52   4.9400000             128000  4.9416537940033223E-01
    53   5.0350000             128000  4.9416538642355445E-01
    54   5.1300000             128000  4.9416552230042216E-01
    55   5.2250000             128000  4.9416578483712603E-01
    56   5.3200000             128000  4.9416616949391945E-01
    57   5.4150000             128000  4.9416667065176312E-01
    58   5.5100000             128000  4.9416728148844025E-01
    59   5.6050000             128000  4.9416799238631270E-01
    60   5.7000000             128000  4.9416879034985134E-01
    61   5.7950000             128000  4.9416966093460790E-01
    62   5.8900000             128000  4.9417059087506054E-01
    63   5.9850000             128000  4.9417156816806018E-01
    64   6.0800000             128000  4.9417257934965930E-01
    65   6.1750000             128000  4.9417360768577689E-01
    66   6.2700000             128000  4.9417463490192093E-01
    67   6.3650000             128000  4.9417564407961739E-01
    68   6.4600000             128000  4.9417662012046065E-01
    69   6.5550000             128000  4.9417754816903370E-01
    70   6.6500000             128000  4.9417841276003277E-01
    71   6.7450000             128000  4.9417919838409247E-01
    72   6.8400000             128000  4.9417989031640192E-01
    73   6.9350000             128000  4.9418047527088987E-01
    74   7.0300000             128000  4.9418094198896484E-01
    75   7.1250000             128000  4.9418128158916752E-01
    76   7.2200000             128000  4.9418148792677219E-01
    77   7.3150000             128000  4.9418155784157697E-01
    78   7.4100000             128000  4.9418148981487370E-01
    79   7.5050000             128000  4.9418128119546056E-01
    80   7.6000000             128000  4.9418092745670622E-01
    81   7.6950000             128000  4.9418042519839078E-01
    82   7.7900000             128000  4.9417977539331981E-01
    83   7.8850000             128000  4.9417898316801062E-01
    84   7.9800000             128000  4.9417805532674586E-01
    85   8.0750000             128000  4.9417699920812308E-01
    86   8.1700000             128000  4.9417582388262404E-01
    87   8.2650000             128000  4.9417454156507679E-01
    88   8.3600000             128000  4.9417316694737901E-01
    89   8.4550000             128000  4.9417171456960124E-01
    90   8.5500000             128000  4.9417019660024786E-01
    91   8.6450000             128000  4.9416862284351515E-01
    92   8.7400000             128000  4.9416700208716724E-01
    93   8.8350000             128000  4.9416534283036717E-01
    94   8.9300000             128000  4.9416365319732825E-01
    95   9.0250000             128000  4.9416194102606104E-01
    96   9.1200000             128000  4.9416021411181110E-01
    97   9.2150000             128000  4.9415848017379216E-01
    98   9.3100000             128000  4.9415674686521249E-01
    99   9.4050000             128000  4.9415502166636427E-01
   100   9.5000000             128000  4.9415331105044735E-01
   101   9.5950000             128000  4.9415161994781842E-01
   102   9.6900000             128000  4.9414995275520901E-01
   103   9.7850000             128000  4.9414831391310254E-01
   104   9.8800000             128000  4.9414670511553099E-01
   105   9.9750000             128000  4.9414512069047328E-01
   106   10.070000             128000  4.9414354589469267E-01
   107   10.165000             128000  4.9414195960031354E-01
   108   10.260000             128000  4.9414033829668763E-01
   109   10.355000             128000  4.9413865831587112E-01
   110   10.450000             128000  4.9413689563721763E-01
   111   10.545000             128000  4.9413502421678335E-01
   112   10.640000             128000  4.9413301481085675E-01
   113   10.735000             128000  4.9413083571051974E-01
   114   10.830000             128000  4.9412845381479614E-01
   115   10.925000             128000  4.9412583375354191E-01
   116   11.020000             128000  4.9412293656419465E-01
   117   11.115000             128000  4.9411972059067294E-01
   118   11.210000             128000  4.9411614255345337E-01
   119   11.305000             128000  4.9411215509872541E-01
   120   11.400000             128000  4.9410770314886843E-01
   121   11.495000             128000  4.9410272501332420E-01
   122   11.590000             128000  4.9409715861105963E-01
   123   11.685000             128000  4.9409094669008025E-01
   124   11.780000             128000  4.9408403595377681E-01
   125   11.875000             128000  4.9407637046820035E-01
   126   11.970000             128000  4.9406788399617058E-01
   127   12.065000             128000  4.9405849680887853E-01
   128   12.160000             128000  4.9404811910942181E-01
   129   12.255000             128000  4.9403665804317787E-01
   130   12.350000             128000  4.9402402361124698E-01
   131   12.445000             128000  4.9401013068926147E-01
   132   12.540000             128000  4.9399489594628110E-01
   133   12.635000             128000  4.9397822992622303E-01
   134   12.730000             128000  4.9396002803751959E-01
   135   12.825000             128000  4.9394016741105279E-01
   136   12.920000             128000  4.9391851421156430E-01
   137   13.015000             128000  4.9389493711556293E-01
   138   13.110000             128000  4.9386931508525872E-01
   139   13.205000             128000  4.9384153012437593E-01
   140   13.300000             128000  4.9381144658387849E-01
   141   13.395000             128000  4.9377888842378481E-01
   142   13.490000             128000  4.9374362880678302E-01
   143   13.585000             128000  4.9370540025956283E-01
   144   13.680000             128000  4.9366391994096620E-01
   145   13.775000             128000  4.9361891384063522E-01
   146   13.870000             128000  4.9357012621147067E-01
   147   13.965000             128000  4.9351731176100205E-01
   148   14.060000             128000  4.9346021666427198E-01
   149   14.155000             128000  4.9339855765441770E-01
   150   14.250000             128000  4.9333200853211534E-01
   151   14.345000             128000  4.9326019839307533E-01
   152   14.440000             128000  4.9318271669672242E-01
   153   14.535000             128000  4.9309911639429271E-01
   154   14.630000             128000  4.9300891177520140E-01
   155   14.725000             128000  4.9291157431477328E-01
   156   14.820000             128000  4.9280653200101487E-01
   157   14.915000             128000  4.9269317835469173E-01
   158   15.010000             128000  4.9257089202644522E-01
   159   15.105000             128000  4.9243905126143028E-01
   160   15.200000             128000  4.9229701995677788E-01
   161   15.295000             128000  4.9214410608606529E-01
   162   15.390000             128000  4.9197952620008079E-01
   163   15.485000             128000  4.9180240627514127E-01
   164   15.580000             128000  4.9161181424712452E-01
   165   15.675000             128000  4.9140679943613119E-01
   166   15.770000             128000  4.9118642329894058E-01
   167   15.865000             128000  4.9094977876245371E-01
   168   15.960000             128000  4.9069599313748652E-01
   169   16.055000             128000  4.9042420679152460E-01
   170   16.150000             128000  4.9013353515714730E-01
   171   16.245000             128000  4.8982303933528348E-01
   172   16.340000             128000  4.8949172714813871E-01
   173   16.435000             128000  4.8913858354082373E-01
   174   16.530000             128000  4.8876260874667660E-01
   175   16.625000             128000  4.8836283709258133E-01
   176   16.720000             128000  4.8793833470104331E-01
   177   16.815000             128000  4.8748821339257897E-01
   178   16.910000             128000  4.8701168585440596E-01
   179   17.005000             128000  4.8650812494125945E-01
   180   17.100000             128000  4.8597706098042648E-01
   181   17.195000             128000  4.8541811627863535E-01
   182   17.290000             128000  4.8483094322539066E-01
   183   17.385000             128000  4.8421521025393716E-01
   184   17.480000             128000  4.8357062565416864E-01
   185   17.575000             128000  4.8289695771858065E-01
   186   17.670000             128000  4.8219402152601110E-01
   187   17.765000             128000  4.8146162671544912E-01
   188   17.860000             128000  4.8069952466560789E-01
   189   17.955000             128000  4.7990741331237652E-01
   190   18.050000             128000  4.7908498205269823E-01
   191   18.145000             128000  4.7823191353020050E-01
   192   18.240000             128000  4.7734780742043426E-01
   193   18.335000             128000  4.7643209954025045E-01
   194   18.430000             128000  4.7548407887891198E-01
   195   18.525000             128000  4.7450298783377931E-01
   196   18.620000             128000  4.7348804046784743E-01
   197   18.715000             128000  4.7243824154580127E-01
   198   18.810000             128000  4.7135215575546108E-01
   199   18.905000             128000  4.7022788693048645E-01
   200   19.000000             128000  4.6906327550309479E-01
   201   19.095000             128000  4.6785609298325670E-01
   202   19.190000             128000  4.6660412302168253E-01
   203   19.285000             128000  4.6530526009109413E-01
   204   19.380000             128000  4.6395778535493681E-01
   205   19.475000             128000  4.6256071521486397E-01
   206   19.570000             128000  4.6111395496296859E-01
   207   19.665000             128000  4.5961825576479748E-01
   208   19.760000             128000  4.5807518801224151E-01
   209   19.855000             128000  4.5648716841995080E-01
   210   19.950000             128000  4.5485741405244495E-01
   211   20.045000             128000  4.5318981270790903E-01
   212   20.140000             128000  4.5148886066571142E-01
   213   20.235000             128000  4.4975979924536047E-01
   214   20.330000             128000  4.4800885054080997E-01
   215   20.425000             128000  4.4624330213433711E-01
   216   20.520000             128000  4.4447140026625026E-01
   217   20.615000             128000  4.4270224370125277E-01
   218   20.710000             128000  4.4094581103186581E-01
   219   20.805000             128000  4.3921301039601834E-01
   220   20.900000             128000  4.3751561216057816E-01
   221   20.995000             128000  4.3586611762132521E-01
   222   21.090000             128000  4.3427764494982579E-01
   223   21.185000             128000  4.3276387486320478E-01
   224   21.280000             128000  4.3133907732264026E-01
   225   21.375000             128000  4.3001813209643158E-01
   226   21.470000             128000  4.2881636133636164E-01
   227   21.565000             128000  4.2774914333039260E-01
   228   21.660000             128000  4.2683152508031524E-01
   229   21.755000             128000  4.2607802516615484E-01
   230   21.850000             128000  4.2550247770223426E-01
   231   21.945000             128000  4.2511756893588720E-01
   232   22.040000             128000  4.2493420480429034E-01
   233   22.135000             128000  4.2496125436418702E-01
   234   22.230000             128000  4.2520552864619621E-01
   235   22.325000             128000  4.2567126889806883E-01
   236   22.420000             128000  4.2635938795151174E-01
   237   22.515000             128000  4.2726768609815985E-01
   238   22.610000             128000  4.2839202813549543E-01
   239   22.705000             128000  4.2972699931241193E-01
   240   22.800000             128000  4.3126565194623417E-01
   241   22.895000             128000  4.3299931600749486E-01
   242   22.990000             128000  4.3491766785068869E-01
   243   23.085000             128000  4.3700832463060191E-01
   244   23.180000             128000  4.3925636411663899E-01
   245   23.275000             128000  4.4164478790566392E-01
   246   23.370000             128000  4.4415519809873866E-01
   247   23.465000             128000  4.4676768518914745E-01
   248   23.560000             128000  4.4946059081429174E-01
   249   23.655000             128000  4.5221075883877265E-01
   250   23.750000             128000  4.5499396630634259E-01
   251   23.845000             128000  4.5778576602883742E-01
   252   23.940000             128000  4.6056281745576344E-01
   253   24.035000             128000  4.6330365702630566E-01
   254   24.130000             128000  4.6598840873250058E-01
   255   24.225000             128000  4.6859803483987966E-01
   256   24.320000             128000  4.7111343210542039E-01
   257   24.415000             128000  4.7351425182851148E-01
   258   24.510000             128000  4.7577816786721633E-01
   259   24.605000             128000  4.7788094623539201E-01
   260   24.700000             128000  4.7979639957086867E-01
   261   24.795000             128000  4.8149603015625070E-01
   262   24.890000             128000  4.8294921888973263E-01
   263   24.985000             128000  4.8412453730922217E-01
   264   25.080000             128000  4.8499190049022561E-01
   265   25.175000             128000  4.8552494531738610E-01
   266   25.270000             128000  4.8570305051221513E-01
   267   25.365000             128000  4.8551258173845524E-01
   268   25.460000             128000  4.8494766850320953E-01
   269   25.555000             128000  4.8401110509525236E-01
   270   25.650000             128000  4.8271525471031784E-01
   271   25.745000             128000  4.8108249850519785E-01
   272   25.840000             128000  4.7914428784327195E-01
   273   25.935000             128000  4.7693796271534172E-01
   274   26.030000             128000  4.7450322103525433E-01
   275   26.125000             128000  4.7188074751188658E-01
   276   26.220000             128000  4.6911212526561930E-01
   277   26.315000             128000  4.6623852204452476E-01
   278   26.410000             128000  4.6329833567672718E-01
   279   26.505000             128000  4.6032627872029530E-01
   280   26.600000             128000  4.5735412815718623E-01
   281   26.695000             128000  4.5441139484854493E-01
   282   26.790000             128000  4.5152544790350047E-01
   283   26.885000             128000  4.4872166383607492E-01
   284   26.980000             128000  4.4602360780538231E-01
   285   27.075000             128000  4.4345291600027315E-01
   286   27.170000             128000  4.4102917148568421E-01
   287   27.265000             128000  4.3876996844289129E-01
   288   27.360000             128000  4.3669029765105655E-01
   289   27.455000             128000  4.3480085425936432E-01
   290   27.550000             128000  4.3310668623337978E-01
   291   27.645000             128000  4.3160712912642041E-01
   292   27.740000             128000  4.3029565023359162E-01
   293   27.835000             128000  4.2915865633682782E-01
   294   27.930000             128000  4.2817504929718209E-01
   295   28.025000             128000  4.2731821189342423E-01
   296   28.120000             128000  4.2655940473354864E-01
   297   28.215000             128000  4.2587069706175823E-01
   298   28.310000             128000  4.2522681052647349E-01
   299   28.405000             128000  4.2460585803105344E-01
   300   28.500000             128000  4.2398888342533025E-01
   301   28.595000             128000  4.2335885008387331E-01
   302   28.690000             128000  4.2269972621323598E-01
   303   28.785000             128000  4.2199551148059422E-01
   304   28.880000             128000  4.2122992741197718E-01
   305   28.975000             128000  4.2038730815661185E-01
   306   29.070000             128000  4.1945316737147287E-01
   307   29.165000             128000  4.1841396631747890E-01
   308   29.260000             128000  4.1725821543770991E-01
   309   29.355000             128000  4.1597933878014021E-01
   310   29.450000             128000  4.1457786792996432E-01
   311   29.545000             128000  4.1306177015223011E-01
   312   29.640000             128000  4.1144575959234564E-01
   313   29.735000             128000  4.0974991402270033E-01
   314   29.830000             128000  4.0799743303599645E-01
   315   29.925000             128000  4.0621229304589040E-01
   316   30.020000             128000  4.0441750827575906E-01
   317   30.115000             128000  4.0263384109506589E-01
   318   30.210000             128000  4.0087875234355685E-01
   319   30.305000             128000  3.9916561793825772E-01
   320   30.400000             128000  3.9750327185479606E-01
   321   30.495000             128000  3.9589623442996913E-01
   322   30.590000             128000  3.9434591134884223E-01
   323   30.685000             128000  3.9285201303879763E-01
   324   30.780000             128000  3.9141301622394564E-01
   325   30.875000             128000  3.9002579532767290E-01
   326   30.970000             128000  3.8868568591618180E-01
   327   31.065000             128000  3.8738749926180804E-01
   328   31.160000             128000  3.8612679320573184E-01
   329   31.255000             128000  3.8490073516141415E-01
   330   31.350000             128000  3.8370837139062342E-01
   331   31.445000             128000  3.8255023102916619E-01
   332   31.540000             128000  3.8142765698782138E-01
   333   31.635000             128000  3.8034243945730134E-01
   334   31.730000             128000  3.7929667061194750E-01
   335   31.825000             128000  3.7829272514363782E-01
   336   31.920000             128000  3.7733433525665444E-01
   337   32.015000             128000  3.7642909469476227E-01
   338   32.110000             128000  3.7559049140765455E-01
   339   32.205000             128000  3.7483780981280868E-01
   340   32.300000             128000  3.7419447610976653E-01
   341   32.395000             128000  3.7368587536712594E-01
   342   32.490000             128000  3.7333635120323783E-01
   343   32.585000             128000  3.7316561568159590E-01
   344   32.680000             128000  3.7318670649227181E-01
   345   32.775000             128000  3.7340671206765486E-01
   346   32.870000             128000  3.7382904678062717E-01
   347   32.965000             128000  3.7445566063350388E-01
   348   33.060000             128000  3.7528838527279618E-01
   349   33.155000             128000  3.7632903283536895E-01
   350   33.250000             128000  3.7757850317554659E-01
   351   33.345000             128000  3.7903612617291615E-01
   352   33.440000             128000  3.8070031039703583E-01
   353   33.535000             128000  3.8257012216390984E-01
   354   33.630000             128000  3.8464623912149482E-01
   355   33.725000             128000  3.8693025253120378E-01
   356   33.820000             128000  3.8942194597218882E-01
   357   33.915000             128000  3.9211550161378211E-01
   358   34.010000             128000  3.9499793520809579E-01
   359   34.105000             128000  3.9805206067871846E-01
   360   34.200000             128000  4.0126261881660652E-01
   361   34.295000             128000  4.0462122684816304E-01
   362   34.390000             128000  4.0812585764984710E-01
   363   34.485000             128000  4.1177543808339090E-01
   364   34.580000             128000  4.1556325894511936E-01
   365   34.675000             128000  4.1947181054885996E-01
   366   34.770000             128000  4.2347009303738636E-01
   367   34.865000             128000  4.2751339384764420E-01
   368   34.960000             128000  4.3154597314122373E-01
   369   35.055000             128000  4.3550624006888072E-01
   370   35.150000             128000  4.3933148601981864E-01
   371   35.245000             128000  4.4296166952511051E-01
   372   35.340000             128000  4.4634296251038852E-01
   373   35.435000             128000  4.4942857395715691E-01
   374   35.530000             128000  4.5217770532242846E-01
   375   35.625000             128000  4.5455544419974697E-01
   376   35.720000             128000  4.5653202400135845E-01
   377   35.815000             128000  4.5808067394633439E-01
   378   35.910000             128000  4.5917705807140768E-01
   379   36.005000             128000  4.5980137631076928E-01
   380   36.100000             128000  4.5994071520710966E-01
   381   36.195000             128000  4.5959081221171655E-01
   382   36.290000             128000  4.5875797318042488E-01
   383   36.385000             128000  4.5746023786225160E-01
   384   36.480000             128000  4.5572652253974177E-01
   385   36.575000             128000  4.5359436830430816E-01
   386   36.670000             128000  4.5110812097785158E-01
   387   36.765000             128000  4.4831851715822169E-01
   388   36.860000             128000  4.4528266223943830E-01
   389   36.955000             128000  4.4206126562158365E-01
   390   37.050000             128000  4.3871154489784014E-01
   391   37.145000             128000  4.3527892273572688E-01
   392   37.240000             128000  4.3179289676367549E-01
   393   37.335000             128000  4.2827222295469830E-01
   394   37.430000             128000  4.2474018614283765E-01
   395   37.525000             128000  4.2124135840243832E-01
   396   37.620000             128000  4.1784897189332126E-01
   397   37.715000             128000  4.1465710047571508E-01
   398   37.810000             128000  4.1175918777456388E-01
   399   37.905000             128000  4.0922549165758648E-01
   400   38.000000             128000  4.0709163375249430E-01
   401   38.095000             128000  4.0536089702514411E-01
   402   38.190000             128000  4.0401584727991874E-01
   403   38.285000             128000  4.0303289142875209E-01
   404   38.380000             128000  4.0239675199278468E-01
   405   38.475000             128000  4.0210940971451437E-01
   406   38.570000             128000  4.0218880054516543E-01
   407   38.665000             128000  4.0265805499211482E-01
   408   38.760000             128000  4.0352983448119917E-01
   409   38.855000             128000  4.0479406386942424E-01
   410   38.950000             128000  4.0641604992641384E-01
   411   39.045000             128000  4.0834112878932599E-01
   412   39.140000             128000  4.1050178523471892E-01
   413   39.235000             128000  4.1282728252236278E-01
   414   39.330000             128000  4.1525020657225803E-01
   415   39.425000             128000  4.1770963089662716E-01
   416   39.520000             128000  4.2015156903032697E-01
   417   39.615000             128000  4.2252663208626351E-01
   418   39.710000             128000  4.2478869171006051E-01
   419   39.805000             128000  4.2689458369798194E-01
   420   39.900000             128000  4.2880330830730695E-01
   421   39.995000             128000  4.3047541972963643E-01
   422   40.090000             128000  4.3187293861163667E-01
