! Kinetic energy for species "electrons-down"
  Iter        Time          Total Par.             Kin. Energy
     0   0.0000000             128000  4.9403675878714304E-01
     1  0.95000000E-01         128000  4.9403682253675885E-01
     2  0.19000000             128000  4.9403701316919779E-01
     3  0.28500000             128000  4.9403732856306776E-01
     4  0.38000000             128000  4.9403776467018612E-01
     5  0.47500000             128000  4.9403831545154098E-01
     6  0.57000000             128000  4.9403897309777989E-01
     7  0.66500000             128000  4.9403972818821762E-01
     8  0.76000000             128000  4.9404056974827071E-01
     9  0.85500000             128000  4.9404148544914628E-01
    10  0.95000000             128000  4.9404246197798973E-01
    11   1.0450000             128000  4.9404348536328641E-01
    12   1.1400000             128000  4.9404454114379887E-01
    13   1.2350000             128000  4.9404561441923567E-01
    14   1.3300000             128000  4.9404668985159161E-01
    15   1.4250000             128000  4.9404775175366566E-01
    16   1.5200000             128000  4.9404878437981486E-01
    17   1.6150000             128000  4.9404977231709896E-01
    18   1.7100000             128000  4.9405070086583841E-01
    19   1.8050000             128000  4.9405155644346743E-01
    20   1.9000000             128000  4.9405232679645550E-01
    21   1.9950000             128000  4.9405300071745983E-01
    22   2.0900000             128000  4.9405356775742948E-01
    23   2.1850000             128000  4.9405401882839350E-01
    24   2.2800000             128000  4.9405434741232440E-01
    25   2.3750000             128000  4.9405454996870801E-01
    26   2.4700000             128000  4.9405462499496644E-01
    27   2.5650000             128000  4.9405457184069235E-01
    28   2.6600000             128000  4.9405439049087652E-01
    29   2.7550000             128000  4.9405408229432868E-01
    30   2.8500000             128000  4.9405365082607799E-01
    31   2.9450000             128000  4.9405310221618676E-01
    32   3.0400000             128000  4.9405244473838766E-01
    33   3.1350000             128000  4.9405168802713267E-01
    34   3.2300000             128000  4.9405084268101146E-01
    35   3.3250000             128000  4.9404992060942865E-01
    36   3.4200000             128000  4.9404893555003193E-01
    37   3.5150000             128000  4.9404790281843997E-01
    38   3.6100000             128000  4.9404683813459760E-01
    39   3.7050000             128000  4.9404575661311445E-01
    40   3.8000000             128000  4.9404467302479654E-01
    41   3.8950000             128000  4.9404360266928715E-01
    42   3.9900000             128000  4.9404256107825939E-01
    43   4.0850000             128000  4.9404156250181808E-01
    44   4.1800000             128000  4.9404061932990595E-01
    45   4.2750000             128000  4.9403974351044516E-01
    46   4.3700000             128000  4.9403894799347325E-01
    47   4.4650000             128000  4.9403824588784440E-01
    48   4.5600000             128000  4.9403764795017596E-01
    49   4.6550000             128000  4.9403716116047325E-01
    50   4.7500000             128000  4.9403678987528216E-01
    51   4.8450000             128000  4.9403653813306492E-01
    52   4.9400000             128000  4.9403641047426761E-01
    53   5.0350000             128000  4.9403641046020413E-01
    54   5.1300000             128000  4.9403653868725850E-01
    55   5.2250000             128000  4.9403679230863073E-01
    56   5.3200000             128000  4.9403716612072973E-01
    57   5.4150000             128000  4.9403765384693632E-01
    58   5.5100000             128000  4.9403824834795224E-01
    59   5.6050000             128000  4.9403894063169318E-01
    60   5.7000000             128000  4.9403971911938760E-01
    61   5.7950000             128000  4.9404057064272899E-01
    62   5.8900000             128000  4.9404148217223887E-01
    63   5.9850000             128000  4.9404244083622328E-01
    64   6.0800000             128000  4.9404343220240982E-01
    65   6.1750000             128000  4.9404443954856753E-01
    66   6.2700000             128000  4.9404544549633383E-01
    67   6.3650000             128000  4.9404643390619107E-01
    68   6.4600000             128000  4.9404738963231337E-01
    69   6.5550000             128000  4.9404829699743336E-01
    70   6.6500000             128000  4.9404913961125047E-01
    71   6.7450000             128000  4.9404990192625309E-01
    72   6.8400000             128000  4.9405057044268852E-01
    73   6.9350000             128000  4.9405113339572121E-01
    74   7.0300000             128000  4.9405158023284645E-01
    75   7.1250000             128000  4.9405190234086438E-01
    76   7.2200000             128000  4.9405209425827307E-01
    77   7.3150000             128000  4.9405215331898827E-01
    78   7.4100000             128000  4.9405207731045092E-01
    79   7.5050000             128000  4.9405186238900101E-01
    80   7.6000000             128000  4.9405150366448203E-01
    81   7.6950000             128000  4.9405099816864140E-01
    82   7.7900000             128000  4.9405034749275839E-01
    83   7.8850000             128000  4.9404955764191993E-01
    84   7.9800000             128000  4.9404863630163709E-01
    85   8.0750000             128000  4.9404759049820768E-01
    86   8.1700000             128000  4.9404642739759547E-01
    87   8.2650000             128000  4.9404515707023139E-01
    88   8.3600000             128000  4.9404379318183911E-01
    89   8.4550000             128000  4.9404235020534637E-01
    90   8.5500000             128000  4.9404084033701134E-01
    91   8.6450000             128000  4.9403927321895880E-01
    92   8.7400000             128000  4.9403765760654184E-01
    93   8.8350000             128000  4.9403600230632405E-01
    94   8.9300000             128000  4.9403431562038136E-01
    95   9.0250000             128000  4.9403260458419540E-01
    96   9.1200000             128000  4.9403087512068039E-01
    97   9.2150000             128000  4.9402913292423278E-01
    98   9.3100000             128000  4.9402738415115410E-01
    99   9.4050000             128000  4.9402563516614084E-01
   100   9.5000000             128000  4.9402389152481679E-01
   101   9.5950000             128000  4.9402215762273460E-01
   102   9.6900000             128000  4.9402043786599181E-01
   103   9.7850000             128000  4.9401873712704991E-01
   104   9.8800000             128000  4.9401705751993930E-01
   105   9.9750000             128000  4.9401539322486293E-01
   106   10.070000             128000  4.9401372849527669E-01
   107   10.165000             128000  4.9401204045225844E-01
   108   10.260000             128000  4.9401030366114212E-01
   109   10.355000             128000  4.9400849341721736E-01
   110   10.450000             128000  4.9400658611554005E-01
   111   10.545000             128000  4.9400455646905972E-01
   112   10.640000             128000  4.9400237447874673E-01
   113   10.735000             128000  4.9400000618157691E-01
   114   10.830000             128000  4.9399741751840121E-01
   115   10.925000             128000  4.9399457629534871E-01
   116   11.020000             128000  4.9399144982545656E-01
   117   11.115000             128000  4.9398800108965130E-01
   118   11.210000             128000  4.9398418675201761E-01
   119   11.305000             128000  4.9397995717379767E-01
   120   11.400000             128000  4.9397525726692104E-01
   121   11.495000             128000  4.9397002825484704E-01
   122   11.590000             128000  4.9396421081543479E-01
   123   11.685000             128000  4.9395774849506452E-01
   124   11.780000             128000  4.9395058842570361E-01
   125   11.875000             128000  4.9394267684221671E-01
   126   11.970000             128000  4.9393395097489151E-01
   127   12.065000             128000  4.9392433354170812E-01
   128   12.160000             128000  4.9391373529912641E-01
   129   12.255000             128000  4.9390206402582260E-01
   130   12.350000             128000  4.9388923245046767E-01
   131   12.445000             128000  4.9387515939369464E-01
   132   12.540000             128000  4.9385976409193461E-01
   133   12.635000             128000  4.9384295680532098E-01
   134   12.730000             128000  4.9382463014803779E-01
   135   12.825000             128000  4.9380465714164296E-01
   136   12.920000             128000  4.9378289958088051E-01
   137   13.015000             128000  4.9375922209446277E-01
   138   13.110000             128000  4.9373350048761533E-01
   139   13.205000             128000  4.9370561483469233E-01
   140   13.300000             128000  4.9367542779729301E-01
   141   13.395000             128000  4.9364276022336312E-01
   142   13.490000             128000  4.9360738046871194E-01
   143   13.585000             128000  4.9356901562745442E-01
   144   13.680000             128000  4.9352737723459444E-01
   145   13.775000             128000  4.9348218455410353E-01
   146   13.870000             128000  4.9343317296976330E-01
   147   13.965000             128000  4.9338008630258762E-01
   148   14.060000             128000  4.9332265893957489E-01
   149   14.155000             128000  4.9326059613600870E-01
   150   14.250000             128000  4.9319356194194058E-01
   151   14.345000             128000  4.9312117874646044E-01
   152   14.440000             128000  4.9304303151337447E-01
   153   14.535000             128000  4.9295866807968958E-01
   154   14.630000             128000  4.9286759598098850E-01
   155   14.725000             128000  4.9276928020753780E-01
   156   14.820000             128000  4.9266314382716159E-01
   157   14.915000             128000  4.9254857620773806E-01
   158   15.010000             128000  4.9242495232666256E-01
   159   15.105000             128000  4.9229164833167499E-01
   160   15.200000             128000  4.9214802774152111E-01
   161   15.295000             128000  4.9199339839664141E-01
   162   15.390000             128000  4.9182697643923623E-01
   163   15.485000             128000  4.9164788950361660E-01
   164   15.580000             128000  4.9145521261779268E-01
   165   15.675000             128000  4.9124800819039061E-01
   166   15.770000             128000  4.9102535341195042E-01
   167   15.865000             128000  4.9078635555634054E-01
   168   15.960000             128000  4.9053015382886794E-01
   169   16.055000             128000  4.9025590010622955E-01
   170   16.150000             128000  4.8996272361041593E-01
   171   16.245000             128000  4.8964970238756145E-01
   172   16.340000             128000  4.8931586275798977E-01
   173   16.435000             128000  4.8896020692794284E-01
   174   16.530000             128000  4.8858174927793124E-01
   175   16.625000             128000  4.8817953496816957E-01
   176   16.720000             128000  4.8775263878852326E-01
   177   16.815000             128000  4.8730018063101377E-01
   178   16.910000             128000  4.8682138088496740E-01
   179   17.005000             128000  4.8631561814588453E-01
   180   17.100000             128000  4.8578242480358030E-01
   181   17.195000             128000  4.8522142101387827E-01
   182   17.290000             128000  4.8463225316555480E-01
   183   17.385000             128000  4.8401458032857775E-01
   184   17.480000             128000  4.8336809898537419E-01
   185   17.575000             128000  4.8269256488770307E-01
   186   17.670000             128000  4.8198778121500907E-01
   187   17.765000             128000  4.8125354697752332E-01
   188   17.860000             128000  4.8048960398337670E-01
   189   17.955000             128000  4.7969563975162050E-01
   190   18.050000             128000  4.7887132952046230E-01
   191   18.145000             128000  4.7801633733474147E-01
   192   18.240000             128000  4.7713024238039825E-01
   193   18.335000             128000  4.7621245918969035E-01
   194   18.430000             128000  4.7526225026945396E-01
   195   18.525000             128000  4.7427881909508163E-01
   196   18.620000             128000  4.7326132601923820E-01
   197   18.715000             128000  4.7220871097830730E-01
   198   18.810000             128000  4.7111946342699529E-01
   199   18.905000             128000  4.6999159466511409E-01
   200   19.000000             128000  4.6882282648407381E-01
   201   19.095000             128000  4.6761078507232212E-01
   202   19.190000             128000  4.6635309238083988E-01
   203   19.285000             128000  4.6504747513847972E-01
   204   19.380000             128000  4.6369204470703212E-01
   205   19.475000             128000  4.6228565068433769E-01
   206   19.570000             128000  4.6082804441854552E-01
   207   19.665000             128000  4.5931984766186429E-01
   208   19.760000             128000  4.5776254435137109E-01
   209   19.855000             128000  4.5615853655852784E-01
   210   19.950000             128000  4.5451112227537882E-01
   211   20.045000             128000  4.5282436796999248E-01
   212   20.140000             128000  4.5110302961577264E-01
   213   20.235000             128000  4.4935266277784491E-01
   214   20.330000             128000  4.4757983452392058E-01
   215   20.425000             128000  4.4579220033949907E-01
   216   20.520000             128000  4.4399839228418447E-01
   217   20.615000             128000  4.4220790532233673E-01
   218   20.710000             128000  4.4043113441187987E-01
   219   20.805000             128000  4.3867944461670100E-01
   220   20.900000             128000  4.3696509288858687E-01
   221   20.995000             128000  4.3530108035977189E-01
   222   21.090000             128000  4.3370106125476515E-01
   223   21.185000             128000  4.3217931718887220E-01
   224   21.280000             128000  4.3075075692842069E-01
   225   21.375000             128000  4.2943086787902490E-01
   226   21.470000             128000  4.2823548041777160E-01
   227   21.565000             128000  4.2718030636873927E-01
   228   21.660000             128000  4.2628042334777555E-01
   229   21.755000             128000  4.2554991950272580E-01
   230   21.850000             128000  4.2500167429783658E-01
   231   21.945000             128000  4.2464705671242520E-01
   232   22.040000             128000  4.2449556818566025E-01
   233   22.135000             128000  4.2455480490856146E-01
   234   22.230000             128000  4.2483074143876254E-01
   235   22.325000             128000  4.2532756601926480E-01
   236   22.420000             128000  4.2604690133719941E-01
   237   22.515000             128000  4.2698762346809338E-01
   238   22.610000             128000  4.2814667458505973E-01
   239   22.705000             128000  4.2951934837897449E-01
   240   22.800000             128000  4.3109854764650657E-01
   241   22.895000             128000  4.3287441472379423E-01
   242   22.990000             128000  4.3483466510112123E-01
   243   23.085000             128000  4.3696444876359247E-01
   244   23.180000             128000  4.3924601681426667E-01
   245   23.275000             128000  4.4165932623538517E-01
   246   23.370000             128000  4.4418290427698343E-01
   247   23.465000             128000  4.4679418227252415E-01
   248   23.560000             128000  4.4946997918570963E-01
   249   23.655000             128000  4.5218753439789161E-01
   250   23.750000             128000  4.5492540328377240E-01
   251   23.845000             128000  4.5766411226759163E-01
   252   23.940000             128000  4.6038671848943652E-01
   253   24.035000             128000  4.6307846957766263E-01
   254   24.130000             128000  4.6572530711532512E-01
   255   24.225000             128000  4.6831225290898160E-01
   256   24.320000             128000  4.7082230780752166E-01
   257   24.415000             128000  4.7323546957203694E-01
   258   24.510000             128000  4.7552805055361480E-01
   259   24.605000             128000  4.7767267276925973E-01
   260   24.700000             128000  4.7963843274102780E-01
   261   24.795000             128000  4.8139102272798850E-01
   262   24.890000             128000  4.8289357666822752E-01
   263   24.985000             128000  4.8410880047253046E-01
   264   25.080000             128000  4.8500192765994904E-01
   265   25.175000             128000  4.8554375303748049E-01
   266   25.270000             128000  4.8571307608283631E-01
   267   25.365000             128000  4.8549809344334310E-01
   268   25.460000             128000  4.8489705139772399E-01
   269   25.555000             128000  4.8391861995241214E-01
   270   25.650000             128000  4.8258200924224165E-01
   271   25.745000             128000  4.8091650430755711E-01
   272   25.840000             128000  4.7895939103853330E-01
   273   25.935000             128000  4.7675182715733799E-01
   274   26.030000             128000  4.7433486259348551E-01
   275   26.125000             128000  4.7174809826480046E-01
   276   26.220000             128000  4.6903015498013872E-01
   277   26.315000             128000  4.6621833283740799E-01
   278   26.410000             128000  4.6334727763635331E-01
   279   26.505000             128000  4.6044866644746918E-01
   280   26.600000             128000  4.5755216589050651E-01
   281   26.695000             128000  4.5468621145000776E-01
   282   26.790000             128000  4.5187787819332026E-01
   283   26.885000             128000  4.4915230575097892E-01
   284   26.980000             128000  4.4653231682668848E-01
   285   27.075000             128000  4.4403812794219027E-01
   286   27.170000             128000  4.4168716422560805E-01
   287   27.265000             128000  4.3949420990855603E-01
   288   27.360000             128000  4.3747118780853644E-01
   289   27.455000             128000  4.3562603714645909E-01
   290   27.550000             128000  4.3396174981903635E-01
   291   27.645000             128000  4.3247643939067487E-01
   292   27.740000             128000  4.3116341928724033E-01
   293   27.835000             128000  4.3001043524679827E-01
   294   27.930000             128000  4.2899941602850911E-01
   295   28.025000             128000  4.2810833438851686E-01
   296   28.120000             128000  4.2731430946432114E-01
   297   28.215000             128000  4.2659594030276593E-01
   298   28.310000             128000  4.2593430771274710E-01
   299   28.405000             128000  4.2531299081997975E-01
   300   28.500000             128000  4.2471699845031496E-01
   301   28.595000             128000  4.2413102925605872E-01
   302   28.690000             128000  4.2353809992364561E-01
   303   28.785000             128000  4.2291885207591068E-01
   304   28.880000             128000  4.2225191027478748E-01
   305   28.975000             128000  4.2151559667927013E-01
   306   29.070000             128000  4.2068967530812612E-01
   307   29.165000             128000  4.1975614775204501E-01
   308   29.260000             128000  4.1870061092866251E-01
   309   29.355000             128000  4.1751481414958969E-01
   310   29.450000             128000  4.1619833878832591E-01
   311   29.545000             128000  4.1475839725268759E-01
   312   29.640000             128000  4.1320878013407147E-01
   313   29.735000             128000  4.1156838172637611E-01
   314   29.830000             128000  4.0985930687811944E-01
   315   29.925000             128000  4.0810529838378795E-01
   316   30.020000             128000  4.0633065634025306E-01
   317   30.115000             128000  4.0455903790172687E-01
   318   30.210000             128000  4.0281201469192451E-01
   319   30.305000             128000  4.0110759560577047E-01
   320   30.400000             128000  3.9945894168850510E-01
   321   30.495000             128000  3.9787377247852090E-01
   322   30.590000             128000  3.9635487802759195E-01
   323   30.685000             128000  3.9490133164019781E-01
   324   30.780000             128000  3.9350939432989029E-01
   325   30.875000             128000  3.9217296573343619E-01
   326   30.970000             128000  3.9088446715842451E-01
   327   31.065000             128000  3.8963644949195841E-01
   328   31.160000             128000  3.8842318192959324E-01
   329   31.255000             128000  3.8724145903545520E-01
   330   31.350000             128000  3.8609034037448386E-01
   331   31.445000             128000  3.8497020880207683E-01
   332   31.540000             128000  3.8388211523976751E-01
   333   31.635000             128000  3.8282788101584309E-01
   334   31.730000             128000  3.8181035428713311E-01
   335   31.825000             128000  3.8083361400393856E-01
   336   31.920000             128000  3.7990396317471836E-01
   337   32.015000             128000  3.7903164164825320E-01
   338   32.110000             128000  3.7823174005807741E-01
   339   32.205000             128000  3.7752344396097559E-01
   340   32.300000             128000  3.7692851956161760E-01
   341   32.395000             128000  3.7647000817508558E-01
   342   32.490000             128000  3.7617044056015264E-01
   343   32.585000             128000  3.7604891501469817E-01
   344   32.680000             128000  3.7611834097443964E-01
   345   32.775000             128000  3.7638469464736479E-01
   346   32.870000             128000  3.7684818947894938E-01
   347   32.965000             128000  3.7750535418535935E-01
   348   33.060000             128000  3.7835234525147737E-01
   349   33.155000             128000  3.7938891167219885E-01
   350   33.250000             128000  3.8062009324025403E-01
   351   33.345000             128000  3.8205418307147643E-01
   352   33.440000             128000  3.8369865786427643E-01
   353   33.535000             128000  3.8555620145332881E-01
   354   33.630000             128000  3.8762262100656292E-01
   355   33.725000             128000  3.8988849140656751E-01
   356   33.820000             128000  3.9234443935570495E-01
   357   33.915000             128000  3.9498632395041311E-01
   358   34.010000             128000  3.9781700908915180E-01
   359   34.105000             128000  4.0084460052692472E-01
   360   34.200000             128000  4.0407713839603898E-01
   361   34.295000             128000  4.0751517967658596E-01
   362   34.390000             128000  4.1114642592306627E-01
   363   34.485000             128000  4.1494502131305927E-01
   364   34.580000             128000  4.1887552069352724E-01
   365   34.675000             128000  4.2289787424183406E-01
   366   34.770000             128000  4.2696880627622813E-01
   367   34.865000             128000  4.3104062077807787E-01
   368   34.960000             128000  4.3506014786950137E-01
   369   35.055000             128000  4.3896945516187480E-01
   370   35.150000             128000  4.4270872980728754E-01
   371   35.245000             128000  4.4622004088760991E-01
   372   35.340000             128000  4.4945094677183794E-01
   373   35.435000             128000  4.5235602386370255E-01
   374   35.530000             128000  4.5489666125816863E-01
   375   35.625000             128000  4.5704200793663835E-01
   376   35.720000             128000  4.5876969023064518E-01
   377   35.815000             128000  4.6006413155617143E-01
   378   35.910000             128000  4.6091530611474762E-01
   379   36.005000             128000  4.6131831881709601E-01
   380   36.100000             128000  4.6127162812963279E-01
   381   36.195000             128000  4.6077636806523015E-01
   382   36.290000             128000  4.5983912593855963E-01
   383   36.385000             128000  4.5847569544527678E-01
   384   36.480000             128000  4.5671158450842231E-01
   385   36.575000             128000  4.5457797065236161E-01
   386   36.670000             128000  4.5210592896501722E-01
   387   36.765000             128000  4.4932277057867709E-01
   388   36.860000             128000  4.4625229631795948E-01
   389   36.955000             128000  4.4291933133170458E-01
   390   37.050000             128000  4.3935777014155464E-01
   391   37.145000             128000  4.3561831286576547E-01
   392   37.240000             128000  4.3177134258126154E-01
   393   37.335000             128000  4.2790262323960032E-01
   394   37.430000             128000  4.2410166874983035E-01
   395   37.525000             128000  4.2044697213200666E-01
   396   37.620000             128000  4.1699599678299787E-01
   397   37.715000             128000  4.1378450179533449E-01
   398   37.810000             128000  4.1083432908657203E-01
   399   37.905000             128000  4.0816685541460374E-01
   400   38.000000             128000  4.0581575806219738E-01
   401   38.095000             128000  4.0383168249407408E-01
   402   38.190000             128000  4.0227720466715111E-01
   403   38.285000             128000  4.0121438488174255E-01
   404   38.380000             128000  4.0068963591864393E-01
   405   38.475000             128000  4.0072151767065511E-01
   406   38.570000             128000  4.0129612734885078E-01
   407   38.665000             128000  4.0237341009532857E-01
   408   38.760000             128000  4.0389734244986281E-01
   409   38.855000             128000  4.0580633894395612E-01
   410   38.950000             128000  4.0804244999239653E-01
   411   39.045000             128000  4.1055138957991261E-01
   412   39.140000             128000  4.1327773986344024E-01
   413   39.235000             128000  4.1616127236163003E-01
   414   39.330000             128000  4.1913500567166229E-01
   415   39.425000             128000  4.2212566542590008E-01
   416   39.520000             128000  4.2505547402457577E-01
   417   39.615000             128000  4.2784399168650544E-01
   418   39.710000             128000  4.3041147497200738E-01
   419   39.805000             128000  4.3268519106338510E-01
   420   39.900000             128000  4.3460449063035622E-01
   421   39.995000             128000  4.3612209119591011E-01
   422   40.090000             128000  4.3720252620268174E-01
