! Kinetic energy for species "electrons-up"
  Iter        Time          Total Par.             Kin. Energy
     0   0.0000000             128000  4.9401859509420498E-01
     1  0.95000000E-01         128000  4.9401852930520940E-01
     2  0.19000000             128000  4.9401833313789745E-01
     3  0.28500000             128000  4.9401800993341771E-01
     4  0.38000000             128000  4.9401756475842395E-01
     5  0.47500000             128000  4.9401700419901112E-01
     6  0.57000000             128000  4.9401633636926556E-01
     7  0.66500000             128000  4.9401557101219240E-01
     8  0.76000000             128000  4.9401471940850228E-01
     9  0.85500000             128000  4.9401379402907319E-01
    10  0.95000000             128000  4.9401280828721506E-01
    11   1.0450000             128000  4.9401177654231010E-01
    12   1.1400000             128000  4.9401071393721552E-01
    13   1.2350000             128000  4.9400963587705171E-01
    14   1.3300000             128000  4.9400855765354090E-01
    15   1.4250000             128000  4.9400749447871484E-01
    16   1.5200000             128000  4.9400646145779370E-01
    17   1.6150000             128000  4.9400547328177891E-01
    18   1.7100000             128000  4.9400454404295330E-01
    19   1.8050000             128000  4.9400368720544491E-01
    20   1.9000000             128000  4.9400291526739715E-01
    21   1.9950000             128000  4.9400223922349917E-01
    22   2.0900000             128000  4.9400166844243587E-01
    23   2.1850000             128000  4.9400121091216259E-01
    24   2.2800000             128000  4.9400087323080238E-01
    25   2.3750000             128000  4.9400066029410283E-01
    26   2.4700000             128000  4.9400057513303930E-01
    27   2.5650000             128000  4.9400061891410574E-01
    28   2.6600000             128000  4.9400079089439269E-01
    29   2.7550000             128000  4.9400108850775148E-01
    30   2.8500000             128000  4.9400150751550120E-01
    31   2.9450000             128000  4.9400204174757656E-01
    32   3.0400000             128000  4.9400268285245419E-01
    33   3.1350000             128000  4.9400342099243211E-01
    34   3.2300000             128000  4.9400424579063484E-01
    35   3.3250000             128000  4.9400514604828061E-01
    36   3.4200000             128000  4.9400610885751683E-01
    37   3.5150000             128000  4.9400711985923551E-01
    38   3.6100000             128000  4.9400816434510531E-01
    39   3.7050000             128000  4.9400922762100546E-01
    40   3.8000000             128000  4.9401029456138934E-01
    41   3.8950000             128000  4.9401134940768521E-01
    42   3.9900000             128000  4.9401237611610749E-01
    43   4.0850000             128000  4.9401335894062315E-01
    44   4.1800000             128000  4.9401428306463485E-01
    45   4.2750000             128000  4.9401513493331678E-01
    46   4.3700000             128000  4.9401590195645406E-01
    47   4.4650000             128000  4.9401657220008577E-01
    48   4.5600000             128000  4.9401713493112842E-01
    49   4.6550000             128000  4.9401758139587004E-01
    50   4.7500000             128000  4.9401790471416762E-01
    51   4.8450000             128000  4.9401809960443493E-01
    52   4.9400000             128000  4.9401816315121938E-01
    53   5.0350000             128000  4.9401809554281739E-01
    54   5.1300000             128000  4.9401789913744232E-01
    55   5.2250000             128000  4.9401757687469405E-01
    56   5.3200000             128000  4.9401713206882208E-01
    57   5.4150000             128000  4.9401656932305438E-01
    58   5.5100000             128000  4.9401589510564098E-01
    59   5.6050000             128000  4.9401511792467456E-01
    60   5.7000000             128000  4.9401424849593190E-01
    61   5.7950000             128000  4.9401329925152176E-01
    62   5.8900000             128000  4.9401228308669731E-01
    63   5.9850000             128000  4.9401121272503312E-01
    64   6.0800000             128000  4.9401010127799605E-01
    65   6.1750000             128000  4.9400896295426533E-01
    66   6.2700000             128000  4.9400781335690558E-01
    67   6.3650000             128000  4.9400666937310822E-01
    68   6.4600000             128000  4.9400554779828698E-01
    69   6.5550000             128000  4.9400446275837218E-01
    70   6.6500000             128000  4.9400342466528474E-01
    71   6.7450000             128000  4.9400244261834614E-01
    72   6.8400000             128000  4.9400152766899830E-01
    73   6.9350000             128000  4.9400069302236238E-01
    74   7.0300000             128000  4.9399995136591768E-01
    75   7.1250000             128000  4.9399931262962504E-01
    76   7.2200000             128000  4.9399878353504001E-01
    77   7.3150000             128000  4.9399836777740058E-01
    78   7.4100000             128000  4.9399806626336196E-01
    79   7.5050000             128000  4.9399787763641645E-01
    80   7.6000000             128000  4.9399779865537735E-01
    81   7.6950000             128000  4.9399782423759725E-01
    82   7.7900000             128000  4.9399794784334949E-01
    83   7.8850000             128000  4.9399816209341207E-01
    84   7.9800000             128000  4.9399845873831671E-01
    85   8.0750000             128000  4.9399882823042307E-01
    86   8.1700000             128000  4.9399925981673398E-01
    87   8.2650000             128000  4.9399974179443951E-01
    88   8.3600000             128000  4.9400026097771049E-01
    89   8.4550000             128000  4.9400080193552054E-01
    90   8.5500000             128000  4.9400134735116757E-01
    91   8.6450000             128000  4.9400187894357350E-01
    92   8.7400000             128000  4.9400237704998617E-01
    93   8.8350000             128000  4.9400281931048834E-01
    94   8.9300000             128000  4.9400318113497604E-01
    95   9.0250000             128000  4.9400343830049431E-01
    96   9.1200000             128000  4.9400356889301988E-01
    97   9.2150000             128000  4.9400355319822675E-01
    98   9.3100000             128000  4.9400337311867448E-01
    99   9.4050000             128000  4.9400301235179750E-01
   100   9.5000000             128000  4.9400245680642407E-01
   101   9.5950000             128000  4.9400169490103152E-01
   102   9.6900000             128000  4.9400071786495181E-01
   103   9.7850000             128000  4.9399951922545249E-01
   104   9.8800000             128000  4.9399809256082805E-01
   105   9.9750000             128000  4.9399642849848996E-01
   106   10.070000             128000  4.9399451306722347E-01
   107   10.165000             128000  4.9399232856686015E-01
   108   10.260000             128000  4.9398985685953367E-01
   109   10.355000             128000  4.9398708347128961E-01
   110   10.450000             128000  4.9398399910792345E-01
   111   10.545000             128000  4.9398059667514627E-01
   112   10.640000             128000  4.9397686709723343E-01
   113   10.735000             128000  4.9397279906438563E-01
   114   10.830000             128000  4.9396838251161934E-01
   115   10.925000             128000  4.9396361054892207E-01
   116   11.020000             128000  4.9395847700557144E-01
   117   11.115000             128000  4.9395297239626546E-01
   118   11.210000             128000  4.9394708198024850E-01
   119   11.305000             128000  4.9394078607704439E-01
   120   11.400000             128000  4.9393406067398937E-01
   121   11.495000             128000  4.9392687774743693E-01
   122   11.590000             128000  4.9391920684229634E-01
   123   11.685000             128000  4.9391101825713679E-01
   124   11.780000             128000  4.9390228387282270E-01
   125   11.875000             128000  4.9389297134076815E-01
   126   11.970000             128000  4.9388303461832778E-01
   127   12.065000             128000  4.9387240948274747E-01
   128   12.160000             128000  4.9386101780311326E-01
   129   12.255000             128000  4.9384877579620529E-01
   130   12.350000             128000  4.9383560014272987E-01
   131   12.445000             128000  4.9382140955667098E-01
   132   12.540000             128000  4.9380612096681997E-01
   133   12.635000             128000  4.9378964070470888E-01
   134   12.730000             128000  4.9377185548946978E-01
   135   12.825000             128000  4.9375263037490097E-01
   136   12.920000             128000  4.9373181627324603E-01
   137   13.015000             128000  4.9370926245209573E-01
   138   13.110000             128000  4.9368482491471799E-01
   139   13.205000             128000  4.9365836140198283E-01
   140   13.300000             128000  4.9362971067134803E-01
   141   13.395000             128000  4.9359866706687139E-01
   142   13.490000             128000  4.9356496936175320E-01
   143   13.585000             128000  4.9352831409265902E-01
   144   13.680000             128000  4.9348838474876899E-01
   145   13.775000             128000  4.9344487677152277E-01
   146   13.870000             128000  4.9339750295362489E-01
   147   13.965000             128000  4.9334597923784274E-01
   148   14.060000             128000  4.9329000462473271E-01
   149   14.155000             128000  4.9322924939036128E-01
   150   14.250000             128000  4.9316335352448143E-01
   151   14.345000             128000  4.9309192652131462E-01
   152   14.440000             128000  4.9301454108567749E-01
   153   14.535000             128000  4.9293072244499625E-01
   154   14.630000             128000  4.9283994280423715E-01
   155   14.725000             128000  4.9274163085368039E-01
   156   14.820000             128000  4.9263519386975441E-01
   157   14.915000             128000  4.9252003283185269E-01
   158   15.010000             128000  4.9239553402536568E-01
   159   15.105000             128000  4.9226104844148855E-01
   160   15.200000             128000  4.9211588391383498E-01
   161   15.295000             128000  4.9195930943997235E-01
   162   15.390000             128000  4.9179054729261434E-01
   163   15.485000             128000  4.9160874988586978E-01
   164   15.580000             128000  4.9141299262832649E-01
   165   15.675000             128000  4.9120230326296083E-01
   166   15.770000             128000  4.9097570851065814E-01
   167   15.865000             128000  4.9073226430968298E-01
   168   15.960000             128000  4.9047105265247870E-01
   169   16.055000             128000  4.9019115344566394E-01
   170   16.150000             128000  4.8989161757606825E-01
   171   16.245000             128000  4.8957145794903179E-01
   172   16.340000             128000  4.8922964517720874E-01
   173   16.435000             128000  4.8886509639746090E-01
   174   16.530000             128000  4.8847668674769418E-01
   175   16.625000             128000  4.8806330467305681E-01
   176   16.720000             128000  4.8762390535669009E-01
   177   16.815000             128000  4.8715750675124553E-01
   178   16.910000             128000  4.8666315049291764E-01
   179   17.005000             128000  4.8613990426186054E-01
   180   17.100000             128000  4.8558692774378603E-01
   181   17.195000             128000  4.8500353634740678E-01
   182   17.290000             128000  4.8438918235473727E-01
   183   17.385000             128000  4.8374335438498856E-01
   184   17.480000             128000  4.8306549935286197E-01
   185   17.575000             128000  4.8235506004263445E-01
   186   17.670000             128000  4.8161156969422653E-01
   187   17.765000             128000  4.8083465298181755E-01
   188   17.860000             128000  4.8002392274389954E-01
   189   17.955000             128000  4.7917893088495445E-01
   190   18.050000             128000  4.7829925499079512E-01
   191   18.145000             128000  4.7738461624131090E-01
   192   18.240000             128000  4.7643493437309758E-01
   193   18.335000             128000  4.7545033078304944E-01
   194   18.430000             128000  4.7443108535738876E-01
   195   18.525000             128000  4.7337756579837909E-01
   196   18.620000             128000  4.7229019911922110E-01
   197   18.715000             128000  4.7116951234297738E-01
   198   18.810000             128000  4.7001618008095114E-01
   199   18.905000             128000  4.6883104994629865E-01
   200   19.000000             128000  4.6761516788195412E-01
   201   19.095000             128000  4.6636987131428492E-01
   202   19.190000             128000  4.6509700934152709E-01
   203   19.285000             128000  4.6379922589519068E-01
   204   19.380000             128000  4.6248018136676655E-01
   205   19.475000             128000  4.6114468512078405E-01
   206   19.570000             128000  4.5979878725181428E-01
   207   19.665000             128000  4.5844986377939922E-01
   208   19.760000             128000  4.5710666061897598E-01
   209   19.855000             128000  4.5577925821840060E-01
   210   19.950000             128000  4.5447890887579390E-01
   211   20.045000             128000  4.5321767758372811E-01
   212   20.140000             128000  4.5200784167894281E-01
   213   20.235000             128000  4.5086111020689446E-01
   214   20.330000             128000  4.4978776456193648E-01
   215   20.425000             128000  4.4879590748714138E-01
   216   20.520000             128000  4.4789090645175222E-01
   217   20.615000             128000  4.4707498807582063E-01
   218   20.710000             128000  4.4634707470403867E-01
   219   20.805000             128000  4.4570298310847822E-01
   220   20.900000             128000  4.4513596547626133E-01
   221   20.995000             128000  4.4463740274281616E-01
   222   21.090000             128000  4.4419753993564409E-01
   223   21.185000             128000  4.4380616843035448E-01
   224   21.280000             128000  4.4345327460168960E-01
   225   21.375000             128000  4.4312963050651194E-01
   226   21.470000             128000  4.4282703629317571E-01
   227   21.565000             128000  4.4253816288384273E-01
   228   21.660000             128000  4.4225631901672752E-01
   229   21.755000             128000  4.4197553806659839E-01
   230   21.850000             128000  4.4169106815103554E-01
   231   21.945000             128000  4.4139957253776885E-01
   232   22.040000             128000  4.4109812856009900E-01
   233   22.135000             128000  4.4078235509503483E-01
   234   22.230000             128000  4.4044508178543673E-01
   235   22.325000             128000  4.4007618718299069E-01
   236   22.420000             128000  4.3966266122842451E-01
   237   22.515000             128000  4.3918843724517659E-01
   238   22.610000             128000  4.3863481046950153E-01
   239   22.705000             128000  4.3798151020145448E-01
   240   22.800000             128000  4.3720774348511621E-01
   241   22.895000             128000  4.3629354729037784E-01
   242   22.990000             128000  4.3522204424983191E-01
   243   23.085000             128000  4.3398222669266645E-01
   244   23.180000             128000  4.3257171042651421E-01
   245   23.275000             128000  4.3099855940138676E-01
   246   23.370000             128000  4.2928138480880068E-01
   247   23.465000             128000  4.2744796952744829E-01
   248   23.560000             128000  4.2553335144318810E-01
   249   23.655000             128000  4.2357794211446359E-01
   250   23.750000             128000  4.2162533873808961E-01
   251   23.845000             128000  4.1971981544952841E-01
   252   23.940000             128000  4.1790420802586414E-01
   253   24.035000             128000  4.1621820625449724E-01
   254   24.130000             128000  4.1469649601556668E-01
   255   24.225000             128000  4.1336720198147048E-01
   256   24.320000             128000  4.1225154428942906E-01
   257   24.415000             128000  4.1136441618753955E-01
   258   24.510000             128000  4.1071489022241736E-01
   259   24.605000             128000  4.1030647435032669E-01
   260   24.700000             128000  4.1013774943986780E-01
   261   24.795000             128000  4.1020357059866630E-01
   262   24.890000             128000  4.1049636263532996E-01
   263   24.985000             128000  4.1100739418905807E-01
   264   25.080000             128000  4.1172782646209416E-01
   265   25.175000             128000  4.1264897965542385E-01
   266   25.270000             128000  4.1376168535760849E-01
   267   25.365000             128000  4.1505522258948707E-01
   268   25.460000             128000  4.1651662484818214E-01
   269   25.555000             128000  4.1813069733362984E-01
   270   25.650000             128000  4.1988032911707107E-01
   271   25.745000             128000  4.2174657966009932E-01
   272   25.840000             128000  4.2370873358376038E-01
   273   25.935000             128000  4.2574473623477799E-01
   274   26.030000             128000  4.2783197640054321E-01
   275   26.125000             128000  4.2994828511200056E-01
   276   26.220000             128000  4.3207299364440804E-01
   277   26.315000             128000  4.3418757153747106E-01
   278   26.410000             128000  4.3627546444034859E-01
   279   26.505000             128000  4.3832135067646272E-01
   280   26.600000             128000  4.4031048980187193E-01
   281   26.695000             128000  4.4222881899635103E-01
   282   26.790000             128000  4.4406372107685899E-01
   283   26.885000             128000  4.4580448601937916E-01
   284   26.980000             128000  4.4744175975315781E-01
   285   27.075000             128000  4.4896685688686566E-01
   286   27.170000             128000  4.5037210967956487E-01
   287   27.265000             128000  4.5165166313420646E-01
   288   27.360000             128000  4.5280134488755353E-01
   289   27.455000             128000  4.5381782667569870E-01
   290   27.550000             128000  4.5469869277798769E-01
   291   27.645000             128000  4.5544401026103476E-01
   292   27.740000             128000  4.5605794229359842E-01
   293   27.835000             128000  4.5654878299794988E-01
   294   27.930000             128000  4.5692802200559401E-01
   295   28.025000             128000  4.5721013395030530E-01
   296   28.120000             128000  4.5741309850811035E-01
   297   28.215000             128000  4.5755826941153693E-01
   298   28.310000             128000  4.5766911918739916E-01
   299   28.405000             128000  4.5776951041605124E-01
   300   28.500000             128000  4.5788208827827226E-01
   301   28.595000             128000  4.5802714468633621E-01
   302   28.690000             128000  4.5822215683806883E-01
   303   28.785000             128000  4.5848165716923928E-01
   304   28.880000             128000  4.5881683920217714E-01
   305   28.975000             128000  4.5923505405952536E-01
   306   29.070000             128000  4.5973956052810827E-01
   307   29.165000             128000  4.6032907069659768E-01
   308   29.260000             128000  4.6099659856523639E-01
   309   29.355000             128000  4.6172805708490744E-01
   310   29.450000             128000  4.6250136485347682E-01
   311   29.545000             128000  4.6328633983660972E-01
   312   29.640000             128000  4.6404549278047602E-01
   313   29.735000             128000  4.6473609900926327E-01
   314   29.830000             128000  4.6531377008475372E-01
   315   29.925000             128000  4.6573701137275803E-01
   316   30.020000             128000  4.6597172518135088E-01
   317   30.115000             128000  4.6599455932009604E-01
   318   30.210000             128000  4.6579433316092744E-01
   319   30.305000             128000  4.6537140915976288E-01
   320   30.400000             128000  4.6473513638679359E-01
   321   30.495000             128000  4.6390055504582384E-01
   322   30.590000             128000  4.6288723493628103E-01
   323   30.685000             128000  4.6172122856200243E-01
   324   30.780000             128000  4.6043742162415946E-01
   325   30.875000             128000  4.5907995378491223E-01
   326   30.970000             128000  4.5770093520730015E-01
   327   31.065000             128000  4.5635814436043215E-01
   328   31.160000             128000  4.5511146945282233E-01
   329   31.255000             128000  4.5401653420931698E-01
   330   31.350000             128000  4.5311620323076324E-01
   331   31.445000             128000  4.5243469850166579E-01
   332   31.540000             128000  4.5197699309280975E-01
   333   31.635000             128000  4.5173240052780567E-01
   334   31.730000             128000  4.5168066218974584E-01
   335   31.825000             128000  4.5179772802585239E-01
   336   31.920000             128000  4.5205807758070649E-01
   337   32.015000             128000  4.5243407381492085E-01
   338   32.110000             128000  4.5289507127160644E-01
   339   32.205000             128000  4.5340702918912812E-01
   340   32.300000             128000  4.5393265744474648E-01
   341   32.395000             128000  4.5443274059208694E-01
   342   32.490000             128000  4.5486739328884046E-01
   343   32.585000             128000  4.5519602743032556E-01
   344   32.680000             128000  4.5537778965655629E-01
   345   32.775000             128000  4.5537311588208612E-01
   346   32.870000             128000  4.5514518980214197E-01
   347   32.965000             128000  4.5466084935899109E-01
   348   33.060000             128000  4.5389045771187947E-01
   349   33.155000             128000  4.5280719116358437E-01
   350   33.250000             128000  4.5138736083893410E-01
   351   33.345000             128000  4.4961216375438556E-01
   352   33.440000             128000  4.4746963738576384E-01
   353   33.535000             128000  4.4495688897511643E-01
   354   33.630000             128000  4.4208290238428494E-01
   355   33.725000             128000  4.3886915336407090E-01
   356   33.820000             128000  4.3534690411413529E-01
   357   33.915000             128000  4.3155376204507045E-01
   358   34.010000             128000  4.2753015536488598E-01
   359   34.105000             128000  4.2331697131443968E-01
   360   34.200000             128000  4.1895610022920893E-01
   361   34.295000             128000  4.1449178448216828E-01
   362   34.390000             128000  4.0997146718720145E-01
   363   34.485000             128000  4.0544650347659150E-01
   364   34.580000             128000  4.0097182607631088E-01
   365   34.675000             128000  3.9660261738408648E-01
   366   34.770000             128000  3.9238945489635624E-01
   367   34.865000             128000  3.8837632159822755E-01
   368   34.960000             128000  3.8460178502354592E-01
   369   35.055000             128000  3.8110049885224911E-01
   370   35.150000             128000  3.7790286996595363E-01
   371   35.245000             128000  3.7503331502799392E-01
   372   35.340000             128000  3.7251069486165717E-01
   373   35.435000             128000  3.7035114275953596E-01
   374   35.530000             128000  3.6856984029657597E-01
   375   35.625000             128000  3.6718130983382180E-01
   376   35.720000             128000  3.6619872919310775E-01
   377   35.815000             128000  3.6563196785712038E-01
   378   35.910000             128000  3.6548589782242641E-01
   379   36.005000             128000  3.6576063283219118E-01
   380   36.100000             128000  3.6645291255446311E-01
   381   36.195000             128000  3.6755672176449555E-01
   382   36.290000             128000  3.6906270176105116E-01
   383   36.385000             128000  3.7095740710412317E-01
   384   36.480000             128000  3.7322300170117828E-01
   385   36.575000             128000  3.7583694497683179E-01
   386   36.670000             128000  3.7877134266517887E-01
   387   36.765000             128000  3.8199251833138420E-01
   388   36.860000             128000  3.8546139551503866E-01
   389   36.955000             128000  3.8913389188024478E-01
   390   37.050000             128000  3.9296061737851645E-01
   391   37.145000             128000  3.9688697465974643E-01
   392   37.240000             128000  4.0085531469130992E-01
   393   37.335000             128000  4.0480961782813751E-01
   394   37.430000             128000  4.0870102082071125E-01
   395   37.525000             128000  4.1249200235237060E-01
   396   37.620000             128000  4.1615757197250625E-01
   397   37.715000             128000  4.1968207842917610E-01
   398   37.810000             128000  4.2305239709540576E-01
   399   37.905000             128000  4.2625122782995661E-01
   400   38.000000             128000  4.2925342666569966E-01
   401   38.095000             128000  4.3202585502736668E-01
   402   38.190000             128000  4.3453047483091278E-01
   403   38.285000             128000  4.3672908881529132E-01
   404   38.380000             128000  4.3858776727403892E-01
   405   38.475000             128000  4.4008012172606559E-01
   406   38.570000             128000  4.4118836469520289E-01
   407   38.665000             128000  4.4190098085869806E-01
   408   38.760000             128000  4.4220861790375571E-01
   409   38.855000             128000  4.4210196994157419E-01
   410   38.950000             128000  4.4157306290681830E-01
   411   39.045000             128000  4.4061894219871522E-01
   412   39.140000             128000  4.3924700845990206E-01
   413   39.235000             128000  4.3748005293987624E-01
   414   39.330000             128000  4.3535800596445939E-01
   415   39.425000             128000  4.3293682181720095E-01
   416   39.520000             128000  4.3028738480525791E-01
   417   39.615000             128000  4.2749453781328350E-01
   418   39.710000             128000  4.2465525923053704E-01
   419   39.805000             128000  4.2187649139541500E-01
   420   39.900000             128000  4.1927017906255670E-01
   421   39.995000             128000  4.1694400706429086E-01
   422   40.090000             128000  4.1499301599236516E-01
