! EM field energy per field component
  Iter        Time                          B1                      B2                      B3                      E1                      E2                      E3
     0   0.0000000      0.0000000000000000E+00  0.0000000000000000E+00  0.0000000000000000E+00  0.0000000000000000E+00  0.0000000000000000E+00  0.0000000000000000E+00
     1  0.95000000E-01  0.0000000000000000E+00  5.2015388609392304E-10  5.4551976134339059E-10  4.7245837288433733E-09  6.4580226850988736E-09  7.1371463612440795E-09
     2  0.19000000      0.0000000000000000E+00  5.9238329770388893E-09  6.4180468623227247E-09  1.8681842533644207E-08  1.9730614168678163E-08  2.1200077969693429E-08
     3  0.28500000      0.0000000000000000E+00  1.8387510436608114E-08  2.0955724453414560E-08  4.1184207123808890E-08  3.2563987958826082E-08  3.3732808417394212E-08
     4  0.38000000      0.0000000000000000E+00  3.3178536592710901E-08  4.0490489181119514E-08  7.1094999136787111E-08  4.4645070319859708E-08  4.4276006212848118E-08
     5  0.47500000      0.0000000000000000E+00  4.5763366859491361E-08  6.1907571172144074E-08  1.0689265835373665E-07  5.5949110629285303E-08  5.4139435513779827E-08
     6  0.57000000      0.0000000000000000E+00  5.6066188130166763E-08  8.7195733872665825E-08  1.4675663253996766E-07  6.3518391558131372E-08  6.2273383768657787E-08
     7  0.66500000      0.0000000000000000E+00  6.6793868315517080E-08  1.1956797455044713E-07  1.8866973365650505E-07  6.4877505252025639E-08  6.6029949232067880E-08
     8  0.76000000      0.0000000000000000E+00  7.8910559355807836E-08  1.5734821148076660E-07  2.3053083176805651E-07  6.2270750461430590E-08  6.5395644349597819E-08
     9  0.85500000      0.0000000000000000E+00  9.1660587069331923E-08  1.9439962190982815E-07  2.7027173752791789E-07  6.0188318641327130E-08  6.2212560705141834E-08
    10  0.95000000      0.0000000000000000E+00  1.0547271398784299E-07  2.2514419071645231E-07  3.0597149754463574E-07  6.0344635127309331E-08  5.6253285189005776E-08
    11   1.0450000      0.0000000000000000E+00  1.2060509691900186E-07  2.4692435894770379E-07  3.3596129822523521E-07  6.1976896816062213E-08  4.6792760986698043E-08
    12   1.1400000      0.0000000000000000E+00  1.3412465754633198E-07  2.6066782901413987E-07  3.5891414348595299E-07  6.3923870449322764E-08  3.6346732652657635E-08
    13   1.2350000      0.0000000000000000E+00  1.4146943057491298E-07  2.7150893175893947E-07  3.7391402455406371E-07  6.4739905741153705E-08  2.9625298642474379E-08
    14   1.3300000      0.0000000000000000E+00  1.4216600576896713E-07  2.8637317985181131E-07  3.8050097085398055E-07  6.4545123172650060E-08  2.7238216014111911E-08
    15   1.4250000      0.0000000000000000E+00  1.3962905644784112E-07  3.1179850405504205E-07  3.7868926208101672E-07  6.4145823473994943E-08  2.6108228648147379E-08
    16   1.5200000      0.0000000000000000E+00  1.3598704774525437E-07  3.5223475637717749E-07  3.6895841566668794E-07  6.2557490450513412E-08  2.5175203487663547E-08
    17   1.6150000      0.0000000000000000E+00  1.3081116158404753E-07  4.0698493514088912E-07  3.5221786584562793E-07  5.8765891619785978E-08  2.5863694522264052E-08
    18   1.7100000      0.0000000000000000E+00  1.2339433692444821E-07  4.7102809233244398E-07  3.2974725785057794E-07  5.3177156212586248E-08  2.9130027062739127E-08
    19   1.8050000      0.0000000000000000E+00  1.1482687356995987E-07  5.3951649121091775E-07  3.0311655716957148E-07  4.7802791312626981E-08  3.2845722565970719E-08
    20   1.9000000      0.0000000000000000E+00  1.0508707003211669E-07  6.1204296943454425E-07  2.7408992516467584E-07  4.4470392742265222E-08  3.5881111692343722E-08
    21   1.9950000      0.0000000000000000E+00  9.2019097476520360E-08  6.9259320878834974E-07  2.4451991295543598E-07  4.2284866152589890E-08  4.0183017770250852E-08
    22   2.0900000      0.0000000000000000E+00  7.5947216850321554E-08  7.8325174077590689E-07  2.1623822401863239E-07  4.0160658472941880E-08  4.5634694495611789E-08
    23   2.1850000      0.0000000000000000E+00  6.0515558261172930E-08  8.8064456705613380E-07  1.9094921236352994E-07  3.9672073355594608E-08  4.9522825042265793E-08
    24   2.2800000      0.0000000000000000E+00  4.9122733149989061E-08  9.8121555834979509E-07  1.7013287831237023E-07  4.2344056904083200E-08  5.0033343683204793E-08
    25   2.3750000      0.0000000000000000E+00  4.0842613946432564E-08  1.0865792558240141E-06  1.5496238240065550E-07  4.7344833356845221E-08  5.0178646603693830E-08
    26   2.4700000      0.0000000000000000E+00  3.3469989651066886E-08  1.2018110055843982E-06  1.4624123466528963E-07  5.2434465003807622E-08  5.3550645356617107E-08
    27   2.5650000      0.0000000000000000E+00  2.9815112128997938E-08  1.3295335072164648E-06  1.4436312684841548E-07  5.6110315894360895E-08  5.6034069802744410E-08
    28   2.6600000      0.0000000000000000E+00  3.2579521082121857E-08  1.4673612628633083E-06  1.4929660002618954E-07  5.8533785400899345E-08  5.2738902606358066E-08
    29   2.7550000      0.0000000000000000E+00  3.8750105981781109E-08  1.6122737480362287E-06  1.6059487575025717E-07  6.1066373054329106E-08  4.5587430556168736E-08
    30   2.8500000      0.0000000000000000E+00  4.3889772789526237E-08  1.7684621809137583E-06  1.7743092176488782E-07  6.4205232535104455E-08  3.8851929818954642E-08
    31   2.9450000      0.0000000000000000E+00  4.7532878287984115E-08  1.9486993503653160E-06  1.9865423267247901E-07  6.8080240460106876E-08  3.3177975773359527E-08
    32   3.0400000      0.0000000000000000E+00  5.1947257357625888E-08  2.1669765628057469E-06  2.2286578495110975E-07  7.4452801172340120E-08  2.6716473563827555E-08
    33   3.1350000      0.0000000000000000E+00  5.6911934114648774E-08  2.4309511534330738E-06  2.4850697990405832E-07  8.3473879784097216E-08  2.0893157290602685E-08
    34   3.2300000      0.0000000000000000E+00  6.0020096256259093E-08  2.7372680576811815E-06  2.7395649865005507E-07  9.1348860490744924E-08  1.9607443682428152E-08
    35   3.3250000      0.0000000000000000E+00  6.1434329554040792E-08  3.0717318988667794E-06  2.9762907432859031E-07  9.3960433620731960E-08  2.2956186217466167E-08
    36   3.4200000      0.0000000000000000E+00  6.3072679277100236E-08  3.4173604521616416E-06  3.1807086585760858E-07  9.0889336371835740E-08  2.8035100305060668E-08
    37   3.5150000      0.0000000000000000E+00  6.4367246553019039E-08  3.7656272973330100E-06  3.3404561750109356E-07  8.5235728405292893E-08  3.4139469382606516E-08
    38   3.6100000      0.0000000000000000E+00  6.2812641108834326E-08  4.1216322153779623E-06  3.4460654443323260E-07  7.9749435493188081E-08  4.2979209534815684E-08
    39   3.7050000      0.0000000000000000E+00  5.9307064416838582E-08  4.4976374224936164E-06  3.4914916120302697E-07  7.6733171948342033E-08  5.2977140558150756E-08
    40   3.8000000      0.0000000000000000E+00  5.7979327951376277E-08  4.9047710926372523E-06  3.4744234982309986E-07  7.9848288407724987E-08  5.9525175708005801E-08
    41   3.8950000      0.0000000000000000E+00  6.0318752857064345E-08  5.3541989581343938E-06  3.3963655320284822E-07  9.1264682419302248E-08  6.1441410791660517E-08
    42   3.9900000      0.0000000000000000E+00  6.4166764436246359E-08  5.8605453146000550E-06  3.2624882888757198E-07  1.1059980938046495E-07  6.1441806370340671E-08
    43   4.0850000      0.0000000000000000E+00  6.8595809953114622E-08  6.4399203292863508E-06  3.0812613145998049E-07  1.3827454850621843E-07  6.0441726014217559E-08
    44   4.1800000      0.0000000000000000E+00  7.6497070713414839E-08  7.1086841509309795E-06  2.8638917995310741E-07  1.7330354098526573E-07  5.4519247732780838E-08
    45   4.2750000      0.0000000000000000E+00  8.8318969130165411E-08  7.8817067898808586E-06  2.6236081826036298E-07  2.1127264684927235E-07  4.2425550956482787E-08
    46   4.3700000      0.0000000000000000E+00  9.8154919746714036E-08  8.7675978555846383E-06  2.3748343908550863E-07  2.4924340690398685E-07  3.0672034664981859E-08
    47   4.4650000      0.0000000000000000E+00  1.0189907072745756E-07  9.7691602090660834E-06  2.1323044632564220E-07  2.8632527004943839E-07  2.3943538504396074E-08
    48   4.5600000      0.0000000000000000E+00  1.0157835332229342E-07  1.0888063375827328E-05  1.9101706655124607E-07  3.2149641111862455E-07  2.0860010598982786E-08
    49   4.6550000      0.0000000000000000E+00  1.0092359915573549E-07  1.2129525992385778E-05  1.7211565629519281E-07  3.5392797303671088E-07  1.9496611447072590E-08
    50   4.7500000      0.0000000000000000E+00  1.0164660722485192E-07  1.3505759508369183E-05  1.5758110572434957E-07  3.8251489035053369E-07  2.0313132388970096E-08
    51   4.8450000      0.0000000000000000E+00  1.0320951694238003E-07  1.5030998550544885E-05  1.4819086786162100E-07  4.0624295061042549E-07  2.5042776371797091E-08
    52   4.9400000      0.0000000000000000E+00  1.0581456702594911E-07  1.6708187840666270E-05  1.4440340792612409E-07  4.2748907396585224E-07  3.1881156076672519E-08
    53   5.0350000      0.0000000000000000E+00  1.0886573246001922E-07  1.8526533662135514E-05  1.4633649466665253E-07  4.4889336365613265E-07  3.8041519372892563E-08
    54   5.1300000      0.0000000000000000E+00  1.0903442677256567E-07  2.0475626888105574E-05  1.5376660133923012E-07  4.6802503863459914E-07  4.4010845754397086E-08
    55   5.2250000      0.0000000000000000E+00  1.0414116654523728E-07  2.2558433654090705E-05  1.6614875933253819E-07  4.8404941273613382E-07  5.0428152840784281E-08
    56   5.3200000      0.0000000000000000E+00  9.5982876876026958E-08  2.4796779733098195E-05  1.8265555801783095E-07  5.0234293955089832E-07  5.5511442104290338E-08
    57   5.4150000      0.0000000000000000E+00  8.8506044785057955E-08  2.7228869768031460E-05  2.0223345276435211E-07  5.2945251529119329E-07  5.6326086260546612E-08
    58   5.5100000      0.0000000000000000E+00  8.2714060136467531E-08  2.9900883445069444E-05  2.2367148174660948E-07  5.6884305951456403E-07  5.3644893145076584E-08
    59   5.6050000      0.0000000000000000E+00  7.6394139696941810E-08  3.2862018505902646E-05  2.4567862947952427E-07  6.2260535075496471E-07  5.1541860242312887E-08
    60   5.7000000      0.0000000000000000E+00  6.9268941123312361E-08  3.6168752311114761E-05  2.6696409133496714E-07  6.9335171898858325E-07  5.0779778930185501E-08
    61   5.7950000      0.0000000000000000E+00  6.3121309266166415E-08  3.9890591326785117E-05  2.8631584273610402E-07  7.8238032577443599E-07  4.8949219537083538E-08
    62   5.8900000      0.0000000000000000E+00  5.8145831081240120E-08  4.4105360241521318E-05  3.0267342092083097E-07  8.8811870924515973E-07  4.5003011489052951E-08
    63   5.9850000      0.0000000000000000E+00  5.2362217982775181E-08  4.8885053932736482E-05  3.1519044226770706E-07  1.0050612770869570E-06  4.0620982400523491E-08
    64   6.0800000      0.0000000000000000E+00  4.5433054177351842E-08  5.4279318718796973E-05  3.2328234561277429E-07  1.1254567866642621E-06  3.6372721328685535E-08
    65   6.1750000      0.0000000000000000E+00  3.9490201867041983E-08  6.0305130050251620E-05  3.2665652602002062E-07  1.2425091024702667E-06  3.1093287343277117E-08
    66   6.2700000      0.0000000000000000E+00  3.5450363157091038E-08  6.6949291595151263E-05  3.2532394119511950E-07  1.3535058180541970E-06  2.5907706330723129E-08
    67   6.3650000      0.0000000000000000E+00  3.2093332332473840E-08  7.4189044860302529E-05  3.1959175459723735E-07  1.4616119827093308E-06  2.4150863072417983E-08
    68   6.4600000      0.0000000000000000E+00  2.9322267020530850E-08  8.2030955743531814E-05  3.1003842590231110E-07  1.5746679662608078E-06  2.6967447407092517E-08
    69   6.5550000      0.0000000000000000E+00  3.1483692936025551E-08  9.0552844393181173E-05  2.9747217050169546E-07  1.6977331906903344E-06  2.8835804254919305E-08
    70   6.6500000      0.0000000000000000E+00  4.0295497136252867E-08  9.9909084412488740E-05  2.8287565617778980E-07  1.8348899823633630E-06  2.5845401979587747E-08
    71   6.7450000      0.0000000000000000E+00  4.7277286173517325E-08  1.1028907114304324E-04  2.6734103998687043E-07  1.9977448346397349E-06  2.6416959012674023E-08
    72   6.8400000      0.0000000000000000E+00  4.6556692195205008E-08  1.2186828710252771E-04  2.5199954469591186E-07  2.1925787483858718E-06  3.6237492066636254E-08
    73   6.9350000      0.0000000000000000E+00  4.2539619588841354E-08  1.3477089023521737E-04  2.3795027829522024E-07  2.4145348785407005E-06  4.9890557252449820E-08
    74   7.0300000      0.0000000000000000E+00  4.1630575337769897E-08  1.4906453884415476E-04  2.2619172029524443E-07  2.6602978971329139E-06  6.0890347023616575E-08
    75   7.1250000      0.0000000000000000E+00  4.6724480988988710E-08  1.6480495718673466E-04  2.1756013913615311E-07  2.9340452814353440E-06  6.6568152763559332E-08
    76   7.2200000      0.0000000000000000E+00  5.7189605949885929E-08  1.8210142389736428E-04  2.1267941875797826E-07  3.2440914668774069E-06  6.7486004431854627E-08
    77   7.3150000      0.0000000000000000E+00  7.2099760391500025E-08  2.0115698618731952E-04  2.1192571871951645E-07  3.5969756741456317E-06  6.3357996159617962E-08
    78   7.4100000      0.0000000000000000E+00  9.0136167687761072E-08  2.2225388247164204E-04  2.1540884860404627E-07  3.9972513120197395E-06  5.3797279029954872E-08
    79   7.5050000      0.0000000000000000E+00  1.0754339626034941E-07  2.4569599398622789E-04  2.2297119973139633E-07  4.4502257431391083E-06  4.1755044840321157E-08
    80   7.6000000      0.0000000000000000E+00  1.2061247030884616E-07  2.7175388409095622E-04  2.3420280908929794E-07  4.9610150062190529E-06  3.1077803992385623E-08
    81   7.6950000      0.0000000000000000E+00  1.2917703263288370E-07  3.0065512594889328E-04  2.4847150049738467E-07  5.5338108371687718E-06  2.2515083418211463E-08
    82   7.7900000      0.0000000000000000E+00  1.3527627326994912E-07  3.3263018503816550E-04  2.6496655681942584E-07  6.1736094436163962E-06  1.4930752776676660E-08
    83   7.8850000      0.0000000000000000E+00  1.3853401468816457E-07  3.6797776273532159E-04  2.8275350786228439E-07  6.8852396182884487E-06  1.0413797792331862E-08
    84   7.9800000      0.0000000000000000E+00  1.3683380167828790E-07  4.0708902525711228E-04  3.0083639978740622E-07  7.6731417020051535E-06  1.2856780503474241E-08
    85   8.0750000      0.0000000000000000E+00  1.3063420142769350E-07  4.5041470094277930E-04  3.1822327552433232E-07  8.5429324111359978E-06  2.1882165849092349E-08
    86   8.1700000      0.0000000000000000E+00  1.2208825872785323E-07  4.9842465363529880E-04  3.3398997426935960E-07  9.4996608766203507E-06  3.3637771742914304E-08
    87   8.2650000      0.0000000000000000E+00  1.1183046250400629E-07  5.5161038718987544E-04  3.4733827951606254E-07  1.0547144619019655E-05  4.4762764175108656E-08
    88   8.3600000      0.0000000000000000E+00  9.8184780987478790E-08  6.1052713996302406E-04  3.5764672027073274E-07  1.1688111682591791E-05  5.4904876966784647E-08
    89   8.4550000      0.0000000000000000E+00  8.1448802522830319E-08  6.7582051642143669E-04  3.6450925297070554E-07  1.2924666120873557E-05  6.3155301836100153E-08
    90   8.5500000      0.0000000000000000E+00  6.5559037647150536E-08  7.4819675633649389E-04  3.6776026281520092E-07  1.4259954166072334E-05  6.6319575465882158E-08
    91   8.6450000      0.0000000000000000E+00  5.2984315118949457E-08  8.2836160844176443E-04  3.6748303656236974E-07  1.5697911812317045E-05  6.4229424365752667E-08
    92   8.7400000      0.0000000000000000E+00  4.3189221905922243E-08  9.1698730641675413E-04  3.6400306269140840E-07  1.7245597017572683E-05  5.9790324440489934E-08
    93   8.8350000      0.0000000000000000E+00  3.5584973565052515E-08  1.0147493060096845E-03  3.5786634595885892E-07  1.8921217821845363E-05  5.4879130731658755E-08
    94   8.9300000      0.0000000000000000E+00  3.2126488131692582E-08  1.1224284142957498E-03  3.4980465646244867E-07  2.0757932775411738E-05  4.7576613473031904E-08
    95   9.0250000      0.0000000000000000E+00  3.4093805616859567E-08  1.2410230176728273E-03  3.4069254006490630E-07  2.2799477735961118E-05  3.6232036419040032E-08
    96   9.1200000      0.0000000000000000E+00  3.6934600684954395E-08  1.3718017224832854E-03  3.3149629877622527E-07  2.5091962818881732E-05  2.6416801718465301E-08
    97   9.2150000      0.0000000000000000E+00  3.6614875214025510E-08  1.5162648318124347E-03  3.2321637826445554E-07  2.7677084972913616E-05  2.3072043028137310E-08
    98   9.3100000      0.0000000000000000E+00  3.5465272286627056E-08  1.6760512389390797E-03  3.1683053192377660E-07  3.0589624272167991E-05  2.3523367590611258E-08
    99   9.4050000      0.0000000000000000E+00  3.7113223984168029E-08  1.8528751975223903E-03  3.1324045570763877E-07  3.3859074148341854E-05  2.3710520013547881E-08
   100   9.5000000      0.0000000000000000E+00  4.1254433769371132E-08  2.0485560730835821E-03  3.1322397265866526E-07  3.7510148788297694E-05  2.4021621990545988E-08
   101   9.5950000      0.0000000000000000E+00  4.5317722937299263E-08  2.2651127029792557E-03  3.1739594485719684E-07  4.1560779541889944E-05  2.7140783276387349E-08
   102   9.6900000      0.0000000000000000E+00  4.9221534395456263E-08  2.5048168871432230E-03  3.2618270972430720E-07  4.6023907156154438E-05  3.2297245106914414E-08
   103   9.7850000      0.0000000000000000E+00  5.4592821661927314E-08  2.7701366529095535E-03  3.3980924972492478E-07  5.0909645290715268E-05  3.6355520207267391E-08
   104   9.8800000      0.0000000000000000E+00  6.0259052600797161E-08  3.0636157207808985E-03  3.5830676356529734E-07  5.6225899329915461E-05  3.9811985561586455E-08
   105   9.9750000      0.0000000000000000E+00  6.3830431902924825E-08  3.3878155593724496E-03  3.8152467466191157E-07  6.1983883030607910E-05  4.5098253789971186E-08
   106   10.070000      0.0000000000000000E+00  6.6052229780440711E-08  3.7454087216850077E-03  4.0915649292292649E-07  6.8208219275975749E-05  5.1346715065847483E-08
   107   10.165000      0.0000000000000000E+00  6.9807431414552006E-08  4.1393785508199105E-03  4.4077526171442657E-07  7.4944796738213551E-05  5.5146331235738996E-08
   108   10.260000      0.0000000000000000E+00  7.5162446028993592E-08  4.5731866141743372E-03  4.7587730480305448E-07  8.2257353420407857E-05  5.6279115596162141E-08
   109   10.355000      0.0000000000000000E+00  7.9802505500185271E-08  5.0507973588841933E-03  5.1392662014864546E-07  9.0217768312935619E-05  5.7313408629343345E-08
   110   10.450000      0.0000000000000000E+00  8.4082677576176870E-08  5.5765683365559381E-03  5.5440752298571681E-07  9.8901570767680888E-05  5.7474099497551889E-08
   111   10.545000      0.0000000000000000E+00  9.0353366900715718E-08  6.1551226101856042E-03  5.9686947861551649E-07  1.0838721104822610E-04  5.3375054601345605E-08
   112   10.640000      0.0000000000000000E+00  9.7835454037811029E-08  6.7913194361516301E-03  6.4097166641383236E-07  1.1875632208421280E-04  4.4943198354806045E-08
   113   10.735000      0.0000000000000000E+00  1.0173834815284168E-07  7.4903517232361499E-03  6.8652691649912468E-07  1.3009953294688999E-04  3.7212918813988323E-08
   114   10.830000      0.0000000000000000E+00  1.0041005272742712E-07  8.2579166181400519E-03  7.3352712578474360E-07  1.4251668726218569E-04  3.2686785120669043E-08
   115   10.925000      0.0000000000000000E+00  9.8629244302297285E-08  9.1003594804314226E-03  7.8212956295830923E-07  1.5610252004505444E-04  2.7282062280444511E-08
   116   11.020000      0.0000000000000000E+00  9.9237354233702509E-08  1.0024700691184716E-02  8.3263805366260121E-07  1.7093214013082290E-04  1.9855686694746235E-08
   117   11.115000      0.0000000000000000E+00  9.9680043332185411E-08  1.1038534048488442E-02  8.8552050131992707E-07  1.8705254885311795E-04  1.5215832679161643E-08
   118   11.210000      0.0000000000000000E+00  9.7638750885963652E-08  1.2149842668684517E-02  9.4141625750206935E-07  2.0447670870657030E-04  1.6590094425602688E-08
   119   11.305000      0.0000000000000000E+00  9.3556416715050121E-08  1.3366791592367620E-02  1.0011313364667204E-06  2.2318843298811146E-04  2.3053029327365963E-08
   120   11.400000      0.0000000000000000E+00  8.8987562869515162E-08  1.4697558734914915E-02  1.0655280910632981E-06  2.4315427099907703E-04  3.1436172359714253E-08
   121   11.495000      0.0000000000000000E+00  8.3185081872632284E-08  1.6150261862358718E-02  1.1355014391819600E-06  2.6433964604273948E-04  4.1131693292418298E-08
   122   11.590000      0.0000000000000000E+00  7.5302452313717571E-08  1.7733019547959365E-02  1.2119031633450778E-06  2.8673073868452735E-04  5.2017133847832832E-08
   123   11.685000      0.0000000000000000E+00  6.7654257268573737E-08  1.9454134298939153E-02  1.2952977664994395E-06  3.1034786756372907E-04  6.0710672330059446E-08
   124   11.780000      0.0000000000000000E+00  6.2465496738049569E-08  2.1322312461070188E-02  1.3858821406081641E-06  3.3523105480932897E-04  6.4622162170169184E-08
   125   11.875000      0.0000000000000000E+00  5.9320812821012405E-08  2.3346777596569154E-02  1.4835493124679529E-06  3.6141355577228121E-04  6.4509744491406043E-08
   126   11.970000      0.0000000000000000E+00  5.6707318162098874E-08  2.5537187446505707E-02  1.5880689142824454E-06  3.8890373348159942E-04  6.2577430817551585E-08
   127   12.065000      0.0000000000000000E+00  5.5416757054618912E-08  2.7903383915554466E-02  1.6991571998226414E-06  4.1767016743294335E-04  5.8375049331753779E-08
   128   12.160000      0.0000000000000000E+00  5.7623991526705502E-08  3.0455051467892253E-02  1.8166345408868990E-06  4.4762875266587200E-04  4.9600407838734474E-08
   129   12.255000      0.0000000000000000E+00  6.1886415166140522E-08  3.3201328681813726E-02  1.9404701348645934E-06  4.7863165323406420E-04  3.8276530353270418E-08
   130   12.350000      0.0000000000000000E+00  6.4420180348997448E-08  3.6150436069141090E-02  2.0709664719837320E-06  5.1046716125790245E-04  2.9136030033666433E-08
   131   12.445000      0.0000000000000000E+00  6.3825353120586457E-08  3.9309417122551475E-02  2.2090942403741912E-06  5.4286974046172391E-04  2.4242279301261296E-08
   132   12.540000      0.0000000000000000E+00  6.1711755219878386E-08  4.2684029728184025E-02  2.3567666699403617E-06  5.7553842522781553E-04  2.2294625431237594E-08
   133   12.635000      0.0000000000000000E+00  5.9116302749264105E-08  4.6278645036002701E-02  2.5165520130180173E-06  6.0815376565460954E-04  2.2696972332046711E-08
   134   12.730000      0.0000000000000000E+00  5.5457509161760302E-08  5.0095895077649347E-02  2.6909216600681169E-06  6.4039815085524348E-04  2.6400094076901726E-08
   135   12.825000      0.0000000000000000E+00  5.1331148076574252E-08  5.4136043678606582E-02  2.8824831654347733E-06  6.7200314163244081E-04  3.2028887642029800E-08
   136   12.920000      0.0000000000000000E+00  4.8303537789505462E-08  5.8396413328893740E-02  3.0951713432426219E-06  7.0282083746641332E-04  3.6391422356236164E-08
   137   13.015000      0.0000000000000000E+00  4.5795225265812329E-08  6.2871283581457327E-02  3.3336406587025503E-06  7.3286962136308927E-04  3.8674656496724582E-08
   138   13.110000      0.0000000000000000E+00  3.9627454026460364E-08  6.7552487759367161E-02  3.6026602002813300E-06  7.6233970269649551E-04  4.3266553458793443E-08
   139   13.205000      0.0000000000000000E+00  2.9174641444890843E-08  7.2430505212481761E-02  3.9072542693288079E-06  7.9152404954827178E-04  5.1962329874908406E-08
   140   13.300000      0.0000000000000000E+00  2.3107193956955995E-08  7.7495465580167136E-02  4.2515786201410878E-06  8.2073424894387739E-04  5.5809912828646032E-08
   141   13.395000      0.0000000000000000E+00  2.6392113369865796E-08  8.2737612833965204E-02  4.6390057885450693E-06  8.5028132805478368E-04  5.0382625730551390E-08
   142   13.490000      0.0000000000000000E+00  3.3911756219307869E-08  8.8147248129368513E-02  5.0744177836967472E-06  8.8048613526904747E-04  4.2933046295087531E-08
   143   13.585000      0.0000000000000000E+00  4.1009761019191736E-08  9.3714559943939790E-02  5.5647756246931442E-06  9.1165785229877720E-04  3.9118861190284158E-08
   144   13.680000      0.0000000000000000E+00  4.7777981748147995E-08  9.9429660055013303E-02  6.1190222572142984E-06  9.4401585595498851E-04  3.8953303142574358E-08
   145   13.775000      0.0000000000000000E+00  5.6788437186974889E-08  1.0528266327677896E-01  6.7473663840127292E-06  9.7762485948982639E-04  3.9125339049365782E-08
   146   13.870000      0.0000000000000000E+00  6.8644091834715197E-08  1.1126344749930868E-01  7.4571758432607761E-06  1.0124087083362117E-03  3.8191631121867607E-08
   147   13.965000      0.0000000000000000E+00  8.1977303594227925E-08  1.1736109576082648E-01  8.2545388858788634E-06  1.0482424333376854E-03  3.6527250309827983E-08
   148   14.060000      0.0000000000000000E+00  9.6377561153583233E-08  1.2356351088878044E-01  9.1433328530438287E-06  1.0850657848193686E-03  3.3013405604062730E-08
   149   14.155000      0.0000000000000000E+00  1.1100172348834851E-07  1.2985757474357434E-01  1.0119064026521680E-05  1.1228990227953089E-03  2.7188182007774293E-08
   150   14.250000      0.0000000000000000E+00  1.2234150649954563E-07  1.3622988849675891E-01  1.1169919887688135E-05  1.1618117082997602E-03  2.2130283587580129E-08
   151   14.345000      0.0000000000000000E+00  1.2663765912734649E-07  1.4266767267900737E-01  1.2280274352423224E-05  1.2018743763538078E-03  2.1777153364991936E-08
   152   14.440000      0.0000000000000000E+00  1.2428382491797712E-07  1.4915934993622640E-01  1.3432243505969094E-05  1.2431152249353459E-03  2.5866564627616973E-08
   153   14.535000      0.0000000000000000E+00  1.1854156774190951E-07  1.5569475749929640E-01  1.4608591565447028E-05  1.2854825910243763E-03  3.1387652856740479E-08
   154   14.630000      0.0000000000000000E+00  1.1043981456551067E-07  1.6226493708544520E-01  1.5793239202222306E-05  1.3287467062376036E-03  3.8264804183309936E-08
   155   14.725000      0.0000000000000000E+00  9.9028096929811236E-08  1.6886121306875115E-01  1.6972765878315011E-05  1.3724687032486541E-03  4.7931350466593730E-08
   156   14.820000      0.0000000000000000E+00  8.4288241910677674E-08  1.7547397803030995E-01  1.8136937536001806E-05  1.4160496836544347E-03  5.9666501951599367E-08
   157   14.915000      0.0000000000000000E+00  6.8274500583914345E-08  1.8209195669532274E-01  1.9273860681875599E-05  1.4587479650350291E-03  6.9716768665216353E-08
   158   15.010000      0.0000000000000000E+00  5.2521538843389267E-08  1.8870232701568776E-01  2.0373932368897948E-05  1.4996364239921237E-03  7.5472373959578565E-08
   159   15.105000      0.0000000000000000E+00  3.7036116422258516E-08  1.9529113535735051E-01  2.1438665626462925E-05  1.5375059694297533E-03  7.7753621878999558E-08
   160   15.200000      0.0000000000000000E+00  2.4221922500496878E-08  2.0184312642598246E-01  2.2475891858512949E-05  1.5709323589415702E-03  7.5795428691438040E-08
   161   15.295000      0.0000000000000000E+00  1.8065111393386260E-08  2.0834133324552229E-01  2.3489920484574689E-05  1.5983447197817227E-03  6.7565491640911917E-08
   162   15.390000      0.0000000000000000E+00  1.9591874576051703E-08  2.1476694521189721E-01  2.4478587934051790E-05  1.6181765953531644E-03  5.3938642016498768E-08
   163   15.485000      0.0000000000000000E+00  2.5178359311436926E-08  2.2109942403085300E-01  2.5436584317057557E-05  1.6289548521724749E-03  3.9875888986462098E-08
   164   15.580000      0.0000000000000000E+00  3.0670283469654395E-08  2.2731630050854845E-01  2.6364643821684052E-05  1.6293785333487795E-03  2.9934933755939555E-08
   165   15.675000      0.0000000000000000E+00  3.6752955657570531E-08  2.3339220239563577E-01  2.7260007220916061E-05  1.6183882031195322E-03  2.2042148477686468E-08
   166   15.770000      0.0000000000000000E+00  4.3860601053299092E-08  2.3929724396279056E-01  2.8097544353557997E-05  1.5952235680596915E-03  1.4554951904591160E-08
   167   15.865000      0.0000000000000000E+00  4.7989349252623198E-08  2.4499484625455681E-01  2.8825111802249197E-05  1.5597294305265969E-03  1.1947321467847118E-08
   168   15.960000      0.0000000000000000E+00  4.6709871962720080E-08  2.5043921818128356E-01  2.9393770497450443E-05  1.5127649482350946E-03  1.7286382236291675E-08
   169   16.055000      0.0000000000000000E+00  4.2687644707940288E-08  2.5557399856241869E-01  2.9791592269403084E-05  1.4566415955407962E-03  2.7561541817404696E-08
   170   16.150000      0.0000000000000000E+00  3.9869326494388325E-08  2.6033334428803673E-01  3.0041854497500426E-05  1.3951968535663392E-03  3.7359598394217937E-08
   171   16.245000      0.0000000000000000E+00  3.8358824323723078E-08  2.6464565979421872E-01  3.0212717162594774E-05  1.3332056464616208E-03  4.5106450685887925E-08
   172   16.340000      0.0000000000000000E+00  3.6152929551973096E-08  2.6843871258373037E-01  3.0429721809527787E-05  1.2755455354338749E-03  5.2041984792148103E-08
   173   16.435000      0.0000000000000000E+00  3.4528693432152976E-08  2.7164588144641216E-01  3.0828644544585629E-05  1.2266816436405656E-03  5.6420173122210983E-08
   174   16.530000      0.0000000000000000E+00  3.6480645767904218E-08  2.7421555554946764E-01  3.1503038109276253E-05  1.1899016273398053E-03  5.5382776116090307E-08
   175   16.625000      0.0000000000000000E+00  4.1865384425323448E-08  2.7612178888531441E-01  3.2482118460527315E-05  1.1661172210597115E-03  5.0170903882784460E-08
   176   16.720000      0.0000000000000000E+00  4.8141143261423130E-08  2.7736985102208206E-01  3.3717305214771042E-05  1.1536350724030019E-03  4.4506024509672777E-08
   177   16.815000      0.0000000000000000E+00  5.4508482769554475E-08  2.7799620533636582E-01  3.5098147345347541E-05  1.1494009400158914E-03  3.9138188084437965E-08
   178   16.910000      0.0000000000000000E+00  6.1421149099998171E-08  2.7806604393146356E-01  3.6490903257921256E-05  1.1502001126200299E-03  3.2330790428862667E-08
   179   17.005000      0.0000000000000000E+00  6.6434516382570865E-08  2.7766613983133415E-01  3.7716164904617599E-05  1.1533470984352572E-03  2.5689773496513122E-08
   180   17.100000      0.0000000000000000E+00  6.5996691314273135E-08  2.7689308561038922E-01  3.8653789023089267E-05  1.1574163534981182E-03  2.2942480532531479E-08
   181   17.195000      0.0000000000000000E+00  6.0858033537616856E-08  2.7584047447019416E-01  3.9320313245841934E-05  1.1626783568112421E-03  2.4144062890647459E-08
   182   17.290000      0.0000000000000000E+00  5.6201446525353608E-08  2.7458668916063500E-01  3.9900876442226947E-05  1.1706787982527661E-03  2.5030267971771733E-08
   183   17.385000      0.0000000000000000E+00  5.4478793446309612E-08  2.7318374989728528E-01  4.0697309269561160E-05  1.1834051718230616E-03  2.4463847694054999E-08
   184   17.480000      0.0000000000000000E+00  5.2498629498561889E-08  2.7165012934618693E-01  4.2036256847086997E-05  1.2030434696777125E-03  2.7368707665021483E-08
   185   17.575000      0.0000000000000000E+00  4.9227871450796888E-08  2.6997033150780980E-01  4.4194523140846327E-05  1.2313827781723098E-03  3.4835878243561289E-08
   186   17.670000      0.0000000000000000E+00  4.7870907846481389E-08  2.6809972004182930E-01  4.7310108694350063E-05  1.2696395207116074E-03  4.1859636682160454E-08
   187   17.765000      0.0000000000000000E+00  4.9380166410706109E-08  2.6597310384644118E-01  5.1295559435180068E-05  1.3192739356852701E-03  4.5778860458070624E-08
   188   17.860000      0.0000000000000000E+00  5.1118088301340471E-08  2.6351695022899629E-01  5.5838687950321347E-05  1.3828618608834639E-03  4.7946091468899583E-08
   189   17.955000      0.0000000000000000E+00  4.9991944365869341E-08  2.6066322025419186E-01  6.0475445503731500E-05  1.4634830708389135E-03  5.0786170058534566E-08
   190   18.050000      0.0000000000000000E+00  4.6286702775046714E-08  2.5736057911652693E-01  6.4666395485584189E-05  1.5644883994520523E-03  5.3496305216794098E-08
   191   18.145000      0.0000000000000000E+00  4.2075923315297848E-08  2.5358329694591647E-01  6.7840377248913898E-05  1.6894755837154705E-03  5.3951306685939122E-08
   192   18.240000      0.0000000000000000E+00  3.7478415753268203E-08  2.4934000814624585E-01  6.9543565459066311E-05  1.8407790193182381E-03  5.3292145365846568E-08
   193   18.335000      0.0000000000000000E+00  3.3246262004502645E-08  2.4467902810364539E-01  6.9552412914769950E-05  2.0174059286740616E-03  5.2144299228373913E-08
   194   18.430000      0.0000000000000000E+00  3.2165297611337542E-08  2.3968531918487132E-01  6.7926417942817060E-05  2.2142404900903560E-03  4.8719098145401642E-08
   195   18.525000      0.0000000000000000E+00  3.6351742225456193E-08  2.3447041914220659E-01  6.5053596687579326E-05  2.4228934401764601E-03  4.1482143455821314E-08
   196   18.620000      0.0000000000000000E+00  4.4029071226487951E-08  2.2916170849398451E-01  6.1651591619461615E-05  2.6330508912579837E-03  3.2537538316946085E-08
   197   18.715000      0.0000000000000000E+00  5.0933015725962841E-08  2.2389398744838182E-01  5.8602320073478774E-05  2.8335855038970990E-03  2.6332656227550112E-08
   198   18.810000      0.0000000000000000E+00  5.5910333448315923E-08  2.1880074945293276E-01  5.6726845257827231E-05  3.0135877204516982E-03  2.3324031275862052E-08
   199   18.905000      0.0000000000000000E+00  6.0291937697573829E-08  2.1400308348123920E-01  5.6732956920565883E-05  3.1632686527535096E-03  2.1414635398866858E-08
   200   19.000000      0.0000000000000000E+00  6.3727068500949361E-08  2.0959929602884780E-01  5.9036428923496230E-05  3.2748572691491855E-03  2.1103765787991710E-08
   201   19.095000      0.0000000000000000E+00  6.4457812608813666E-08  2.0566035839507502E-01  6.3742649203686713E-05  3.3428991903758348E-03  2.4852872503145912E-08
   202   19.190000      0.0000000000000000E+00  6.2530514597276988E-08  2.0223045350860513E-01  7.0712517741282352E-05  3.3641790163654452E-03  3.2739591701610300E-08
   203   19.285000      0.0000000000000000E+00  5.9722818163377594E-08  1.9932728672084213E-01  7.9611663217387226E-05  3.3382542581960094E-03  4.1885289135041566E-08
   204   19.380000      0.0000000000000000E+00  5.5898725551261091E-08  1.9694155990017201E-01  8.9933337531272430E-05  3.2677900439622726E-03  5.1166540778834754E-08
   205   19.475000      0.0000000000000000E+00  4.9796906009586801E-08  1.9504019833627548E-01  1.0087091534585203E-04  3.1580675059063737E-03  6.1104964792750661E-08
   206   19.570000      0.0000000000000000E+00  4.2982009150117995E-08  1.9357412294197807E-01  1.1133649710317506E-04  3.0158347842668444E-03  7.0156223327950443E-08
   207   19.665000      0.0000000000000000E+00  4.0803953930354692E-08  1.9248552661746779E-01  1.2023723556689160E-04  2.8485368399808332E-03  7.3089629060203891E-08
   208   19.760000      0.0000000000000000E+00  4.5399072138074091E-08  1.9171218543714130E-01  1.2665459715805000E-04  2.6640816058864959E-03  6.7976076388380790E-08
   209   19.855000      0.0000000000000000E+00  5.0536683825894756E-08  1.9119164521919907E-01  1.2989166841578117E-04  2.4705990893552042E-03  6.2680793882214892E-08
   210   19.950000      0.0000000000000000E+00  5.3519054463125860E-08  1.9086680349527907E-01  1.2969539687098861E-04  2.2759717969461435E-03  6.0514559990487782E-08
   211   20.045000      0.0000000000000000E+00  5.9956870531015758E-08  1.9069068928985386E-01  1.2647207155523304E-04  2.0874053846726402E-03  5.4424801520523318E-08
   212   20.140000      0.0000000000000000E+00  7.1555905540588188E-08  1.9062741835202079E-01  1.2124206089908100E-04  1.9114134394263606E-03  4.2269484276823226E-08
   213   20.235000      0.0000000000000000E+00  8.3832050712273157E-08  1.9064908774619216E-01  1.1528828630913836E-04  1.7541774022378242E-03  2.8789125905931645E-08
   214   20.330000      0.0000000000000000E+00  9.1481931013624643E-08  1.9073295533466111E-01  1.0989113213753023E-04  1.6216883049596658E-03  2.0033183885600508E-08
   215   20.425000      0.0000000000000000E+00  9.3240707219329246E-08  1.9086184528916869E-01  1.0625081289773234E-04  1.5194209053826715E-03  1.7731380282500814E-08
   216   20.520000      0.0000000000000000E+00  9.1068982210376852E-08  1.9102481617597028E-01  1.0526270021493578E-04  1.4520383911060084E-03  1.9817361873667138E-08
   217   20.615000      0.0000000000000000E+00  8.5886672550531018E-08  1.9121498397496298E-01  1.0745550162865727E-04  1.4235552177638809E-03  2.5535537958925330E-08
   218   20.710000      0.0000000000000000E+00  7.8561488386179243E-08  1.9142558440136437E-01  1.1304979774700087E-04  1.4372898408354516E-03  3.4067240103750313E-08
   219   20.805000      0.0000000000000000E+00  7.1890367130041327E-08  1.9164879783640132E-01  1.2188568939039643E-04  1.4957209219916875E-03  4.2157379123581773E-08
   220   20.900000      0.0000000000000000E+00  6.8447528298719669E-08  1.9187971912471027E-01  1.3338955656667101E-04  1.5994795580992793E-03  4.6596303255266954E-08
   221   20.995000      0.0000000000000000E+00  6.7229285752620776E-08  1.9212118649704676E-01  1.4677162724964407E-04  1.7469191623347526E-03  4.8255009422714152E-08
   222   21.090000      0.0000000000000000E+00  6.5439527341917674E-08  1.9238580756687584E-01  1.6112989459035994E-04  1.9345566313336460E-03  5.0250356702342830E-08
   223   21.185000      0.0000000000000000E+00  6.3314595607968309E-08  1.9269603307854299E-01  1.7533881600343703E-04  2.1579286828805658E-03  5.2160735940306903E-08
   224   21.280000      0.0000000000000000E+00  6.2853258838051761E-08  1.9308402712358005E-01  1.8810730188338043E-04  2.4118866699080616E-03  5.1552280974422011E-08
   225   21.375000      0.0000000000000000E+00  6.3790202795932795E-08  1.9359173801261226E-01  1.9815971310592603E-04  2.6908181196221115E-03  4.8413362735469438E-08
   226   21.470000      0.0000000000000000E+00  6.3464028111680051E-08  1.9427140590020187E-01  2.0445295946314352E-04  2.9891503293181672E-03  4.5416495778883684E-08
   227   21.565000      0.0000000000000000E+00  6.0773011772452581E-08  1.9518508025211440E-01  2.0640685740765409E-04  3.3018392466435905E-03  4.3807244972343426E-08
   228   21.660000      0.0000000000000000E+00  5.7862411213329616E-08  1.9640104323293742E-01  2.0394476976735290E-04  3.6246522484449008E-03  4.1252217541974214E-08
   229   21.755000      0.0000000000000000E+00  5.5381090665597458E-08  1.9798842354167559E-01  1.9753487486876684E-04  3.9540604976479312E-03  3.7501995442724265E-08
   230   21.850000      0.0000000000000000E+00  5.1872515262781786E-08  2.0001316878874251E-01  1.8809543952155047E-04  4.2865820860781053E-03  3.4624409581417035E-08
   231   21.945000      0.0000000000000000E+00  4.7290729522288184E-08  2.0253560758066069E-01  1.7666806505858270E-04  4.6175993168110123E-03  3.2886974750534547E-08
   232   22.040000      0.0000000000000000E+00  4.3757428376908066E-08  2.0560736142003311E-01  1.6430942456968699E-04  4.9399922570301409E-03  3.0303862693611809E-08
   233   22.135000      0.0000000000000000E+00  4.2549589925668255E-08  2.0926610272373913E-01  1.5189311247108315E-04  5.2441330809924738E-03  2.5994670628223700E-08
   234   22.230000      0.0000000000000000E+00  4.0843659956474202E-08  2.1353042467196426E-01  1.4001849101281770E-04  5.5184115218597082E-03  2.4515224792025979E-08
   235   22.325000      0.0000000000000000E+00  3.7373761626755208E-08  2.1839679506947540E-01  1.2922161370212468E-04  5.7500526309371162E-03  2.8752892827222989E-08
   236   22.420000      0.0000000000000000E+00  3.6109417338183674E-08  2.2383867552799264E-01  1.1999774726295338E-04  5.9266722677316494E-03  3.4555368643633958E-08
   237   22.515000      0.0000000000000000E+00  3.8997174352657910E-08  2.2980741604395269E-01  1.1290992390513270E-04  6.0377562310164959E-03  3.9033044730106782E-08
   238   22.610000      0.0000000000000000E+00  4.2733153479703321E-08  2.3623314739838319E-01  1.0879697517921791E-04  6.0758048304617052E-03  4.4187759537232425E-08
   239   22.705000      0.0000000000000000E+00  4.3633100026095335E-08  2.4302541876841088E-01  1.0868055680361784E-04  6.0375458444117628E-03  5.2267960913288833E-08
   240   22.800000      0.0000000000000000E+00  4.2820046663390768E-08  2.5007570839317877E-01  1.1354861010266245E-04  5.9249600054541640E-03  6.0693535990020415E-08
   241   22.895000      0.0000000000000000E+00  4.4175024512926192E-08  2.5726370671619714E-01  1.2404540378884810E-04  5.7448737975519353E-03  6.4667851355640318E-08
   242   22.990000      0.0000000000000000E+00  4.8645153847277868E-08  2.6446559610561632E-01  1.3991346108120084E-04  5.5075204132630333E-03  6.3669903313104186E-08
   243   23.085000      0.0000000000000000E+00  5.5101753149088469E-08  2.7156114633079803E-01  1.5978666417300718E-04  5.2254722076222962E-03  5.9800033313017075E-08
   244   23.180000      0.0000000000000000E+00  6.4083460285328852E-08  2.7843968537002606E-01  1.8168354929419558E-04  4.9125728910565970E-03  5.2734731281211721E-08
   245   23.275000      0.0000000000000000E+00  7.6012237637431169E-08  2.8500636819461550E-01  2.0359295010267863E-04  4.5826987329689222E-03  4.1672858634337554E-08
   246   23.370000      0.0000000000000000E+00  8.7781134345702224E-08  2.9118835962037848E-01  2.2398580346315086E-04  4.2492135516743450E-03  2.9608266319806628E-08
   247   23.465000      0.0000000000000000E+00  9.4916914516593795E-08  2.9694038281411173E-01  2.4200651211288990E-04  3.9243659918718563E-03  2.1585926934903386E-08
   248   23.560000      0.0000000000000000E+00  9.7005050440435054E-08  3.0224731277151701E-01  2.5777749623486954E-04  3.6185911972558627E-03  1.8415860007379608E-08
   249   23.655000      0.0000000000000000E+00  9.6422717826858497E-08  3.0712172852629638E-01  2.7225292375931769E-04  3.3406252647091013E-03  1.7912220313484302E-08
   250   23.750000      0.0000000000000000E+00  9.3290495388150300E-08  3.1159835340257019E-01  2.8612228847905898E-04  3.0984621514573985E-03  2.0406191082701027E-08
   251   23.845000      0.0000000000000000E+00  8.5485654980497921E-08  3.1572818652210027E-01  2.9951399199456272E-04  2.8995092568052543E-03  2.8714784414460424E-08
   252   23.940000      0.0000000000000000E+00  7.4147612650260939E-08  3.1957269267419197E-01  3.1240131490282725E-04  2.7501856971463103E-03  4.1719081275772706E-08
   253   24.035000      0.0000000000000000E+00  6.4722015887026604E-08  3.2319681959174340E-01  3.2457489518341080E-04  2.6555331443321871E-03  5.2769178036875147E-08
   254   24.130000      0.0000000000000000E+00  5.9161803908097389E-08  3.2666200701925679E-01  3.3592288236898913E-04  2.6187125002761179E-03  5.9370353710466320E-08
   255   24.225000      0.0000000000000000E+00  5.4687258495745271E-08  3.3002213694905924E-01  3.4662650375652288E-04  2.6388062141566430E-03  6.4687345981050523E-08
   256   24.320000      0.0000000000000000E+00  5.0409919164336975E-08  3.3331859799155039E-01  3.5663761766533889E-04  2.7094730110485779E-03  6.9254524561875720E-08
   257   24.415000      0.0000000000000000E+00  4.8039678855721330E-08  3.3657253457689967E-01  3.6526996023335061E-04  2.8203918415544101E-03  7.0525776422850918E-08
   258   24.510000      0.0000000000000000E+00  4.8634457843859532E-08  3.3978129273150642E-01  3.7117908022227952E-04  2.9589635317238926E-03  6.6833947580041513E-08
   259   24.605000      0.0000000000000000E+00  5.0396361413606462E-08  3.4292138702138070E-01  3.7304850713121805E-04  3.1127942495510277E-03  6.0264547406128213E-08
   260   24.700000      0.0000000000000000E+00  5.1148188145989010E-08  3.4595314364887692E-01  3.7060703596088581E-04  3.2739198327405546E-03  5.4130183972432097E-08
   261   24.795000      0.0000000000000000E+00  5.2233362943251792E-08  3.4882633512461680E-01  3.6498835081652005E-04  3.4420414063881591E-03  4.7820650475292014E-08
   262   24.890000      0.0000000000000000E+00  5.4816471537580101E-08  3.5149066454218447E-01  3.5932116812404085E-04  3.6243637206151828E-03  4.0951550325682683E-08
   263   24.985000      0.0000000000000000E+00  5.7430406813026595E-08  3.5390980428576624E-01  3.5779631703684980E-04  3.8329385421469308E-03  3.5479284699971783E-08
   264   25.080000      0.0000000000000000E+00  5.8513350585207461E-08  3.5606945991183203E-01  3.6379262126696473E-04  4.0808912512116892E-03  3.2740788976922360E-08
   265   25.175000      0.0000000000000000E+00  5.9019752887120107E-08  3.5797238236400308E-01  3.7895908326482201E-04  4.3797287077244895E-03  3.1227640997162494E-08
   266   25.270000      0.0000000000000000E+00  6.1088735124224161E-08  3.5962885765715336E-01  4.0234223613491824E-04  4.7384580389215501E-03  2.8389663434980251E-08
   267   25.365000      0.0000000000000000E+00  6.3524842862991158E-08  3.6105655097622674E-01  4.2992456534092629E-04  5.1610111997310391E-03  2.6021264503112381E-08
   268   25.460000      0.0000000000000000E+00  6.3452100809019866E-08  3.6228799507006959E-01  4.5570419022498005E-04  5.6430517103661388E-03  2.7625982134000681E-08
   269   25.555000      0.0000000000000000E+00  6.0749883611544537E-08  3.6337217975388053E-01  4.7408692875664459E-04  6.1718159657571103E-03  3.2820369771266162E-08
   270   25.650000      0.0000000000000000E+00  5.7196590019741136E-08  3.6437091583252901E-01  4.8110563966864835E-04  6.7283453834686528E-03  3.8991798363526865E-08
   271   25.745000      0.0000000000000000E+00  5.3835707189365838E-08  3.6536103043526702E-01  4.7563796818087109E-04  7.2889199745711898E-03  4.4866298125273740E-08
   272   25.840000      0.0000000000000000E+00  5.0730425155926601E-08  3.6643877966156357E-01  4.5948926638042926E-04  7.8269331210493662E-03  5.0844212648813113E-08
   273   25.935000      0.0000000000000000E+00  4.9129704328129548E-08  3.6771463380098041E-01  4.3606745608817531E-04  8.3175566085825405E-03  5.5507057339731446E-08
   274   26.030000      0.0000000000000000E+00  5.0398274275727886E-08  3.6929726169586713E-01  4.0876957317548777E-04  8.7438327816228012E-03  5.6505916643336641E-08
   275   26.125000      0.0000000000000000E+00  5.3306229243667210E-08  3.7127674189692139E-01  3.8066881662247474E-04  9.1004187583296117E-03  5.4139281643542665E-08
   276   26.220000      0.0000000000000000E+00  5.4512473483191196E-08  3.7371219621438678E-01  3.5486852382052232E-04  9.3933712036154086E-03  5.1825954346352807E-08
   277   26.315000      0.0000000000000000E+00  5.4224662668966328E-08  3.7662290011277255E-01  3.3461736825968354E-04  9.6362037996615361E-03  5.0094707296777841E-08
   278   26.410000      0.0000000000000000E+00  5.8524956335443128E-08  3.7998382184645146E-01  3.2318045413403469E-04  9.8425482461376983E-03  4.2534015384771040E-08
   279   26.505000      0.0000000000000000E+00  6.7781603514788661E-08  3.8372752533081211E-01  3.2317945465416842E-04  1.0018767474305244E-02  2.9249947604336594E-08
   280   26.600000      0.0000000000000000E+00  7.4016487374124327E-08  3.8775360290468303E-01  3.3569881076620016E-04  1.0160765487533661E-02  2.0466537536626787E-08
   281   26.695000      0.0000000000000000E+00  7.4520822201930232E-08  3.9194590863399931E-01  3.5991681633894723E-04  1.0256967529100835E-02  1.9598936193066491E-08
   282   26.790000      0.0000000000000000E+00  7.2578266608696023E-08  3.9619280631388087E-01  3.9425679230807104E-04  1.0293031390034339E-02  2.2886589068781259E-08
   283   26.885000      0.0000000000000000E+00  7.0632288320313191E-08  4.0040181449244472E-01  4.3602981687269530E-04  1.0257109881218083E-02  2.6896800634808172E-08
   284   26.980000      0.0000000000000000E+00  6.7564906132461871E-08  4.0450495183183688E-01  4.8113980146223642E-04  1.0143591682576626E-02  3.1861942101485842E-08
   285   27.075000      0.0000000000000000E+00  6.1073293103917044E-08  4.0845557988194553E-01  5.2589781708221981E-04  9.9558224899183520E-03  4.0061683907442060E-08
   286   27.170000      0.0000000000000000E+00  5.2445986957356283E-08  4.1222071754597195E-01  5.6660526446613603E-04  9.7066569797343034E-03  5.0164920316780198E-08
   287   27.265000      0.0000000000000000E+00  4.4293988637336153E-08  4.1577437669631689E-01  5.9947797133781753E-04  9.4194128484501247E-03  5.9795355453982506E-08
   288   27.360000      0.0000000000000000E+00  3.7422601042730740E-08  4.1909612953502323E-01  6.2209194671157758E-04  9.1267834295227900E-03  6.8180676960086987E-08
   289   27.455000      0.0000000000000000E+00  3.1849913546639879E-08  4.2217616444905509E-01  6.3358412225598449E-04  8.8669156264734716E-03  7.4752097164482934E-08
   290   27.550000      0.0000000000000000E+00  2.9595668439122251E-08  4.2502643028227222E-01  6.3444787710295158E-04  8.6736165950670081E-03  7.6590675369297630E-08
   291   27.645000      0.0000000000000000E+00  3.3085610081448740E-08  4.2769115823976156E-01  6.2668919593634499E-04  8.5653868849721662E-03  7.1038560149575984E-08
   292   27.740000      0.0000000000000000E+00  4.0848701847872712E-08  4.3024942200393967E-01  6.1234459692412896E-04  8.5409942732355398E-03  6.0612092573706125E-08
   293   27.835000      0.0000000000000000E+00  4.9284307917444727E-08  4.3280972884268182E-01  5.9243693029837566E-04  8.5799923430987576E-03  5.0092459923737518E-08
   294   27.930000      0.0000000000000000E+00  5.7189496835288448E-08  4.3549657862065960E-01  5.6741832717959535E-04  8.6488694597647003E-03  4.1016336422695913E-08
   295   28.025000      0.0000000000000000E+00  6.5353818261841408E-08  4.3843186175705307E-01  5.3888449575809972E-04  8.7124408979907340E-03  3.2366953488350178E-08
   296   28.120000      0.0000000000000000E+00  7.2764946749496329E-08  4.4171736010330814E-01  5.1063643402303189E-04  8.7406677330712258E-03  2.4777973367786381E-08
   297   28.215000      0.0000000000000000E+00  7.6089334602000458E-08  4.4541944632836322E-01  4.8975934599477784E-04  8.7150306477621516E-03  2.1516643187715933E-08
   298   28.310000      0.0000000000000000E+00  7.4841521248261293E-08  4.4955824301081687E-01  4.8350192180424638E-04  8.6321776132790573E-03  2.2655140140729761E-08
   299   28.405000      0.0000000000000000E+00  7.1466717913663636E-08  4.5410103712648447E-01  4.9493356100077939E-04  8.5047797569584860E-03  2.5433472133408197E-08
   300   28.500000      0.0000000000000000E+00  6.7063047490094013E-08  4.5895919195370660E-01  5.2159659107593769E-04  8.3627353461567001E-03  2.9133380579303990E-08
   301   28.595000      0.0000000000000000E+00  6.1044360023257549E-08  4.6399287678357259E-01  5.5685760499138892E-04  8.2507915057553373E-03  3.4837061317337465E-08
   302   28.690000      0.0000000000000000E+00  5.4298246889979516E-08  4.6902685309111791E-01  5.9184603724692932E-04  8.2227487020625472E-03  4.2052830413425305E-08
   303   28.785000      0.0000000000000000E+00  5.1170072249402284E-08  4.7387767676887782E-01  6.1895517253011609E-04  8.3278460762090060E-03  4.5965792000356809E-08
   304   28.880000      0.0000000000000000E+00  5.2961284059530797E-08  4.7838507251471790E-01  6.3519239593465271E-04  8.5950569046175981E-03  4.4864537160449778E-08
   305   28.975000      0.0000000000000000E+00  5.4427964323693473E-08  4.8243570642060496E-01  6.4281379355015452E-04  9.0209435699341381E-03  4.4561730482112835E-08
   306   29.070000      0.0000000000000000E+00  5.2107579093489932E-08  4.8596854136258172E-01  6.4735227513177643E-04  9.5687091030684877E-03  4.8410810463360422E-08
   307   29.165000      0.0000000000000000E+00  4.7938413825786130E-08  4.8896202528088212E-01  6.5212864458378411E-04  1.0178393153329230E-02  5.3641310499145044E-08
   308   29.260000      0.0000000000000000E+00  4.4661933628469160E-08  4.9141138352460373E-01  6.5476193051835694E-04  1.0781740893310016E-02  5.6812425241808027E-08
   309   29.355000      0.0000000000000000E+00  4.1963495159474981E-08  4.9330627550266098E-01  6.4972676428424060E-04  1.1317713510095110E-02  5.8310693071914953E-08
   310   29.450000      0.0000000000000000E+00  3.8695707265882676E-08  4.9462008631739451E-01  6.3335123476269256E-04  1.1741721870366298E-02  5.9900371520482816E-08
   311   29.545000      0.0000000000000000E+00  3.6726939015816989E-08  4.9531463351510907E-01  6.0879674240814547E-04  1.2026607904729945E-02  5.9889307689023242E-08
   312   29.640000      0.0000000000000000E+00  3.8105920713214829E-08  4.9535384262769089E-01  5.8457754145376125E-04  1.2158730806191743E-02  5.6281045809457961E-08
   313   29.735000      0.0000000000000000E+00  4.1508440061881836E-08  4.9471697619103083E-01  5.6977604046647438E-04  1.2133857060474752E-02  5.1095657138685263E-08
   314   29.830000      0.0000000000000000E+00  4.5203115478368592E-08  4.9340964610473814E-01  5.6951211619476810E-04  1.1953865702370628E-02  4.6933659486745156E-08
   315   29.925000      0.0000000000000000E+00  5.0501923426386204E-08  4.9147006022026524E-01  5.8535644451423714E-04  1.1624965514242608E-02  4.2813474119868886E-08
   316   30.020000      0.0000000000000000E+00  5.8987268879713930E-08  4.8896719538689015E-01  6.1724774361867469E-04  1.1157339107579066E-02  3.6687990841297827E-08
   317   30.115000      0.0000000000000000E+00  6.7328272395975594E-08  4.8599123271107225E-01  6.6547631979873830E-04  1.0567317384539091E-02  3.1362196107874790E-08
   318   30.210000      0.0000000000000000E+00  7.0381171521051283E-08  4.8264004624525719E-01  7.2942630739297200E-04  9.8814901298705862E-03  3.1801311757373793E-08
   319   30.305000      0.0000000000000000E+00  6.8541425363569065E-08  4.7901024599559805E-01  8.0548700090490779E-04  9.1408700092708295E-03  3.7616675686054141E-08
   320   30.400000      0.0000000000000000E+00  6.6688961127943281E-08  4.7520076115237830E-01  8.8763757383463697E-04  8.4034812214920721E-03  4.4104643283518655E-08
   321   30.495000      0.0000000000000000E+00  6.7069766832360447E-08  4.7133699373152060E-01  9.6915445027107342E-04  7.7366023601099787E-03  4.9256760366804744E-08
   322   30.590000      0.0000000000000000E+00  6.7836172958541514E-08  4.6760669272546224E-01  1.0427135573976391E-03  7.2031766667331205E-03  5.5024665314827734E-08
   323   30.685000      0.0000000000000000E+00  6.9072195760603086E-08  4.6428014087278985E-01  1.1003228272709884E-03  6.8498162591987396E-03  5.9889174753469989E-08
   324   30.780000      0.0000000000000000E+00  7.2808091184653856E-08  4.6169144992278871E-01  1.1320220844593686E-03  6.7065020550207567E-03  5.9633770136148995E-08
   325   30.875000      0.0000000000000000E+00  7.7917596808244040E-08  4.6018551407345376E-01  1.1300454633500219E-03  6.7908018313259906E-03  5.4849696551846108E-08
   326   30.970000      0.0000000000000000E+00  8.1576134007482171E-08  4.6005852729985436E-01  1.0943715497354395E-03  7.1064008812999450E-03  4.9133213097816184E-08
   327   31.065000      0.0000000000000000E+00  8.2520382556497652E-08  4.6151549408736359E-01  1.0335286862755554E-03  7.6379218489033302E-03  4.4727500733959569E-08
   328   31.160000      0.0000000000000000E+00  8.2144404053155613E-08  4.6464298365179779E-01  9.6132673257272707E-04  8.3471903260984425E-03  4.0784787517540154E-08
   329   31.255000      0.0000000000000000E+00  8.2467686822137901E-08  4.6937932705213864E-01  8.9256861247701208E-04  9.1804689812020369E-03  3.5445379318589707E-08
   330   31.350000      0.0000000000000000E+00  8.2562748828089818E-08  4.7548191054390582E-01  8.3835763763869637E-04  1.0087678900588565E-02  3.0546333505169184E-08
   331   31.445000      0.0000000000000000E+00  8.1479168143925852E-08  4.8252184331045112E-01  8.0519505159777562E-04  1.1042800169869423E-02  2.7921359840996945E-08
   332   31.540000      0.0000000000000000E+00  8.0068295335032617E-08  4.8993817341814128E-01  7.9698857014234110E-04  1.2055503875907876E-02  2.7253437356884898E-08
   333   31.635000      0.0000000000000000E+00  7.8617723011026871E-08  4.9715393420982557E-01  8.1563104364810622E-04  1.3155693145390513E-02  2.8662636438215810E-08
   334   31.730000      0.0000000000000000E+00  7.5730780960980783E-08  5.0370041137766541E-01  8.6182120535250564E-04  1.4362132730324448E-02  3.3597726439110522E-08
   335   31.825000      0.0000000000000000E+00  7.0231970849556153E-08  5.0927517022567059E-01  9.3304707610088406E-04  1.5662329749666880E-02  4.3038128505860450E-08
   336   31.920000      0.0000000000000000E+00  6.4854174146253886E-08  5.1371086910719999E-01  1.0214221336916510E-03  1.7022439617647201E-02  5.3246285966548020E-08
   337   32.015000      0.0000000000000000E+00  6.3010849392571570E-08  5.1689931348341644E-01  1.1135754021406811E-03  1.8409804286870425E-02  5.9472311117434489E-08
   338   32.110000      0.0000000000000000E+00  6.3109447499610770E-08  5.1872891622833706E-01  1.1935128895442686E-03  1.9806767639388038E-02  6.2703134379005500E-08
   339   32.205000      0.0000000000000000E+00  6.1552266746312782E-08  5.1907343632057923E-01  1.2463369918878642E-03  2.1199871460169141E-02  6.6059355756603326E-08
   340   32.300000      0.0000000000000000E+00  5.8333012397016433E-08  5.1782602553417623E-01  1.2608708472002842E-03  2.2559368043406532E-02  6.9395533233845251E-08
   341   32.395000      0.0000000000000000E+00  5.7338027496120233E-08  5.1494134534271929E-01  1.2331814410096468E-03  2.3824045564114195E-02  6.9362018442214192E-08
   342   32.490000      0.0000000000000000E+00  6.0902567701971743E-08  5.1045255463388894E-01  1.1688892622258970E-03  2.4901084162633199E-02  6.4754146382743933E-08
   343   32.585000      0.0000000000000000E+00  6.7377394170980464E-08  5.0446680439871394E-01  1.0839430587759609E-03  2.5683133856716479E-02  5.7674425260163811E-08
   344   32.680000      0.0000000000000000E+00  7.4446523551099364E-08  4.9716290685460757E-01  9.9946464833633713E-04  2.6065673081787668E-02  4.9641781048453979E-08
   345   32.775000      0.0000000000000000E+00  8.1621218330423407E-08  4.8879217646793444E-01  9.3610708686811680E-04  2.5965905382436850E-02  3.9920426953786587E-08
   346   32.870000      0.0000000000000000E+00  8.7044704752709470E-08  4.7967077216818438E-01  9.0890043319978478E-04  2.5339425425643960E-02  2.9964432904281120E-08
   347   32.965000      0.0000000000000000E+00  8.5789745205030735E-08  4.7014968186477707E-01  9.2459412768777305E-04  2.4191422079072836E-02  2.6176284206313274E-08
   348   33.060000      0.0000000000000000E+00  7.9382443220806912E-08  4.6056223421738052E-01  9.8195087484463195E-04  2.2586063803960957E-02  2.8177810752736367E-08
   349   33.155000      0.0000000000000000E+00  7.6166771556628098E-08  4.5117672548999388E-01  1.0731817647665306E-03  2.0643842821049956E-02  2.7478224250844144E-08
   350   33.250000      0.0000000000000000E+00  7.7154661473862742E-08  4.4217339605116557E-01  1.1858242776537689E-03  1.8525143835474888E-02  2.4346252041237702E-08
   351   33.345000      0.0000000000000000E+00  7.6965720792879357E-08  4.3364381141676278E-01  1.3049521207447773E-03  1.6403984730724932E-02  2.5393836385716407E-08
   352   33.440000      0.0000000000000000E+00  7.2728259809095613E-08  4.2560540502458705E-01  1.4165662416872390E-03  1.4440309017305683E-02  3.3319472936324448E-08
   353   33.535000      0.0000000000000000E+00  6.6313401579669226E-08  4.1802548223513192E-01  1.5107230613986735E-03  1.2759493335939565E-02  4.5339221466600329E-08
   354   33.630000      0.0000000000000000E+00  6.1721620633101091E-08  4.1085243346727368E-01  1.5831896833533533E-03  1.1441886186103312E-02  5.5788586968484215E-08
   355   33.725000      0.0000000000000000E+00  5.9366771488756448E-08  4.0404942955863565E-01  1.6345304837445665E-03  1.0518168818254455E-02  6.3284879347143786E-08
   356   33.820000      0.0000000000000000E+00  5.8055484575981717E-08  3.9761584503026021E-01  1.6670664381650381E-03  9.9729861302048292E-03  6.8243557436175838E-08
   357   33.915000      0.0000000000000000E+00  5.8204854480981840E-08  3.9158895963665913E-01  1.6831954705919926E-03  9.7571788379244486E-03  6.9799684979824309E-08
   358   34.010000      0.0000000000000000E+00  6.0533712718848029E-08  3.8603727015242884E-01  1.6857159827100084E-03  9.7996445652394019E-03  6.7625446656006267E-08
   359   34.105000      0.0000000000000000E+00  6.3742956660217954E-08  3.8105288810212984E-01  1.6797499607838177E-03  1.0019939573472761E-02  6.4226978974269455E-08
   360   34.200000      0.0000000000000000E+00  6.6210174122671723E-08  3.7674048678260513E-01  1.6739998236941841E-03  1.0345665313165895E-02  6.2202499695615538E-08
   361   34.295000      0.0000000000000000E+00  6.9454255570803532E-08  3.7320492750733886E-01  1.6785514522729477E-03  1.0729569315775117E-02  5.9767670042798792E-08
   362   34.390000      0.0000000000000000E+00  7.5898734708718818E-08  3.7054290244374422E-01  1.7000070444685542E-03  1.1158305428256838E-02  5.3753724704388136E-08
   363   34.485000      0.0000000000000000E+00  8.4254717227805529E-08  3.6883969875850969E-01  1.7393220367898613E-03  1.1649083953214862E-02  4.5441957618971947E-08
   364   34.580000      0.0000000000000000E+00  9.0547213167336549E-08  3.6816841074394879E-01  1.7915533153986371E-03  1.2235046111072029E-02  3.9284169728691751E-08
   365   34.675000      0.0000000000000000E+00  9.2810674860404122E-08  3.6858768581018131E-01  1.8480367122881967E-03  1.2947729777977743E-02  3.7561161824345232E-08
   366   34.770000      0.0000000000000000E+00  9.2350692681146056E-08  3.7013717078088532E-01  1.8988528956905800E-03  1.3801950087490612E-02  3.8452205201508763E-08
   367   34.865000      0.0000000000000000E+00  8.9209564153218714E-08  3.7283117782429892E-01  1.9353908274185494E-03  1.4789512317589532E-02  4.1369258823291316E-08
   368   34.960000      0.0000000000000000E+00  8.2084995570773646E-08  3.7665773011069670E-01  1.9517545876316387E-03  1.5877863725586843E-02  4.7351828401921690E-08
   369   35.055000      0.0000000000000000E+00  7.2292038656151150E-08  3.8158287876445751E-01  1.9458827866321007E-03  1.7010626818493482E-02  5.5000686999091081E-08
   370   35.150000      0.0000000000000000E+00  6.3080209531501948E-08  3.8754774080196897E-01  1.9203491678732314E-03  1.8111654901054788E-02  6.1397877254319851E-08
   371   35.245000      0.0000000000000000E+00  5.6101502531136141E-08  3.9445336061400726E-01  1.8821273824427616E-03  1.9096354971119514E-02  6.5286301983581673E-08
   372   35.340000      0.0000000000000000E+00  4.9796370207055216E-08  4.0214579113259447E-01  1.8406765814983400E-03  1.9889258524188005E-02  6.8945726719327960E-08
   373   35.435000      0.0000000000000000E+00  4.4622545385368941E-08  4.1041587432946064E-01  1.8049481602932698E-03  2.0445908768703364E-02  7.1959582166224137E-08
   374   35.530000      0.0000000000000000E+00  4.5037268039672615E-08  4.1901730945724797E-01  1.7809268600618841E-03  2.0766046313160112E-02  6.8565011649733344E-08
   375   35.625000      0.0000000000000000E+00  5.1611436525276568E-08  4.2769662494987015E-01  1.7698509552665845E-03  2.0891372607349065E-02  5.7828107988893328E-08
   376   35.720000      0.0000000000000000E+00  5.9266970389241439E-08  4.3622411194201693E-01  1.7678370002799212E-03  2.0891525519254807E-02  4.5545148156182926E-08
   377   35.815000      0.0000000000000000E+00  6.2880166067684124E-08  4.4441639965082125E-01  1.7686825854551017E-03  2.0845630241464838E-02  3.7400995914137584E-08
   378   35.910000      0.0000000000000000E+00  6.2107057544962267E-08  4.5214924101416454E-01  1.7654825980745255E-03  2.0820990244604546E-02  3.4009393473773334E-08
   379   36.005000      0.0000000000000000E+00  6.0534471235923894E-08  4.5935819389962201E-01  1.7536941249027454E-03  2.0858978477433149E-02  3.2215193275634917E-08
   380   36.100000      0.0000000000000000E+00  5.9496620415440006E-08  4.6602594291373384E-01  1.7337652110101156E-03  2.0975214234674935E-02  3.1713132530229929E-08
   381   36.195000      0.0000000000000000E+00  5.7690218090521100E-08  4.7216196667369825E-01  1.7123031786304439E-03  2.1167618067329298E-02  3.4294114089503708E-08
   382   36.290000      0.0000000000000000E+00  5.5519196393088647E-08  4.7778633155152583E-01  1.7030309748025268E-03  2.1418971308054573E-02  3.8978668373641104E-08
   383   36.385000      0.0000000000000000E+00  5.4335102893671100E-08  4.8292288439799846E-01  1.7248010755100546E-03  2.1689444653228043E-02  4.3674367171313319E-08
   384   36.480000      0.0000000000000000E+00  5.3136470796254445E-08  4.8758885034431354E-01  1.7954554622683226E-03  2.1915347499485639E-02  4.9178560045865105E-08
   385   36.575000      0.0000000000000000E+00  5.0415836992593806E-08  4.9177026807621776E-01  1.9251558418287497E-03  2.2023809823779186E-02  5.6978253612229293E-08
   386   36.670000      0.0000000000000000E+00  4.8135023781739444E-08  4.9539425633542111E-01  2.1110766770088786E-03  2.1958096760470343E-02  6.4498029201659763E-08
   387   36.765000      0.0000000000000000E+00  4.9262684426395963E-08  4.9832390412408190E-01  2.3367493816915720E-03  2.1691761613325384E-02  6.7523738439480694E-08
   388   36.860000      0.0000000000000000E+00  5.2445356604001922E-08  5.0038548906137315E-01  2.5747414409595425E-03  2.1227789360481197E-02  6.6661699555150368E-08
   389   36.955000      0.0000000000000000E+00  5.4091937271308665E-08  5.0141070334684590E-01  2.7910203218231588E-03  2.0597325963496928E-02  6.5526248571243056E-08
   390   37.050000      0.0000000000000000E+00  5.4230063800336875E-08  5.0127581273360156E-01  2.9541485829192859E-03  1.9861589867248671E-02  6.4436012339119103E-08
   391   37.145000      0.0000000000000000E+00  5.6135606125992479E-08  4.9993120077468378E-01  3.0447487459905041E-03  1.9100921695840212E-02  6.0017375224801232E-08
   392   37.240000      0.0000000000000000E+00  5.8917240211706820E-08  4.9740861516336266E-01  3.0616619398802451E-03  1.8393184474078696E-02  5.3512610140211249E-08
   393   37.335000      0.0000000000000000E+00  5.8841124027193374E-08  4.9380056603317374E-01  3.0180183154199709E-03  1.7796313192724272E-02  4.9875570635385531E-08
   394   37.430000      0.0000000000000000E+00  5.7554527144226285E-08  4.8923329732927812E-01  2.9300269011756381E-03  1.7332208686323628E-02  4.8423212857380147E-08
   395   37.525000      0.0000000000000000E+00  5.9456297950713478E-08  4.8385246438563301E-01  2.8091746322186557E-03  1.6974578912030053E-02  4.5379263029968615E-08
   396   37.620000      0.0000000000000000E+00  6.4834215247368305E-08  4.7782505453285345E-01  2.6619494978890441E-03  1.6649145468813610E-02  4.0432362405331296E-08
   397   37.715000      0.0000000000000000E+00  6.9929281099731648E-08  4.7135480044413819E-01  2.5049494543036032E-03  1.6247339597156220E-02  3.6924098187284628E-08
   398   37.810000      0.0000000000000000E+00  7.1988036132864073E-08  4.6469143934949514E-01  2.3736061651964454E-03  1.5654226430381148E-02  3.7562058494037844E-08
   399   37.905000      0.0000000000000000E+00  7.2471844265743225E-08  4.5810613041607406E-01  2.3186928090381102E-03  1.4793763057328874E-02  4.0407220191340670E-08
   400   38.000000      0.0000000000000000E+00  7.2525261585310768E-08  4.5184141179919290E-01  2.3909368663561979E-03  1.3678752626681924E-02  4.3805916950247937E-08
   401   38.095000      0.0000000000000000E+00  7.0978078851417819E-08  4.4608615970541199E-01  2.6142807390289618E-03  1.2430888391949222E-02  4.8822351164433555E-08
   402   38.190000      0.0000000000000000E+00  6.7820313916423096E-08  4.4100061584367389E-01  2.9746797934364798E-03  1.1256619039795690E-02  5.5464505528229259E-08
   403   38.285000      0.0000000000000000E+00  6.5455179097182539E-08  4.3675184021386304E-01  3.4250257477724377E-03  1.0397085064112641E-02  6.1308424511867660E-08
   404   38.380000      0.0000000000000000E+00  6.6421600267636950E-08  4.3350586577915878E-01  3.9031388826387074E-03  1.0078555726298495E-02  6.3107953370792961E-08
   405   38.475000      0.0000000000000000E+00  6.9012057837413993E-08  4.3137847810529772E-01  4.3471384892211249E-03  1.0472951813837403E-02  6.1838720142283793E-08
   406   38.570000      0.0000000000000000E+00  6.9851680039799934E-08  4.3039727025818331E-01  4.7061607044193623E-03  1.1664117711574939E-02  6.0308466050683073E-08
   407   38.665000      0.0000000000000000E+00  6.9561029873507355E-08  4.3050692279835601E-01  4.9444264894463359E-03  1.3617849175673259E-02  5.7068683110699286E-08
   408   38.760000      0.0000000000000000E+00  7.0579252163363725E-08  4.3159357853921532E-01  5.0417442237216167E-03  1.6174946868436423E-02  4.9788706051278252E-08
   409   38.855000      0.0000000000000000E+00  7.3271075255478718E-08  4.3349583335321074E-01  4.9927370641336417E-03  1.9078144834215580E-02  3.9667979247194844E-08
   410   38.950000      0.0000000000000000E+00  7.5833683515459204E-08  4.3600161352157496E-01  4.8131582298502644E-03  2.2027076136428254E-02  3.0514271658761169E-08
   411   39.045000      0.0000000000000000E+00  7.6447088870436095E-08  4.3885951392199624E-01  4.5450837814388035E-03  2.4736304520416079E-02  2.4932597170708968E-08
   412   39.140000      0.0000000000000000E+00  7.4417010101187410E-08  4.4182361792489538E-01  4.2478134380087912E-03  2.6971001697235278E-02  2.3089582302778885E-08
   413   39.235000      0.0000000000000000E+00  6.9928937491759324E-08  4.4470789940489869E-01  3.9883390129889914E-03  2.8560718400829146E-02  2.4628533939098836E-08
   414   39.330000      0.0000000000000000E+00  6.3918360942986573E-08  4.4740825439478149E-01  3.8179628306512976E-03  2.9407900859469028E-02  2.9360771215861960E-08
   415   39.425000      0.0000000000000000E+00  5.8951571994866630E-08  4.4988379855640998E-01  3.7503339256767369E-03  2.9497238597636206E-02  3.5343242618671229E-08
   416   39.520000      0.0000000000000000E+00  5.8825194388649475E-08  4.5212056852647581E-01  3.7732403896171985E-03  2.8891814657128478E-02  3.7955652678931954E-08
   417   39.615000      0.0000000000000000E+00  6.1292176793119453E-08  4.5408729010186982E-01  3.8537426651964720E-03  2.7725318540649347E-02  3.9169097623650499E-08
   418   39.710000      0.0000000000000000E+00  5.9623181353391501E-08  4.5569717017165079E-01  3.9514083495555425E-03  2.6194165220488837E-02  4.6634408802741810E-08
   419   39.805000      0.0000000000000000E+00  5.4815633961316358E-08  4.5679031125913527E-01  4.0310261114193625E-03  2.4555226906352957E-02  5.8176359721179008E-08
   420   39.900000      0.0000000000000000E+00  5.2336611181160905E-08  4.5717164233800300E-01  4.0662504144018553E-03  2.3107390442023298E-02  6.6203419024505813E-08
   421   39.995000      0.0000000000000000E+00  5.3411662236865127E-08  4.5669585104113752E-01  4.0437912086046341E-03  2.2132728987963843E-02  6.8461471341190530E-08
   422   40.090000      0.0000000000000000E+00  5.5617045147318477E-08  4.5533523577044765E-01  3.9674877436186255E-03  2.1827633188354192E-02  6.7058132065368768E-08
