! Kinetic energy for species "positrons-up"
  Iter        Time          Total Par.             Kin. Energy
     0   0.0000000              25600  7.5618817264048377E-01
     1  0.95000000E-01          25600  7.5618850458239106E-01
     2  0.19000000              25600  7.5618949708556649E-01
     3  0.28500000              25600  7.5619113960339135E-01
     4  0.38000000              25600  7.5619341319014266E-01
     5  0.47500000              25600  7.5619628986702581E-01
     6  0.57000000              25600  7.5619973312778677E-01
     7  0.66500000              25600  7.5620369897601059E-01
     8  0.76000000              25600  7.5620813642180940E-01
     9  0.85500000              25600  7.5621298749964450E-01
    10  0.95000000              25600  7.5621818805452912E-01
    11   1.0450000              25600  7.5622366984197031E-01
    12   1.1400000              25600  7.5622936268450180E-01
    13   1.2350000              25600  7.5623519501202008E-01
    14   1.3300000              25600  7.5624109273386020E-01
    15   1.4250000              25600  7.5624697830067100E-01
    16   1.5200000              25600  7.5625277214972786E-01
    17   1.6150000              25600  7.5625839657143090E-01
    18   1.7100000              25600  7.5626377892666530E-01
    19   1.8050000              25600  7.5626885146985412E-01
    20   1.9000000              25600  7.5627354948206682E-01
    21   1.9950000              25600  7.5627781155245644E-01
    22   2.0900000              25600  7.5628158220596631E-01
    23   2.1850000              25600  7.5628481346309839E-01
    24   2.2800000              25600  7.5628746367427380E-01
    25   2.3750000              25600  7.5628949625527309E-01
    26   2.4700000              25600  7.5629088151932256E-01
    27   2.5650000              25600  7.5629160029552023E-01
    28   2.6600000              25600  7.5629164475014965E-01
    29   2.7550000              25600  7.5629101520365583E-01
    30   2.8500000              25600  7.5628971681343238E-01
    31   2.9450000              25600  7.5628775948289306E-01
    32   3.0400000              25600  7.5628516072823648E-01
    33   3.1350000              25600  7.5628195000800258E-01
    34   3.2300000              25600  7.5627817207796033E-01
    35   3.3250000              25600  7.5627388474732049E-01
    36   3.4200000              25600  7.5626915017412566E-01
    37   3.5150000              25600  7.5626402821117333E-01
    38   3.6100000              25600  7.5625857927262041E-01
    39   3.7050000              25600  7.5625287030514721E-01
    40   3.8000000              25600  7.5624697330000856E-01
    41   3.8950000              25600  7.5624095851902751E-01
    42   3.9900000              25600  7.5623489210479278E-01
    43   4.0850000              25600  7.5622884064098861E-01
    44   4.1800000              25600  7.5622287703494728E-01
    45   4.2750000              25600  7.5621707998229137E-01
    46   4.3700000              25600  7.5621152476408926E-01
    47   4.4650000              25600  7.5620627513690764E-01
    48   4.5600000              25600  7.5620138645273871E-01
    49   4.6550000              25600  7.5619691250153509E-01
    50   4.7500000              25600  7.5619290373007164E-01
    51   4.8450000              25600  7.5618940349645491E-01
    52   4.9400000              25600  7.5618645333399659E-01
    53   5.0350000              25600  7.5618409619559035E-01
    54   5.1300000              25600  7.5618236301716801E-01
    55   5.2250000              25600  7.5618125613110299E-01
    56   5.3200000              25600  7.5618075425702203E-01
    57   5.4150000              25600  7.5618083553671767E-01
    58   5.5100000              25600  7.5618149034009452E-01
    59   5.6050000              25600  7.5618270861029280E-01
    60   5.7000000              25600  7.5618445639627585E-01
    61   5.7950000              25600  7.5618666755991470E-01
    62   5.8900000              25600  7.5618925996448094E-01
    63   5.9850000              25600  7.5619215921405725E-01
    64   6.0800000              25600  7.5619530687716796E-01
    65   6.1750000              25600  7.5619865088698002E-01
    66   6.2700000              25600  7.5620213421557292E-01
    67   6.3650000              25600  7.5620569114711611E-01
    68   6.4600000              25600  7.5620924470490136E-01
    69   6.5550000              25600  7.5621269888587694E-01
    70   6.6500000              25600  7.5621593262792075E-01
    71   6.7450000              25600  7.5621880786790885E-01
    72   6.8400000              25600  7.5622119198286608E-01
    73   6.9350000              25600  7.5622297838530672E-01
    74   7.0300000              25600  7.5622408802087615E-01
    75   7.1250000              25600  7.5622445155253093E-01
    76   7.2200000              25600  7.5622398778649957E-01
    77   7.3150000              25600  7.5622259089104782E-01
    78   7.4100000              25600  7.5622012895705071E-01
    79   7.5050000              25600  7.5621645876983967E-01
    80   7.6000000              25600  7.5621145799785561E-01
    81   7.6950000              25600  7.5620504848939696E-01
    82   7.7900000              25600  7.5619717692277888E-01
    83   7.8850000              25600  7.5618776711997371E-01
    84   7.9800000              25600  7.5617669987063052E-01
    85   8.0750000              25600  7.5616384174142870E-01
    86   8.1700000              25600  7.5614908021487981E-01
    87   8.2650000              25600  7.5613232021024390E-01
    88   8.3600000              25600  7.5611345261445151E-01
    89   8.4550000              25600  7.5609233795318198E-01
    90   8.5500000              25600  7.5606882386534480E-01
    91   8.6450000              25600  7.5604277503895112E-01
    92   8.7400000              25600  7.5601408199229914E-01
    93   8.8350000              25600  7.5598263576678359E-01
    94   8.9300000              25600  7.5594828801564340E-01
    95   9.0250000              25600  7.5591082602670423E-01
    96   9.1200000              25600  7.5586997146145618E-01
    97   9.2150000              25600  7.5582539362188306E-01
    98   9.3100000              25600  7.5577672807780272E-01
    99   9.4050000              25600  7.5572358842381160E-01
   100   9.5000000              25600  7.5566555800293900E-01
   101   9.5950000              25600  7.5560216936148483E-01
   102   9.6900000              25600  7.5553289592735040E-01
   103   9.7850000              25600  7.5545716417975606E-01
   104   9.8800000              25600  7.5537437127069507E-01
   105   9.9750000              25600  7.5528388959713744E-01
   106   10.070000              25600  7.5518504712745260E-01
   107   10.165000              25600  7.5507708683651220E-01
   108   10.260000              25600  7.5495912734614001E-01
   109   10.355000              25600  7.5483014958991879E-01
   110   10.450000              25600  7.5468901557951806E-01
   111   10.545000              25600  7.5453450184977333E-01
   112   10.640000              25600  7.5436531697305553E-01
   113   10.735000              25600  7.5418007964114353E-01
   114   10.830000              25600  7.5397726716002178E-01
   115   10.925000              25600  7.5375517571874651E-01
   116   11.020000              25600  7.5351192225794050E-01
   117   11.115000              25600  7.5324547871491720E-01
   118   11.210000              25600  7.5295371451953075E-01
   119   11.305000              25600  7.5263443786625839E-01
   120   11.400000              25600  7.5228543834403694E-01
   121   11.495000              25600  7.5190452056550905E-01
   122   11.590000              25600  7.5148949587981395E-01
   123   11.685000              25600  7.5103811734100667E-01
   124   11.780000              25600  7.5054800350349660E-01
   125   11.875000              25600  7.5001662192719498E-01
   126   11.970000              25600  7.4944134114352234E-01
   127   12.065000              25600  7.4881949465664510E-01
   128   12.160000              25600  7.4814844097760136E-01
   129   12.255000              25600  7.4742568496307138E-01
   130   12.350000              25600  7.4664906456471269E-01
   131   12.445000              25600  7.4581686552617754E-01
   132   12.540000              25600  7.4492776820002737E-01
   133   12.635000              25600  7.4398075097761573E-01
   134   12.730000              25600  7.4297519305864101E-01
   135   12.825000              25600  7.4191121342961130E-01
   136   12.920000              25600  7.4078998085578018E-01
   137   13.015000              25600  7.3961372830224481E-01
   138   13.110000              25600  7.3838541915149780E-01
   139   13.205000              25600  7.3710820830070611E-01
   140   13.300000              25600  7.3578500510895117E-01
   141   13.395000              25600  7.3441846558408441E-01
   142   13.490000              25600  7.3301136056434002E-01
   143   13.585000              25600  7.3156673476468703E-01
   144   13.680000              25600  7.3008748460089801E-01
   145   13.775000              25600  7.2857584454093161E-01
   146   13.870000              25600  7.2703343950380084E-01
   147   13.965000              25600  7.2546186579220429E-01
   148   14.060000              25600  7.2386323312013978E-01
   149   14.155000              25600  7.2224022721049441E-01
   150   14.250000              25600  7.2059575066584514E-01
   151   14.345000              25600  7.1893261823084997E-01
   152   14.440000              25600  7.1725364049606788E-01
   153   14.535000              25600  7.1556198338661314E-01
   154   14.630000              25600  7.1386168090656121E-01
   155   14.725000              25600  7.1215824310904030E-01
   156   14.820000              25600  7.1045899548880520E-01
   157   14.915000              25600  7.0877297976761688E-01
   158   15.010000              25600  7.0711043296695886E-01
   159   15.105000              25600  7.0548221121205190E-01
   160   15.200000              25600  7.0389955596063758E-01
   161   15.295000              25600  7.0237391922515213E-01
   162   15.390000              25600  7.0091646052068857E-01
   163   15.485000              25600  6.9953733320723699E-01
   164   15.580000              25600  6.9824527599287944E-01
   165   15.675000              25600  6.9704766188552236E-01
   166   15.770000              25600  6.9595072652667000E-01
   167   15.865000              25600  6.9496028955328037E-01
   168   15.960000              25600  6.9408346718031921E-01
   169   16.055000              25600  6.9333057388989427E-01
   170   16.150000              25600  6.9271626064065683E-01
   171   16.245000              25600  6.9225970842281837E-01
   172   16.340000              25600  6.9198379049594894E-01
   173   16.435000              25600  6.9191187503714158E-01
   174   16.530000              25600  6.9206137324751160E-01
   175   16.625000              25600  6.9243736737877981E-01
   176   16.720000              25600  6.9303060869679745E-01
   177   16.815000              25600  6.9381742688169046E-01
   178   16.910000              25600  6.9475922045487359E-01
   179   17.005000              25600  6.9580552919902305E-01
   180   17.100000              25600  6.9690044862449629E-01
   181   17.195000              25600  6.9798842578825104E-01
   182   17.290000              25600  6.9901900436829645E-01
   183   17.385000              25600  6.9995116237263266E-01
   184   17.480000              25600  7.0075569455699538E-01
   185   17.575000              25600  7.0141509011521574E-01
   186   17.670000              25600  7.0192247442229705E-01
   187   17.765000              25600  7.0227917995137679E-01
   188   17.860000              25600  7.0249031149969154E-01
   189   17.955000              25600  7.0256068783985071E-01
   190   18.050000              25600  7.0249351714906982E-01
   191   18.145000              25600  7.0228996357663609E-01
   192   18.240000              25600  7.0194744984420554E-01
   193   18.335000              25600  7.0145851992293418E-01
   194   18.430000              25600  7.0081257443404921E-01
   195   18.525000              25600  6.9999933679366444E-01
   196   18.620000              25600  6.9901045761041392E-01
   197   18.715000              25600  6.9783910061584775E-01
   198   18.810000              25600  6.9648117758477179E-01
   199   18.905000              25600  6.9493937244855553E-01
   200   19.000000              25600  6.9322634608493638E-01
   201   19.095000              25600  6.9136392797018287E-01
   202   19.190000              25600  6.8938072586789501E-01
   203   19.285000              25600  6.8731216995376632E-01
   204   19.380000              25600  6.8520190544241988E-01
   205   19.475000              25600  6.8309993002466740E-01
   206   19.570000              25600  6.8105746204905171E-01
   207   19.665000              25600  6.7912362115285974E-01
   208   19.760000              25600  6.7734542567965594E-01
   209   19.855000              25600  6.7576706032517020E-01
   210   19.950000              25600  6.7442657286685392E-01
   211   20.045000              25600  6.7335313296534138E-01
   212   20.140000              25600  6.7256736479490831E-01
   213   20.235000              25600  6.7208375976071277E-01
   214   20.330000              25600  6.7191233987349031E-01
   215   20.425000              25600  6.7205801473976579E-01
   216   20.520000              25600  6.7251911965475442E-01
   217   20.615000              25600  6.7328716567884905E-01
   218   20.710000              25600  6.7434827867404801E-01
   219   20.805000              25600  6.7568502955081255E-01
   220   20.900000              25600  6.7727676464392694E-01
   221   20.995000              25600  6.7909817224472135E-01
   222   21.090000              25600  6.8111783345813381E-01
   223   21.185000              25600  6.8329877761370583E-01
   224   21.280000              25600  6.8560065613690679E-01
   225   21.375000              25600  6.8798117367098277E-01
   226   21.470000              25600  6.9039493854633971E-01
   227   21.565000              25600  6.9279140945500584E-01
   228   21.660000              25600  6.9511576538369413E-01
   229   21.755000              25600  6.9731358863898618E-01
   230   21.850000              25600  6.9933613109839721E-01
   231   21.945000              25600  7.0114273058211540E-01
   232   22.040000              25600  7.0270074000370353E-01
   233   22.135000              25600  7.0398583564333639E-01
   234   22.230000              25600  7.0498309826305405E-01
   235   22.325000              25600  7.0568649341157119E-01
   236   22.420000              25600  7.0609627595083957E-01
   237   22.515000              25600  7.0621653851850008E-01
   238   22.610000              25600  7.0605501826815220E-01
   239   22.705000              25600  7.0562473376594981E-01
   240   22.800000              25600  7.0494483855597112E-01
   241   22.895000              25600  7.0403914427285574E-01
   242   22.990000              25600  7.0293359765951424E-01
   243   23.085000              25600  7.0165418763267662E-01
   244   23.180000              25600  7.0022500164848411E-01
   245   23.275000              25600  6.9866665226238367E-01
   246   23.370000              25600  6.9699519619533401E-01
   247   23.465000              25600  6.9522020308177424E-01
   248   23.560000              25600  6.9334389150683517E-01
   249   23.655000              25600  6.9136450658966275E-01
   250   23.750000              25600  6.8928181861816706E-01
   251   23.845000              25600  6.8710019748534679E-01
   252   23.940000              25600  6.8482881668384432E-01
   253   24.035000              25600  6.8248165394389626E-01
   254   24.130000              25600  6.8007616743151000E-01
   255   24.225000              25600  6.7763041706477478E-01
   256   24.320000              25600  6.7516345077758588E-01
   257   24.415000              25600  6.7269878043895504E-01
   258   24.510000              25600  6.7026544682056211E-01
   259   24.605000              25600  6.6789409411988343E-01
   260   24.700000              25600  6.6561164200395273E-01
   261   24.795000              25600  6.6343843042173289E-01
   262   24.890000              25600  6.6138574518327542E-01
   263   24.985000              25600  6.5944999961234307E-01
   264   25.080000              25600  6.5760893352704186E-01
   265   25.175000              25600  6.5582820914968953E-01
   266   25.270000              25600  6.5407206800697271E-01
   267   25.365000              25600  6.5230675930921689E-01
   268   25.460000              25600  6.5049786585318958E-01
   269   25.555000              25600  6.4861114083681559E-01
   270   25.650000              25600  6.4661729333261353E-01
   271   25.745000              25600  6.4449161175272907E-01
   272   25.840000              25600  6.4220764805446495E-01
   273   25.935000              25600  6.3973507407089358E-01
   274   26.030000              25600  6.3704499409773174E-01
   275   26.125000              25600  6.3411649996447439E-01
   276   26.220000              25600  6.3094307280621076E-01
   277   26.315000              25600  6.2753793992581008E-01
   278   26.410000              25600  6.2393470531968009E-01
   279   26.505000              25600  6.2018469991968828E-01
   280   26.600000              25600  6.1635305984043687E-01
   281   26.695000              25600  6.1251422533403366E-01
   282   26.790000              25600  6.0874587825272275E-01
   283   26.885000              25600  6.0511928629899558E-01
   284   26.980000              25600  6.0169121441161855E-01
   285   27.075000              25600  5.9850200787283492E-01
   286   27.170000              25600  5.9557670087946191E-01
   287   27.265000              25600  5.9292653595012945E-01
   288   27.360000              25600  5.9055211422002907E-01
   289   27.455000              25600  5.8844977112818886E-01
   290   27.550000              25600  5.8662093124311254E-01
   291   27.645000              25600  5.8507946587351589E-01
   292   27.740000              25600  5.8385318331263192E-01
   293   27.835000              25600  5.8297957743914997E-01
   294   27.930000              25600  5.8249624403972766E-01
   295   28.025000              25600  5.8242983139380955E-01
   296   28.120000              25600  5.8279085786910079E-01
   297   28.215000              25600  5.8357748159009648E-01
   298   28.310000              25600  5.8478129353315000E-01
   299   28.405000              25600  5.8638854543570651E-01
   300   28.500000              25600  5.8837739774374098E-01
   301   28.595000              25600  5.9071445620780927E-01
   302   28.690000              25600  5.9335467815449183E-01
   303   28.785000              25600  5.9624604790111113E-01
   304   28.880000              25600  5.9933726365649775E-01
   305   28.975000              25600  6.0258857408185240E-01
   306   29.070000              25600  6.0598467013517587E-01
   307   29.165000              25600  6.0954138962551174E-01
   308   29.260000              25600  6.1329701356440469E-01
   309   29.355000              25600  6.1729061332001800E-01
   310   29.450000              25600  6.2154078461192186E-01
   311   29.545000              25600  6.2604049278566642E-01
   312   29.640000              25600  6.3076751818123633E-01
   313   29.735000              25600  6.3569367388265507E-01
   314   29.830000              25600  6.4078174543214794E-01
   315   29.925000              25600  6.4597829611136337E-01
   316   30.020000              25600  6.5121767721844037E-01
   317   30.115000              25600  6.5643811796961726E-01
   318   30.210000              25600  6.6159299376776870E-01
   319   30.305000              25600  6.6664833546190638E-01
   320   30.400000              25600  6.7157703978417227E-01
   321   30.495000              25600  6.7635711395830311E-01
   322   30.590000              25600  6.8096209905706861E-01
   323   30.685000              25600  6.8533502822779069E-01
   324   30.780000              25600  6.8936214063694323E-01
   325   30.875000              25600  6.9287414428582439E-01
   326   30.970000              25600  6.9568427700211544E-01
   327   31.065000              25600  6.9763404454636269E-01
   328   31.160000              25600  6.9862124928261793E-01
   329   31.255000              25600  6.9862180200962587E-01
   330   31.350000              25600  6.9771398508447535E-01
   331   31.445000              25600  6.9607694710029300E-01
   332   31.540000              25600  6.9393980640674502E-01
   333   31.635000              25600  6.9150100232514489E-01
   334   31.730000              25600  6.8886550476899078E-01
   335   31.825000              25600  6.8604016201718854E-01
   336   31.920000              25600  6.8298293251815800E-01
   337   32.015000              25600  6.7966628589544742E-01
   338   32.110000              25600  6.7611794193904950E-01
   339   32.205000              25600  6.7242313347883576E-01
   340   32.300000              25600  6.6870000344527147E-01
   341   32.395000              25600  6.6506962023260585E-01
   342   32.490000              25600  6.6164035751401296E-01
   343   32.585000              25600  6.5850304503011037E-01
   344   32.680000              25600  6.5572533849671200E-01
   345   32.775000              25600  6.5335075417864652E-01
   346   32.870000              25600  6.5139533293153529E-01
   347   32.965000              25600  6.4983955874927113E-01
   348   33.060000              25600  6.4863104168222785E-01
   349   33.155000              25600  6.4769799295326913E-01
   350   33.250000              25600  6.4696459374862147E-01
   351   33.345000              25600  6.4636453038697972E-01
   352   33.440000              25600  6.4585080304069598E-01
   353   33.535000              25600  6.4540189058325192E-01
   354   33.630000              25600  6.4501993651005529E-01
   355   33.725000              25600  6.4471630656011958E-01
   356   33.820000              25600  6.4449430140004971E-01
   357   33.915000              25600  6.4434187961665779E-01
   358   34.010000              25600  6.4423225337446377E-01
   359   34.105000              25600  6.4412909175357602E-01
   360   34.200000              25600  6.4399710015447587E-01
   361   34.295000              25600  6.4380936679506418E-01
   362   34.390000              25600  6.4354404815513355E-01
   363   34.485000              25600  6.4317704985825230E-01
   364   34.580000              25600  6.4267955983033631E-01
   365   34.675000              25600  6.4202157560084860E-01
   366   34.770000              25600  6.4117793537142442E-01
   367   34.865000              25600  6.4013294768587725E-01
   368   34.960000              25600  6.3888163894578898E-01
   369   35.055000              25600  6.3742842041801673E-01
   370   35.150000              25600  6.3578694569530314E-01
   371   35.245000              25600  6.3398215005987868E-01
   372   35.340000              25600  6.3204878418361199E-01
   373   35.435000              25600  6.3002359467757074E-01
   374   35.530000              25600  6.2793764054740520E-01
   375   35.625000              25600  6.2581600454598640E-01
   376   35.720000              25600  6.2368248447086361E-01
   377   35.815000              25600  6.2156262262390860E-01
   378   35.910000              25600  6.1948606885419932E-01
   379   36.005000              25600  6.1748922010602469E-01
   380   36.100000              25600  6.1561164270956104E-01
   381   36.195000              25600  6.1388725148948720E-01
   382   36.290000              25600  6.1234069890542564E-01
   383   36.385000              25600  6.1099231428936562E-01
   384   36.480000              25600  6.0986603424002506E-01
   385   36.575000              25600  6.0899336702234907E-01
   386   36.670000              25600  6.0841181569998959E-01
   387   36.765000              25600  6.0815911663468403E-01
   388   36.860000              25600  6.0826363934320460E-01
   389   36.955000              25600  6.0873655163685647E-01
   390   37.050000              25600  6.0956911403983405E-01
   391   37.145000              25600  6.1073149441839791E-01
   392   37.240000              25600  6.1217339730042086E-01
   393   37.335000              25600  6.1382806443692950E-01
   394   37.430000              25600  6.1561798367632714E-01
   395   37.525000              25600  6.1745953153067124E-01
   396   37.620000              25600  6.1926100523635419E-01
   397   37.715000              25600  6.2091151401638323E-01
   398   37.810000              25600  6.2227374246346467E-01
   399   37.905000              25600  6.2319875477403985E-01
   400   38.000000              25600  6.2355700540501502E-01
   401   38.095000              25600  6.2325700342777268E-01
   402   38.190000              25600  6.2223287392320259E-01
   403   38.285000              25600  6.2041638199818405E-01
   404   38.380000              25600  6.1772852582817195E-01
   405   38.475000              25600  6.1410151941372626E-01
   406   38.570000              25600  6.0950924366332182E-01
   407   38.665000              25600  6.0398377410231074E-01
   408   38.760000              25600  5.9761745454558302E-01
   409   38.855000              25600  5.9055918008735975E-01
   410   38.950000              25600  5.8301326994456637E-01
   411   39.045000              25600  5.7524154863895616E-01
   412   39.140000              25600  5.6756333821795590E-01
   413   39.235000              25600  5.6034792461852434E-01
   414   39.330000              25600  5.5399055523747665E-01
   415   39.425000              25600  5.4886948077437914E-01
   416   39.520000              25600  5.4528439945512330E-01
   417   39.615000              25600  5.4340965051448797E-01
   418   39.710000              25600  5.4329449325968804E-01
   419   39.805000              25600  5.4489863109847203E-01
   420   39.900000              25600  5.4813215286166639E-01
   421   39.995000              25600  5.5287505186452424E-01
   422   40.090000              25600  5.5898233460577396E-01
