! Kinetic energy for species "positrons-down"
  Iter        Time          Total Par.             Kin. Energy
     0   0.0000000              25600  7.5638806163124084E-01
     1  0.95000000E-01          25600  7.5638771956709672E-01
     2  0.19000000              25600  7.5638669910741640E-01
     3  0.28500000              25600  7.5638501701380689E-01
     4  0.38000000              25600  7.5638269895233989E-01
     5  0.47500000              25600  7.5637977685191271E-01
     6  0.57000000              25600  7.5637628823621872E-01
     7  0.66500000              25600  7.5637227697474674E-01
     8  0.76000000              25600  7.5636779383920383E-01
     9  0.85500000              25600  7.5636289687226088E-01
    10  0.95000000              25600  7.5635765160404389E-01
    11   1.0450000              25600  7.5635212953685615E-01
    12   1.1400000              25600  7.5634640456192481E-01
    13   1.2350000              25600  7.5634054958748309E-01
    14   1.3300000              25600  7.5633463561994885E-01
    15   1.4250000              25600  7.5632873365937603E-01
    16   1.5200000              25600  7.5632291746518887E-01
    17   1.6150000              25600  7.5631726365622476E-01
    18   1.7100000              25600  7.5631184778471128E-01
    19   1.8050000              25600  7.5630673952603977E-01
    20   1.9000000              25600  7.5630200087697363E-01
    21   1.9950000              25600  7.5629768794208974E-01
    22   2.0900000              25600  7.5629385427134033E-01
    23   2.1850000              25600  7.5629055272345180E-01
    24   2.2800000              25600  7.5628783275095501E-01
    25   2.3750000              25600  7.5628573348066275E-01
    26   2.4700000              25600  7.5628427887106198E-01
    27   2.5650000              25600  7.5628348041449778E-01
    28   2.6600000              25600  7.5628334337489300E-01
    29   2.7550000              25600  7.5628386836627692E-01
    30   2.8500000              25600  7.5628504839391786E-01
    31   2.9450000              25600  7.5628686759182207E-01
    32   3.0400000              25600  7.5628930219503931E-01
    33   3.1350000              25600  7.5629232012557956E-01
    34   3.2300000              25600  7.5629588055623498E-01
    35   3.3250000              25600  7.5629993637551407E-01
    36   3.4200000              25600  7.5630443631742483E-01
    37   3.5150000              25600  7.5630932279827601E-01
    38   3.6100000              25600  7.5631452936639154E-01
    39   3.7050000              25600  7.5631998348063456E-01
    40   3.8000000              25600  7.5632561124798503E-01
    41   3.8950000              25600  7.5633133713808731E-01
    42   3.9900000              25600  7.5633708077649220E-01
    43   4.0850000              25600  7.5634275771050141E-01
    44   4.1800000              25600  7.5634828393714137E-01
    45   4.2750000              25600  7.5635357970731310E-01
    46   4.3700000              25600  7.5635857159539144E-01
    47   4.4650000              25600  7.5636319353566517E-01
    48   4.5600000              25600  7.5636738634490097E-01
    49   4.6550000              25600  7.5637109505550759E-01
    50   4.7500000              25600  7.5637426508715344E-01
    51   4.8450000              25600  7.5637684247353965E-01
    52   4.9400000              25600  7.5637878261207780E-01
    53   5.0350000              25600  7.5638006021190929E-01
    54   5.1300000              25600  7.5638066664918402E-01
    55   5.2250000              25600  7.5638059458027973E-01
    56   5.3200000              25600  7.5637982584619823E-01
    57   5.4150000              25600  7.5637833516136321E-01
    58   5.5100000              25600  7.5637610518600129E-01
    59   5.6050000              25600  7.5637313820798013E-01
    60   5.7000000              25600  7.5636945460261318E-01
    61   5.7950000              25600  7.5636508211875286E-01
    62   5.8900000              25600  7.5636004832895942E-01
    63   5.9850000              25600  7.5635438294975033E-01
    64   6.0800000              25600  7.5634812478934033E-01
    65   6.1750000              25600  7.5634132513801622E-01
    66   6.2700000              25600  7.5633404776999158E-01
    67   6.3650000              25600  7.5632636796279029E-01
    68   6.4600000              25600  7.5631836384352491E-01
    69   6.5550000              25600  7.5631009739976429E-01
    70   6.6500000              25600  7.5630160300377280E-01
    71   6.7450000              25600  7.5629289998579652E-01
    72   6.8400000              25600  7.5628401602026551E-01
    73   6.9350000              25600  7.5627499631611350E-01
    74   7.0300000              25600  7.5626589459846816E-01
    75   7.1250000              25600  7.5625675738185549E-01
    76   7.2200000              25600  7.5624760832799209E-01
    77   7.3150000              25600  7.5623843774999555E-01
    78   7.4100000              25600  7.5622920792011583E-01
    79   7.5050000              25600  7.5621987714404981E-01
    80   7.6000000              25600  7.5621042287983542E-01
    81   7.6950000              25600  7.5620083597377463E-01
    82   7.7900000              25600  7.5619108455733164E-01
    83   7.8850000              25600  7.5618108186809208E-01
    84   7.9800000              25600  7.5617069266458525E-01
    85   8.0750000              25600  7.5615977261592981E-01
    86   8.1700000              25600  7.5614819712722325E-01
    87   8.2650000              25600  7.5613584593543814E-01
    88   8.3600000              25600  7.5612256175523307E-01
    89   8.4550000              25600  7.5610813257014220E-01
    90   8.5500000              25600  7.5609231578258718E-01
    91   8.6450000              25600  7.5607487278751262E-01
    92   8.7400000              25600  7.5605557842997850E-01
    93   8.8350000              25600  7.5603420159343604E-01
    94   8.9300000              25600  7.5601047323071380E-01
    95   9.0250000              25600  7.5598405641974453E-01
    96   9.1200000              25600  7.5595453129045187E-01
    97   9.2150000              25600  7.5592141034651505E-01
    98   9.3100000              25600  7.5588418341395425E-01
    99   9.4050000              25600  7.5584235422097645E-01
   100   9.5000000              25600  7.5579542225865559E-01
   101   9.5950000              25600  7.5574281668647336E-01
   102   9.6900000              25600  7.5568385222001289E-01
   103   9.7850000              25600  7.5561776832286820E-01
   104   9.8800000              25600  7.5554382450208535E-01
   105   9.9750000              25600  7.5546134915891328E-01
   106   10.070000              25600  7.5536967697043744E-01
   107   10.165000              25600  7.5526803222230265E-01
   108   10.260000              25600  7.5515547109994641E-01
   109   10.355000              25600  7.5503091845223080E-01
   110   10.450000              25600  7.5489323523273688E-01
   111   10.545000              25600  7.5474124677856813E-01
   112   10.640000              25600  7.5457372252859112E-01
   113   10.735000              25600  7.5438933608772096E-01
   114   10.830000              25600  7.5418663013218423E-01
   115   10.925000              25600  7.5396399859032392E-01
   116   11.020000              25600  7.5371969104605618E-01
   117   11.115000              25600  7.5345183432512752E-01
   118   11.210000              25600  7.5315846686047405E-01
   119   11.305000              25600  7.5283758584617599E-01
   120   11.400000              25600  7.5248719627372029E-01
   121   11.495000              25600  7.5210533227876386E-01
   122   11.590000              25600  7.5169003249871613E-01
   123   11.685000              25600  7.5123927631367327E-01
   124   11.780000              25600  7.5075091006871020E-01
   125   11.875000              25600  7.5022261734395324E-01
   126   11.970000              25600  7.4965197152693164E-01
   127   12.065000              25600  7.4903653093893419E-01
   128   12.160000              25600  7.4837390786023839E-01
   129   12.255000              25600  7.4766180985492925E-01
   130   12.350000              25600  7.4689809983882005E-01
   131   12.445000              25600  7.4608088208002554E-01
   132   12.540000              25600  7.4520856070211328E-01
   133   12.635000              25600  7.4427988504468723E-01
   134   12.730000              25600  7.4329404908793650E-01
   135   12.825000              25600  7.4225080301446789E-01
   136   12.920000              25600  7.4115050607159461E-01
   137   13.015000              25600  7.3999415196395357E-01
   138   13.110000              25600  7.3878340180482938E-01
   139   13.205000              25600  7.3752057788860892E-01
   140   13.300000              25600  7.3620853051383406E-01
   141   13.395000              25600  7.3485035528107234E-01
   142   13.490000              25600  7.3344910281591602E-01
   143   13.585000              25600  7.3200776827258540E-01
   144   13.680000              25600  7.3052958378956911E-01
   145   13.775000              25600  7.2901829152990127E-01
   146   13.870000              25600  7.2747809500571958E-01
   147   13.965000              25600  7.2591328900485963E-01
   148   14.060000              25600  7.2432788550848271E-01
   149   14.155000              25600  7.2272551008627683E-01
   150   14.250000              25600  7.2110939021716480E-01
   151   14.345000              25600  7.1948219628260524E-01
   152   14.440000              25600  7.1784578160877555E-01
   153   14.535000              25600  7.1620098942061761E-01
   154   14.630000              25600  7.1454755244310642E-01
   155   14.725000              25600  7.1288423141156365E-01
   156   14.820000              25600  7.1120927505712095E-01
   157   14.915000              25600  7.0952086099487577E-01
   158   15.010000              25600  7.0781734569760957E-01
   159   15.105000              25600  7.0609734577392058E-01
   160   15.200000              25600  7.0435987399339317E-01
   161   15.295000              25600  7.0260461520490936E-01
   162   15.390000              25600  7.0083214371553326E-01
   163   15.485000              25600  6.9904389500805553E-01
   164   15.580000              25600  6.9724220363342004E-01
   165   15.675000              25600  6.9543084356945029E-01
   166   15.770000              25600  6.9361581632686997E-01
   167   15.865000              25600  6.9180581336099056E-01
   168   15.960000              25600  6.9001204395900018E-01
   169   16.055000              25600  6.8824751144471197E-01
   170   16.150000              25600  6.8652608719649066E-01
   171   16.245000              25600  6.8486173969471631E-01
   172   16.340000              25600  6.8326825919790801E-01
   173   16.435000              25600  6.8175959306314537E-01
   174   16.530000              25600  6.8034987534793601E-01
   175   16.625000              25600  6.7905231567552526E-01
   176   16.720000              25600  6.7787740377808980E-01
   177   16.815000              25600  6.7683198440036418E-01
   178   16.910000              25600  6.7592006679719296E-01
   179   17.005000              25600  6.7514460774622265E-01
   180   17.100000              25600  6.7450897479627592E-01
   181   17.195000              25600  6.7401780672903588E-01
   182   17.290000              25600  6.7367809506205734E-01
   183   17.385000              25600  6.7350088725235258E-01
   184   17.480000              25600  6.7350313244922244E-01
   185   17.575000              25600  6.7370851493764317E-01
   186   17.670000              25600  6.7414635612717588E-01
   187   17.765000              25600  6.7484879971627276E-01
   188   17.860000              25600  6.7584726999361933E-01
   189   17.955000              25600  6.7716905689935358E-01
   190   18.050000              25600  6.7883430628273067E-01
   191   18.145000              25600  6.8085351882869816E-01
   192   18.240000              25600  6.8322557935572026E-01
   193   18.335000              25600  6.8593630780536363E-01
   194   18.430000              25600  6.8895882391433316E-01
   195   18.525000              25600  6.9225611767714279E-01
   196   18.620000              25600  6.9578339658766142E-01
   197   18.715000              25600  6.9948836641798873E-01
   198   18.810000              25600  7.0331142964933291E-01
   199   18.905000              25600  7.0718897666811253E-01
   200   19.000000              25600  7.1105861526280045E-01
   201   19.095000              25600  7.1486198468081574E-01
   202   19.190000              25600  7.1854440684085996E-01
   203   19.285000              25600  7.2205556509783264E-01
   204   19.380000              25600  7.2535226045741674E-01
   205   19.475000              25600  7.2839967870020406E-01
   206   19.570000              25600  7.3117036897616716E-01
   207   19.665000              25600  7.3364293553727933E-01
   208   19.760000              25600  7.3580132666666964E-01
   209   19.855000              25600  7.3763431052154227E-01
   210   19.950000              25600  7.3913456279763912E-01
   211   20.045000              25600  7.4029720723440562E-01
   212   20.140000              25600  7.4111905719233984E-01
   213   20.235000              25600  7.4159933919523580E-01
   214   20.330000              25600  7.4174013815603479E-01
   215   20.425000              25600  7.4154592532744901E-01
   216   20.520000              25600  7.4102354144871363E-01
   217   20.615000              25600  7.4018331422971029E-01
   218   20.710000              25600  7.3904077578620719E-01
   219   20.805000              25600  7.3761650356876918E-01
   220   20.900000              25600  7.3593332882474360E-01
   221   20.995000              25600  7.3401452177885940E-01
   222   21.090000              25600  7.3188428934707161E-01
   223   21.185000              25600  7.2956734834957937E-01
   224   21.280000              25600  7.2708661944446673E-01
   225   21.375000              25600  7.2446185787811124E-01
   226   21.470000              25600  7.2171037731670107E-01
   227   21.565000              25600  7.1884834030432732E-01
   228   21.660000              25600  7.1589159561234594E-01
   229   21.755000              25600  7.1285586189530881E-01
   230   21.850000              25600  7.0975561060560488E-01
   231   21.945000              25600  7.0660272129195079E-01
   232   22.040000              25600  7.0340757641178953E-01
   233   22.135000              25600  7.0018198888469785E-01
   234   22.230000              25600  6.9694046748852001E-01
   235   22.325000              25600  6.9370030501128177E-01
   236   22.420000              25600  6.9048279107928834E-01
   237   22.515000              25600  6.8731451107948660E-01
   238   22.610000              25600  6.8422670234142513E-01
   239   22.705000              25600  6.8125305872465747E-01
   240   22.800000              25600  6.7842750356156123E-01
   241   22.895000              25600  6.7578263528465987E-01
   242   22.990000              25600  6.7334872356728015E-01
   243   23.085000              25600  6.7115307350567288E-01
   244   23.180000              25600  6.6922004277317249E-01
   245   23.275000              25600  6.6757032571401598E-01
   246   23.370000              25600  6.6621825812632607E-01
   247   23.465000              25600  6.6516940784473744E-01
   248   23.560000              25600  6.6442054734210976E-01
   249   23.655000              25600  6.6395960571351720E-01
   250   23.750000              25600  6.6376413973292259E-01
   251   23.845000              25600  6.6380128461665389E-01
   252   23.940000              25600  6.6403066937573452E-01
   253   24.035000              25600  6.6440871201572094E-01
   254   24.130000              25600  6.6489263720515623E-01
   255   24.225000              25600  6.6544364340637296E-01
   256   24.320000              25600  6.6603035640770114E-01
   257   24.415000              25600  6.6663243021020024E-01
   258   24.510000              25600  6.6724149646911002E-01
   259   24.605000              25600  6.6785911803059916E-01
   260   24.700000              25600  6.6849448467955908E-01
   261   24.795000              25600  6.6916176833543173E-01
   262   24.890000              25600  6.6987478442339343E-01
   263   24.985000              25600  6.7064077467813366E-01
   264   25.080000              25600  6.7145702117759876E-01
   265   25.175000              25600  6.7231178654612989E-01
   266   25.270000              25600  6.7318963032715384E-01
   267   25.365000              25600  6.7407883272054192E-01
   268   25.460000              25600  6.7497859707783880E-01
   269   25.555000              25600  6.7590462309678512E-01
   270   25.650000              25600  6.7688842676488470E-01
   271   25.745000              25600  6.7796582325395383E-01
   272   25.840000              25600  6.7916036181035078E-01
   273   25.935000              25600  6.8047529320887890E-01
   274   26.030000              25600  6.8189862672669665E-01
   275   26.125000              25600  6.8341177691711208E-01
   276   26.220000              25600  6.8499451057227723E-01
   277   26.315000              25600  6.8662734697808869E-01
   278   26.410000              25600  6.8829409346285086E-01
   279   26.505000              25600  6.8998564019948594E-01
   280   26.600000              25600  6.9169992058534380E-01
   281   26.695000              25600  6.9343369402012400E-01
   282   26.790000              25600  6.9517658736882815E-01
   283   26.885000              25600  6.9691255084857739E-01
   284   26.980000              25600  6.9861890279097671E-01
   285   27.075000              25600  7.0026460556317804E-01
   286   27.170000              25600  7.0181231753977280E-01
   287   27.265000              25600  7.0322012733189965E-01
   288   27.360000              25600  7.0444439877924814E-01
   289   27.455000              25600  7.0544234319231025E-01
   290   27.550000              25600  7.0616964313403274E-01
   291   27.645000              25600  7.0657821503243590E-01
   292   27.740000              25600  7.0661633322149808E-01
   293   27.835000              25600  7.0622887927189326E-01
   294   27.930000              25600  7.0536126189275694E-01
   295   28.025000              25600  7.0396704443708202E-01
   296   28.120000              25600  7.0201407950889494E-01
   297   28.215000              25600  6.9948740303253520E-01
   298   28.310000              25600  6.9639070738744935E-01
   299   28.405000              25600  6.9274970106829070E-01
   300   28.500000              25600  6.8861596277572290E-01
   301   28.595000              25600  6.8406556902582105E-01
   302   28.690000              25600  6.7919043948305791E-01
   303   28.785000              25600  6.7408562085920287E-01
   304   28.880000              25600  6.6883804746650410E-01
   305   28.975000              25600  6.6352075173947844E-01
   306   29.070000              25600  6.5819381954942646E-01
   307   29.165000              25600  6.5290826434425420E-01
   308   29.260000              25600  6.4770929381685316E-01
   309   29.355000              25600  6.4263865177031021E-01
   310   29.450000              25600  6.3773629133890430E-01
   311   29.545000              25600  6.3304081785841682E-01
   312   29.640000              25600  6.2858519939231527E-01
   313   29.735000              25600  6.2438852411812029E-01
   314   29.830000              25600  6.2045088740374366E-01
   315   29.925000              25600  6.1675833215391407E-01
   316   30.020000              25600  6.1329495044133875E-01
   317   30.115000              25600  6.1004828087334029E-01
   318   30.210000              25600  6.0700150509710071E-01
   319   30.305000              25600  6.0411917219089273E-01
   320   30.400000              25600  6.0134155638676989E-01
   321   30.495000              25600  5.9859730201188044E-01
   322   30.590000              25600  5.9582240501630102E-01
   323   30.685000              25600  5.9297270216965681E-01
   324   30.780000              25600  5.9002973011244686E-01
   325   30.875000              25600  5.8700154582204200E-01
   326   30.970000              25600  5.8391729181594210E-01
   327   31.065000              25600  5.8081215834548927E-01
   328   31.160000              25600  5.7771294447702060E-01
   329   31.255000              25600  5.7463755271794104E-01
   330   31.350000              25600  5.7160816830228289E-01
   331   31.445000              25600  5.6866931500191953E-01
   332   31.540000              25600  5.6590094039564309E-01
   333   31.635000              25600  5.6342087284468789E-01
   334   31.730000              25600  5.6137696259778891E-01
   335   31.825000              25600  5.5993159238619117E-01
   336   31.920000              25600  5.5924225437741737E-01
   337   32.015000              25600  5.5944206783671357E-01
   338   32.110000              25600  5.6062277849766629E-01
   339   32.205000              25600  5.6282202936760095E-01
   340   32.300000              25600  5.6601581227526088E-01
   341   32.395000              25600  5.7012363458332405E-01
   342   32.490000              25600  5.7503178040975234E-01
   343   32.585000              25600  5.8062172075695473E-01
   344   32.680000              25600  5.8678136181941343E-01
   345   32.775000              25600  5.9339558619543376E-01
   346   32.870000              25600  6.0033278012981750E-01
   347   32.965000              25600  6.0744560256998503E-01
   348   33.060000              25600  6.1458656032262571E-01
   349   33.155000              25600  6.2162442510145866E-01
   350   33.250000              25600  6.2845629671585002E-01
   351   33.345000              25600  6.3501593089423636E-01
   352   33.440000              25600  6.4127339281320739E-01
   353   33.535000              25600  6.4722387266979120E-01
   354   33.630000              25600  6.5287302584124918E-01
   355   33.725000              25600  6.5822605867874751E-01
   356   33.820000              25600  6.6328028978515319E-01
   357   33.915000              25600  6.6801936740310019E-01
   358   34.010000              25600  6.7240743664006253E-01
   359   34.105000              25600  6.7638494807232541E-01
   360   34.200000              25600  6.7987340971173982E-01
   361   34.295000              25600  6.8279164818953964E-01
   362   34.390000              25600  6.8507519206369694E-01
   363   34.485000              25600  6.8668865106199473E-01
   364   34.580000              25600  6.8762735835024857E-01
   365   34.675000              25600  6.8791067994158284E-01
   366   34.770000              25600  6.8757313154104616E-01
   367   34.865000              25600  6.8665902561205039E-01
   368   34.960000              25600  6.8522131445136458E-01
   369   35.055000              25600  6.8332171966649291E-01
   370   35.150000              25600  6.8103342911875431E-01
   371   35.245000              25600  6.7844847628056626E-01
   372   35.340000              25600  6.7568358298732722E-01
   373   35.435000              25600  6.7287489157428693E-01
   374   35.530000              25600  6.7016101312859166E-01
   375   35.625000              25600  6.6766094040607027E-01
   376   35.720000              25600  6.6545490073729485E-01
   377   35.815000              25600  6.6357713973253185E-01
   378   35.910000              25600  6.6202142260202046E-01
   379   36.005000              25600  6.6075110717683128E-01
   380   36.100000              25600  6.5970957179177492E-01
   381   36.195000              25600  6.5883019797429321E-01
   382   36.290000              25600  6.5804388399765568E-01
   383   36.385000              25600  6.5728533171990877E-01
   384   36.480000              25600  6.5650273475535914E-01
   385   36.575000              25600  6.5567175760779783E-01
   386   36.670000              25600  6.5481011832110780E-01
   387   36.765000              25600  6.5398673599701007E-01
   388   36.860000              25600  6.5331564762259520E-01
   389   36.955000              25600  6.5292675511916853E-01
   390   37.050000              25600  6.5291884707125636E-01
   391   37.145000              25600  6.5332004814543287E-01
   392   37.240000              25600  6.5408020788836874E-01
   393   37.335000              25600  6.5510163261489851E-01
   394   37.430000              25600  6.5629097469045516E-01
   395   37.525000              25600  6.5760342224717694E-01
   396   37.620000              25600  6.5906326459387832E-01
   397   37.715000              25600  6.6075041489313036E-01
   398   37.810000              25600  6.6275627772410406E-01
   399   37.905000              25600  6.6512954272259250E-01
   400   38.000000              25600  6.6784553094353072E-01
   401   38.095000              25600  6.7082237812500201E-01
   402   38.190000              25600  6.7395921711670514E-01
   403   38.285000              25600  6.7716561349515025E-01
   404   38.380000              25600  6.8037626578905253E-01
   405   38.475000              25600  6.8355680086043580E-01
   406   38.570000              25600  6.8670485065023668E-01
   407   38.665000              25600  6.8984281977504636E-01
   408   38.760000              25600  6.9300702411114823E-01
   409   38.855000              25600  6.9623418968462847E-01
   410   38.950000              25600  6.9953948156408785E-01
   411   39.045000              25600  7.0288918180488535E-01
   412   39.140000              25600  7.0617818204712157E-01
   413   39.235000              25600  7.0923186779948633E-01
   414   39.330000              25600  7.1184185932800881E-01
   415   39.425000              25600  7.1381434709117653E-01
   416   39.520000              25600  7.1499889393970784E-01
   417   39.615000              25600  7.1528642985016999E-01
   418   39.710000              25600  7.1458898624444167E-01
   419   39.805000              25600  7.1282581705824377E-01
   420   39.900000              25600  7.0993066269931349E-01
   421   39.995000              25600  7.0587084628813790E-01
   422   40.090000              25600  7.0066350216721074E-01
