! Kinetic energy for species "electrons-down"
  Iter        Time          Total Par.             Kin. Energy
     0   0.0000000              25600  7.5658907262826813E-01
     1  0.95000000E-01          25600  7.5658940368607608E-01
     2  0.19000000              25600  7.5659039426940433E-01
     3  0.28500000              25600  7.5659203524059992E-01
     4  0.38000000              25600  7.5659430874956657E-01
     5  0.47500000              25600  7.5659718700795164E-01
     6  0.57000000              25600  7.5660063209549167E-01
     7  0.66500000              25600  7.5660459746946862E-01
     8  0.76000000              25600  7.5660903080928765E-01
     9  0.85500000              25600  7.5661387614089914E-01
    10  0.95000000              25600  7.5661907369252135E-01
    11   1.0450000              25600  7.5662455847522425E-01
    12   1.1400000              25600  7.5663025992950306E-01
    13   1.2350000              25600  7.5663610342720933E-01
    14   1.3300000              25600  7.5664201230418993E-01
    15   1.4250000              25600  7.5664790902355916E-01
    16   1.5200000              25600  7.5665371577775975E-01
    17   1.6150000              25600  7.5665935607035684E-01
    18   1.7100000              25600  7.5666475725361559E-01
    19   1.8050000              25600  7.5666985157598321E-01
    20   1.9000000              25600  7.5667457502588431E-01
    21   1.9950000              25600  7.5667886675658469E-01
    22   2.0900000              25600  7.5668267013634138E-01
    23   2.1850000              25600  7.5668593305123399E-01
    24   2.2800000              25600  7.5668860758762757E-01
    25   2.3750000              25600  7.5669065258860835E-01
    26   2.4700000              25600  7.5669203908750293E-01
    27   2.5650000              25600  7.5669275348262655E-01
    28   2.6600000              25600  7.5669279481996521E-01
    29   2.7550000              25600  7.5669216834173247E-01
    30   2.8500000              25600  7.5669088021511233E-01
    31   2.9450000              25600  7.5668893691889083E-01
    32   3.0400000              25600  7.5668635038064247E-01
    33   3.1350000              25600  7.5668314656054148E-01
    34   3.2300000              25600  7.5667937084070802E-01
    35   3.3250000              25600  7.5667508425007457E-01
    36   3.4200000              25600  7.5667035269177751E-01
    37   3.5150000              25600  7.5666523837305566E-01
    38   3.6100000              25600  7.5665980006123745E-01
    39   3.7050000              25600  7.5665409930822591E-01
    40   3.8000000              25600  7.5664820408375699E-01
    41   3.8950000              25600  7.5664218613552436E-01
    42   3.9900000              25600  7.5663611736539682E-01
    43   4.0850000              25600  7.5663007095495849E-01
    44   4.1800000              25600  7.5662412417343472E-01
    45   4.2750000              25600  7.5661835537779454E-01
    46   4.3700000              25600  7.5661283603419349E-01
    47   4.4650000              25600  7.5660762764390688E-01
    48   4.5600000              25600  7.5660278703872597E-01
    49   4.6550000              25600  7.5659837027615118E-01
    50   4.7500000              25600  7.5659442832328194E-01
    51   4.8450000              25600  7.5659100277116886E-01
    52   4.9400000              25600  7.5658812948751053E-01
    53   5.0350000              25600  7.5658584234936066E-01
    54   5.1300000              25600  7.5658416786863514E-01
    55   5.2250000              25600  7.5658311795817934E-01
    56   5.3200000              25600  7.5658269226401953E-01
    57   5.4150000              25600  7.5658288602089407E-01
    58   5.5100000              25600  7.5658369039305140E-01
    59   5.6050000              25600  7.5658508256368706E-01
    60   5.7000000              25600  7.5658701669062034E-01
    61   5.7950000              25600  7.5658942724386768E-01
    62   5.8900000              25600  7.5659224313553564E-01
    63   5.9850000              25600  7.5659539950237076E-01
    64   6.0800000              25600  7.5659883801896299E-01
    65   6.1750000              25600  7.5660250059661061E-01
    66   6.2700000              25600  7.5660632599234923E-01
    67   6.3650000              25600  7.5661024849179248E-01
    68   6.4600000              25600  7.5661419011546549E-01
    69   6.5550000              25600  7.5661804802659183E-01
    70   6.6500000              25600  7.5662169240076849E-01
    71   6.7450000              25600  7.5662498265083100E-01
    72   6.8400000              25600  7.5662779005133385E-01
    73   6.9350000              25600  7.5663001034567623E-01
    74   7.0300000              25600  7.5663156143630950E-01
    75   7.1250000              25600  7.5663236992683702E-01
    76   7.2200000              25600  7.5663235359844028E-01
    77   7.3150000              25600  7.5663140891588454E-01
    78   7.4100000              25600  7.5662940980773263E-01
    79   7.5050000              25600  7.5662621880665093E-01
    80   7.6000000              25600  7.5662170772747106E-01
    81   7.6950000              25600  7.5661577681640269E-01
    82   7.7900000              25600  7.5660835410311089E-01
    83   7.8850000              25600  7.5659937019173151E-01
    84   7.9800000              25600  7.5658873220425749E-01
    85   8.0750000              25600  7.5657632481501413E-01
    86   8.1700000              25600  7.5656203218861506E-01
    87   8.2650000              25600  7.5654574751083570E-01
    88   8.3600000              25600  7.5652735770452795E-01
    89   8.4550000              25600  7.5650672845163025E-01
    90   8.5500000              25600  7.5648371309284113E-01
    91   8.6450000              25600  7.5645817570361806E-01
    92   8.7400000              25600  7.5643000253635195E-01
    93   8.8350000              25600  7.5639908832903568E-01
    94   8.9300000              25600  7.5636530274330649E-01
    95   9.0250000              25600  7.5632845620462308E-01
    96   9.1200000              25600  7.5628828692065109E-01
    97   9.2150000              25600  7.5624447402063066E-01
    98   9.3100000              25600  7.5619666106965322E-01
    99   9.4050000              25600  7.5614447190758449E-01
   100   9.5000000              25600  7.5608750999717278E-01
   101   9.5950000              25600  7.5602534118379383E-01
   102   9.6900000              25600  7.5595747389990664E-01
   103   9.7850000              25600  7.5588335900365911E-01
   104   9.8800000              25600  7.5580241068878795E-01
   105   9.9750000              25600  7.5571402060402670E-01
   106   10.070000              25600  7.5561753988859826E-01
   107   10.165000              25600  7.5551223312722793E-01
   108   10.260000              25600  7.5539722971215184E-01
   109   10.355000              25600  7.5527150310910995E-01
   110   10.450000              25600  7.5513389738637793E-01
   111   10.545000              25600  7.5498318374976792E-01
   112   10.640000              25600  7.5481809417660894E-01
   113   10.735000              25600  7.5463729162777005E-01
   114   10.830000              25600  7.5443929241158236E-01
   115   10.925000              25600  7.5422240070509949E-01
   116   11.020000              25600  7.5398470626002234E-01
   117   11.115000              25600  7.5372414244508779E-01
   118   11.210000              25600  7.5343855628490553E-01
   119   11.305000              25600  7.5312575314588825E-01
   120   11.400000              25600  7.5278352307987206E-01
   121   11.495000              25600  7.5240966102820650E-01
   122   11.590000              25600  7.5200195617757748E-01
   123   11.685000              25600  7.5155813243111425E-01
   124   11.780000              25600  7.5107578144967846E-01
   125   11.875000              25600  7.5055234779439628E-01
   126   11.970000              25600  7.4998516801429926E-01
   127   12.065000              25600  7.4937152388867401E-01
   128   12.160000              25600  7.4870871189326227E-01
   129   12.255000              25600  7.4799418480724844E-01
   130   12.350000              25600  7.4722575081392617E-01
   131   12.445000              25600  7.4640168652226990E-01
   132   12.540000              25600  7.4552067062273097E-01
   133   12.635000              25600  7.4458166956457283E-01
   134   12.730000              25600  7.4358403148509833E-01
   135   12.825000              25600  7.4252783032840775E-01
   136   12.920000              25600  7.4141418698756623E-01
   137   13.015000              25600  7.4024529636260139E-01
   138   13.110000              25600  7.3902410154939457E-01
   139   13.205000              25600  7.3775375299681056E-01
   140   13.300000              25600  7.3643716827783190E-01
   141   13.395000              25600  7.3507703189607732E-01
   142   13.490000              25600  7.3367617210026026E-01
   143   13.585000              25600  7.3223771765932466E-01
   144   13.680000              25600  7.3076466494205983E-01
   145   13.775000              25600  7.2925934810313886E-01
   146   13.870000              25600  7.2772347429823059E-01
   147   13.965000              25600  7.2615869453551496E-01
   148   14.060000              25600  7.2456714224305574E-01
   149   14.155000              25600  7.2295149356032562E-01
   150   14.250000              25600  7.2131462324339735E-01
   151   14.345000              25600  7.1965933395861703E-01
   152   14.440000              25600  7.1798843950941116E-01
   153   14.535000              25600  7.1630507595845683E-01
   154   14.630000              25600  7.1461317763247090E-01
   155   14.725000              25600  7.1291805848216661E-01
   156   14.820000              25600  7.1122670219860418E-01
   157   14.915000              25600  7.0954762929148718E-01
   158   15.010000              25600  7.0789040080924859E-01
   159   15.105000              25600  7.0626508020690526E-01
   160   15.200000              25600  7.0468197806772270E-01
   161   15.295000              25600  7.0315141325371278E-01
   162   15.390000              25600  7.0168321959935431E-01
   163   15.485000              25600  7.0028616007106248E-01
   164   15.580000              25600  6.9896760020730153E-01
   165   15.675000              25600  6.9773352117861132E-01
   166   15.770000              25600  6.9658889811452829E-01
   167   15.865000              25600  6.9553884318733217E-01
   168   15.960000              25600  6.9459063771875540E-01
   169   16.055000              25600  6.9375572074792402E-01
   170   16.150000              25600  6.9305093059550293E-01
   171   16.245000              25600  6.9249868046966401E-01
   172   16.340000              25600  6.9212583155715546E-01
   173   16.435000              25600  6.9196039953064536E-01
   174   16.530000              25600  6.9202542364812414E-01
   175   16.625000              25600  6.9233277966995233E-01
   176   16.720000              25600  6.9288044760651823E-01
   177   16.815000              25600  6.9365083779484338E-01
   178   16.910000              25600  6.9460817317746004E-01
   179   17.005000              25600  6.9569960845178824E-01
   180   17.100000              25600  6.9686164748410884E-01
   181   17.195000              25600  6.9802824119756224E-01
   182   17.290000              25600  6.9913857364183385E-01
   183   17.385000              25600  7.0014371248355523E-01
   184   17.480000              25600  7.0100954614431399E-01
   185   17.575000              25600  7.0171599064067802E-01
   186   17.670000              25600  7.0225536013236756E-01
   187   17.765000              25600  7.0262976040929548E-01
   188   17.860000              25600  7.0284662352249172E-01
   189   17.955000              25600  7.0291441892312245E-01
   190   18.050000              25600  7.0284057227604224E-01
   191   18.145000              25600  7.0263005552409674E-01
   192   18.240000              25600  7.0228295268495899E-01
   193   18.335000              25600  7.0179279448530230E-01
   194   18.430000              25600  7.0114793732477732E-01
   195   18.525000              25600  7.0033531711450825E-01
   196   18.620000              25600  6.9934320926095750E-01
   197   18.715000              25600  6.9816215051796915E-01
   198   18.810000              25600  6.9678718777824256E-01
   199   18.905000              25600  6.9522258271307669E-01
   200   19.000000              25600  6.9348514722201660E-01
   201   19.095000              25600  6.9160273858613264E-01
   202   19.190000              25600  6.8961058498937455E-01
   203   19.285000              25600  6.8754986960526598E-01
   204   19.380000              25600  6.8546801344465103E-01
   205   19.475000              25600  6.8341633512420086E-01
   206   19.570000              25600  6.8144486212632249E-01
   207   19.665000              25600  6.7959940578124090E-01
   208   19.760000              25600  6.7792225243279824E-01
   209   19.855000              25600  6.7645204077217125E-01
   210   19.950000              25600  6.7522103334405625E-01
   211   20.045000              25600  6.7425287289963298E-01
   212   20.140000              25600  6.7356300696739102E-01
   213   20.235000              25600  6.7316101574174270E-01
   214   20.330000              25600  6.7305253950898858E-01
   215   20.425000              25600  6.7323920903925205E-01
   216   20.520000              25600  6.7371775134680201E-01
   217   20.615000              25600  6.7448006540178185E-01
   218   20.710000              25600  6.7551458096981976E-01
   219   20.805000              25600  6.7680766842853679E-01
   220   20.900000              25600  6.7834331877240128E-01
   221   20.995000              25600  6.8010088746585240E-01
   222   21.090000              25600  6.8205280099833976E-01
   223   21.185000              25600  6.8416474829159901E-01
   224   21.280000              25600  6.8639834270521893E-01
   225   21.375000              25600  6.8871332546587349E-01
   226   21.470000              25600  6.9106680502568851E-01
   227   21.565000              25600  6.9341116457174934E-01
   228   21.660000              25600  6.9569438529342298E-01
   229   21.755000              25600  6.9786382025867710E-01
   230   21.850000              25600  6.9987086237131169E-01
   231   21.945000              25600  7.0167338029076931E-01
   232   22.040000              25600  7.0323618323242443E-01
   233   22.135000              25600  7.0453220229522073E-01
   234   22.230000              25600  7.0554447701846845E-01
   235   22.325000              25600  7.0626653093542380E-01
   236   22.420000              25600  7.0670039845487331E-01
   237   22.515000              25600  7.0685397711533182E-01
   238   22.610000              25600  7.0673969960387750E-01
   239   22.705000              25600  7.0637466187754439E-01
   240   22.800000              25600  7.0578050586371066E-01
   241   22.895000              25600  7.0498131256391439E-01
   242   22.990000              25600  7.0400063759042908E-01
   243   23.085000              25600  7.0286013743967035E-01
   244   23.180000              25600  7.0157953684759966E-01
   245   23.275000              25600  7.0017674427416443E-01
   246   23.370000              25600  6.9866811319598221E-01
   247   23.465000              25600  6.9706802032688064E-01
   248   23.560000              25600  6.9538796494025890E-01
   249   23.655000              25600  6.9363718817874398E-01
   250   23.750000              25600  6.9182364287487896E-01
   251   23.845000              25600  6.8995311034028917E-01
   252   23.940000              25600  6.8802741106401455E-01
   253   24.035000              25600  6.8604375903028991E-01
   254   24.130000              25600  6.8399581799952569E-01
   255   24.225000              25600  6.8187501563470287E-01
   256   24.320000              25600  6.7967345185681405E-01
   257   24.415000              25600  6.7738992858881231E-01
   258   24.510000              25600  6.7503403691620201E-01
   259   24.605000              25600  6.7262553764195965E-01
   260   24.700000              25600  6.7019257691920242E-01
   261   24.795000              25600  6.6776992012730740E-01
   262   24.890000              25600  6.6539371709186546E-01
   263   24.985000              25600  6.6309095467188073E-01
   264   25.080000              25600  6.6087032693485848E-01
   265   25.175000              25600  6.5872392886538145E-01
   266   25.270000              25600  6.5663544713459310E-01
   267   25.365000              25600  6.5458159762434764E-01
   268   25.460000              25600  6.5252793258933284E-01
   269   25.555000              25600  6.5043153528435482E-01
   270   25.650000              25600  6.4825059910594973E-01
   271   25.745000              25600  6.4594901398797944E-01
   272   25.840000              25600  6.4349339532535432E-01
   273   25.935000              25600  6.4085186220390189E-01
   274   26.030000              25600  6.3799749403609118E-01
   275   26.125000              25600  6.3491186603684713E-01
   276   26.220000              25600  6.3158924332317268E-01
   277   26.315000              25600  6.2804360521434988E-01
   278   26.410000              25600  6.2431391685995496E-01
   279   26.505000              25600  6.2046262507075423E-01
   280   26.600000              25600  6.1656906925684374E-01
   281   26.695000              25600  6.1271861394860438E-01
   282   26.790000              25600  6.0898795319832777E-01
   283   26.885000              25600  6.0543438350484835E-01
   284   26.980000              25600  6.0209678910651521E-01
   285   27.075000              25600  5.9900544501310882E-01
   286   27.170000              25600  5.9619136640627524E-01
   287   27.265000              25600  5.9369004658537106E-01
   288   27.360000              25600  5.9153940923064308E-01
   289   27.455000              25600  5.8977399172588973E-01
   290   27.550000              25600  5.8841857758507565E-01
   291   27.645000              25600  5.8748421624780212E-01
   292   27.740000              25600  5.8696593848182710E-01
   293   27.835000              25600  5.8684305250870072E-01
   294   27.930000              25600  5.8708402690550299E-01
   295   28.025000              25600  5.8765190404603507E-01
   296   28.120000              25600  5.8850912666205391E-01
   297   28.215000              25600  5.8962212646522927E-01
   298   28.310000              25600  5.9096289390185164E-01
   299   28.405000              25600  5.9250877669315771E-01
   300   28.500000              25600  5.9424543337330382E-01
   301   28.595000              25600  5.9617134521545911E-01
   302   28.690000              25600  5.9829759176244490E-01
   303   28.785000              25600  6.0064088385035275E-01
   304   28.880000              25600  6.0321093544807280E-01
   305   28.975000              25600  6.0599818879946643E-01
   306   29.070000              25600  6.0897116675576324E-01
   307   29.165000              25600  6.1208604096507835E-01
   308   29.260000              25600  6.1530405735102489E-01
   309   29.355000              25600  6.1860931339725100E-01
   310   29.450000              25600  6.2201686682945045E-01
   311   29.545000              25600  6.2556518220599089E-01
   312   29.640000              25600  6.2929752459291055E-01
   313   29.735000              25600  6.3324494347783888E-01
   314   29.830000              25600  6.3742192303435274E-01
   315   29.925000              25600  6.4182995692451073E-01
   316   30.020000              25600  6.4645554843460440E-01
   317   30.115000              25600  6.5126290150337163E-01
   318   30.210000              25600  6.5619731527520608E-01
   319   30.305000              25600  6.6120317442169030E-01
   320   30.400000              25600  6.6623305013512502E-01
   321   30.495000              25600  6.7122532149798597E-01
   322   30.590000              25600  6.7606965392460228E-01
   323   30.685000              25600  6.8060349228685257E-01
   324   30.780000              25600  6.8464906341946508E-01
   325   30.875000              25600  6.8806004235464591E-01
   326   30.970000              25600  6.9074496530273166E-01
   327   31.065000              25600  6.9266169452357351E-01
   328   31.160000              25600  6.9379945457617498E-01
   329   31.255000              25600  6.9417172616156420E-01
   330   31.350000              25600  6.9382891612537201E-01
   331   31.445000              25600  6.9287654607558102E-01
   332   31.540000              25600  6.9147532363339614E-01
   333   31.635000              25600  6.8981113970889441E-01
   334   31.730000              25600  6.8804568005659417E-01
   335   31.825000              25600  6.8627266392048036E-01
   336   31.920000              25600  6.8450318081027139E-01
   337   32.015000              25600  6.8268673269654057E-01
   338   32.110000              25600  6.8075752515942112E-01
   339   32.205000              25600  6.7868033897726332E-01
   340   32.300000              25600  6.7646925866678942E-01
   341   32.395000              25600  6.7417819110474630E-01
   342   32.490000              25600  6.7188042421682093E-01
   343   32.585000              25600  6.6964632699657500E-01
   344   32.680000              25600  6.6752628885262455E-01
   345   32.775000              25600  6.6554730005135387E-01
   346   32.870000              25600  6.6371582888723069E-01
   347   32.965000              25600  6.6201987630583659E-01
   348   33.060000              25600  6.6043390408001601E-01
   349   33.155000              25600  6.5892484366282855E-01
   350   33.250000              25600  6.5745421652685754E-01
   351   33.345000              25600  6.5597932796079594E-01
   352   33.440000              25600  6.5445868759657944E-01
   353   33.535000              25600  6.5286056112298652E-01
   354   33.630000              25600  6.5117025676692630E-01
   355   33.725000              25600  6.4939394115808335E-01
   356   33.820000              25600  6.4756080565967666E-01
   357   33.915000              25600  6.4572364511358171E-01
   358   34.010000              25600  6.4395291004645605E-01
   359   34.105000              25600  6.4232414461156140E-01
   360   34.200000              25600  6.4090394679294749E-01
   361   34.295000              25600  6.3973670550554529E-01
   362   34.390000              25600  6.3883202392868421E-01
   363   34.485000              25600  6.3815559094478691E-01
   364   34.580000              25600  6.3763119787170042E-01
   365   34.675000              25600  6.3715693402524487E-01
   366   34.770000              25600  6.3662719685545688E-01
   367   34.865000              25600  6.3594931105368069E-01
   368   34.960000              25600  6.3505119739755844E-01
   369   35.055000              25600  6.3388358925371224E-01
   370   35.150000              25600  6.3242089710910387E-01
   371   35.245000              25600  6.3066251644564231E-01
   372   35.340000              25600  6.2863034432886600E-01
   373   35.435000              25600  6.2635987548149996E-01
   374   35.530000              25600  6.2389215606530757E-01
   375   35.625000              25600  6.2127249424718611E-01
   376   35.720000              25600  6.1855147863130389E-01
   377   35.815000              25600  6.1578232329037763E-01
   378   35.910000              25600  6.1301783296030976E-01
   379   36.005000              25600  6.1030987006502946E-01
   380   36.100000              25600  6.0770651208351922E-01
   381   36.195000              25600  6.0524921994824021E-01
   382   36.290000              25600  6.0297514322885881E-01
   383   36.385000              25600  6.0092304197061974E-01
   384   36.480000              25600  5.9913877262758009E-01
   385   36.575000              25600  5.9767599124938586E-01
   386   36.670000              25600  5.9659068269872828E-01
   387   36.765000              25600  5.9592953478430721E-01
   388   36.860000              25600  5.9571663259787722E-01
   389   36.955000              25600  5.9594806547788459E-01
   390   37.050000              25600  5.9659752529270249E-01
   391   37.145000              25600  5.9762694798834448E-01
   392   37.240000              25600  5.9899472821268041E-01
   393   37.335000              25600  6.0065748782720252E-01
   394   37.430000              25600  6.0257112398463142E-01
   395   37.525000              25600  6.0469684418226322E-01
   396   37.620000              25600  6.0700188536919009E-01
   397   37.715000              25600  6.0944257970176963E-01
   398   37.810000              25600  6.1193758997239112E-01
   399   37.905000              25600  6.1435236470906684E-01
   400   38.000000              25600  6.1650220391913302E-01
   401   38.095000              25600  6.1816426542623804E-01
   402   38.190000              25600  6.1909307540297021E-01
   403   38.285000              25600  6.1904882060740918E-01
   404   38.380000              25600  6.1784374001685849E-01
   405   38.475000              25600  6.1538754837319221E-01
   406   38.570000              25600  6.1170258021304691E-01
   407   38.665000              25600  6.0691599277936725E-01
   408   38.760000              25600  6.0125294839279575E-01
   409   38.855000              25600  5.9503412866847138E-01
   410   38.950000              25600  5.8865253499160586E-01
   411   39.045000              25600  5.8251374278325629E-01
   412   39.140000              25600  5.7696091485101109E-01
   413   39.235000              25600  5.7221109412096871E-01
   414   39.330000              25600  5.6834572105518288E-01
   415   39.425000              25600  5.6535312221819867E-01
   416   39.520000              25600  5.6319662791045888E-01
   417   39.615000              25600  5.6188865606565352E-01
   418   39.710000              25600  5.6152230110054568E-01
   419   39.805000              25600  5.6225302076328609E-01
   420   39.900000              25600  5.6423507535020978E-01
   421   39.995000              25600  5.6754750223128381E-01
   422   40.090000              25600  5.7216207639812733E-01
