! Kinetic energy for species "electrons-up"
  Iter        Time          Total Par.             Kin. Energy
     0   0.0000000              25600  7.5659911056878193E-01
     1  0.95000000E-01          25600  7.5659876805039650E-01
     2  0.19000000              25600  7.5659774617107711E-01
     3  0.28500000              25600  7.5659606108991817E-01
     4  0.38000000              25600  7.5659373749608128E-01
     5  0.47500000              25600  7.5659080698592185E-01
     6  0.57000000              25600  7.5658730778879657E-01
     7  0.66500000              25600  7.5658328560194787E-01
     8  0.76000000              25600  7.5657879405697392E-01
     9  0.85500000              25600  7.5657389359683014E-01
    10  0.95000000              25600  7.5656864915921718E-01
    11   1.0450000              25600  7.5656312808607629E-01
    12   1.1400000              25600  7.5655739938986222E-01
    13   1.2350000              25600  7.5655153405257480E-01
    14   1.3300000              25600  7.5654560500270551E-01
    15   1.4250000              25600  7.5653968687873152E-01
    16   1.5200000              25600  7.5653385660622052E-01
    17   1.6150000              25600  7.5652819295932805E-01
    18   1.7100000              25600  7.5652277254213873E-01
    19   1.8050000              25600  7.5651766493252126E-01
    20   1.9000000              25600  7.5651293218653737E-01
    21   1.9950000              25600  7.5650863211636143E-01
    22   2.0900000              25600  7.5650481990905583E-01
    23   2.1850000              25600  7.5650154572166994E-01
    24   2.2800000              25600  7.5649885124084748E-01
    25   2.3750000              25600  7.5649676895228279E-01
    26   2.4700000              25600  7.5649532406117115E-01
    27   2.5650000              25600  7.5649453555349389E-01
    28   2.6600000              25600  7.5649441469333967E-01
    29   2.7550000              25600  7.5649496347807077E-01
    30   2.8500000              25600  7.5649617479659137E-01
    31   2.9450000              25600  7.5649803253953918E-01
    32   3.0400000              25600  7.5650051110423255E-01
    33   3.1350000              25600  7.5650357629877263E-01
    34   3.2300000              25600  7.5650718747499890E-01
    35   3.3250000              25600  7.5651129860406330E-01
    36   3.4200000              25600  7.5651585811183286E-01
    37   3.5150000              25600  7.5652080814910339E-01
    38   3.6100000              25600  7.5652608297948565E-01
    39   3.7050000              25600  7.5653160870124425E-01
    40   3.8000000              25600  7.5653730756744886E-01
    41   3.8950000              25600  7.5654310383377865E-01
    42   3.9900000              25600  7.5654892428295906E-01
    43   4.0850000              25600  7.5655469280366128E-01
    44   4.1800000              25600  7.5656032575832133E-01
    45   4.2750000              25600  7.5656573549291362E-01
    46   4.3700000              25600  7.5657084193512392E-01
    47   4.4650000              25600  7.5657558055630103E-01
    48   4.5600000              25600  7.5657989607793663E-01
    49   4.6550000              25600  7.5658373057067707E-01
    50   4.7500000              25600  7.5658702236108444E-01
    51   4.8450000              25600  7.5658971444919709E-01
    52   4.9400000              25600  7.5659176046026322E-01
    53   5.0350000              25600  7.5659312698128045E-01
    54   5.1300000              25600  7.5659379594078779E-01
    55   5.2250000              25600  7.5659376293872316E-01
    56   5.3200000              25600  7.5659302835134867E-01
    57   5.4150000              25600  7.5659158699820472E-01
    58   5.5100000              25600  7.5658942522028816E-01
    59   5.6050000              25600  7.5658653040604840E-01
    60   5.7000000              25600  7.5658290750571333E-01
    61   5.7950000              25600  7.5657858609430995E-01
    62   5.8900000              25600  7.5657360883062430E-01
    63   5.9850000              25600  7.5656801488027137E-01
    64   6.0800000              25600  7.5656183880637284E-01
    65   6.1750000              25600  7.5655512524362001E-01
    66   6.2700000              25600  7.5654793981274004E-01
    67   6.3650000              25600  7.5654036241002920E-01
    68   6.4600000              25600  7.5653246929187423E-01
    69   6.5550000              25600  7.5652431872628512E-01
    70   6.6500000              25600  7.5651594817098733E-01
    71   6.7450000              25600  7.5650738377449711E-01
    72   6.8400000              25600  7.5649865735687660E-01
    73   6.9350000              25600  7.5648981828723105E-01
    74   7.0300000              25600  7.5648092807365530E-01
    75   7.1250000              25600  7.5647203959583820E-01
    76   7.2200000              25600  7.5646317730885959E-01
    77   7.3150000              25600  7.5645433452832200E-01
    78   7.4100000              25600  7.5644548838339465E-01
    79   7.5050000              25600  7.5643661670752271E-01
    80   7.6000000              25600  7.5642770133395976E-01
    81   7.6950000              25600  7.5641871749954581E-01
    82   7.7900000              25600  7.5640961995092704E-01
    83   7.8850000              25600  7.5640033456732647E-01
    84   7.9800000              25600  7.5639075938761280E-01
    85   8.0750000              25600  7.5638077466243225E-01
    86   8.1700000              25600  7.5637025287887405E-01
    87   8.2650000              25600  7.5635905520361024E-01
    88   8.3600000              25600  7.5634701481158517E-01
    89   8.4550000              25600  7.5633392588097625E-01
    90   8.5500000              25600  7.5631955179763422E-01
    91   8.6450000              25600  7.5630364504148462E-01
    92   8.7400000              25600  7.5628596293263017E-01
    93   8.8350000              25600  7.5626626704809241E-01
    94   8.9300000              25600  7.5624429755205669E-01
    95   9.0250000              25600  7.5621972856937858E-01
    96   9.1200000              25600  7.5619213750913838E-01
    97   9.2150000              25600  7.5616102201459423E-01
    98   9.3100000              25600  7.5612585536407284E-01
    99   9.4050000              25600  7.5608612856909307E-01
   100   9.5000000              25600  7.5604133488191527E-01
   101   9.5950000              25600  7.5599090634830990E-01
   102   9.6900000              25600  7.5593416641363109E-01
   103   9.7850000              25600  7.5587035935843716E-01
   104   9.8800000              25600  7.5579873801539277E-01
   105   9.9750000              25600  7.5571861488804681E-01
   106   10.070000              25600  7.5562931054926941E-01
   107   10.165000              25600  7.5553004280327607E-01
   108   10.260000              25600  7.5541985750238927E-01
   109   10.355000              25600  7.5529765117321257E-01
   110   10.450000              25600  7.5516224844998714E-01
   111   10.545000              25600  7.5501245938371808E-01
   112   10.640000              25600  7.5484707224436320E-01
   113   10.735000              25600  7.5466479616679283E-01
   114   10.830000              25600  7.5446420083490817E-01
   115   10.925000              25600  7.5424368888406890E-01
   116   11.020000              25600  7.5400150470006011E-01
   117   11.115000              25600  7.5373576471869441E-01
   118   11.210000              25600  7.5344450362373583E-01
   119   11.305000              25600  7.5312573395694660E-01
   120   11.400000              25600  7.5277749475929556E-01
   121   11.495000              25600  7.5239785572903428E-01
   122   11.590000              25600  7.5198488067220326E-01
   123   11.685000              25600  7.5153657471941193E-01
   124   11.780000              25600  7.5105082450034155E-01
   125   11.875000              25600  7.5052535816500821E-01
   126   11.970000              25600  7.4995777601902247E-01
   127   12.065000              25600  7.4934564397787518E-01
   128   12.160000              25600  7.4868658244739605E-01
   129   12.255000              25600  7.4797832638118744E-01
   130   12.350000              25600  7.4721879450963424E-01
   131   12.445000              25600  7.4640617686317468E-01
   132   12.540000              25600  7.4553898427177079E-01
   133   12.635000              25600  7.4461607559284060E-01
   134   12.730000              25600  7.4363673953773213E-01
   135   12.825000              25600  7.4260079892924402E-01
   136   12.920000              25600  7.4150866740089938E-01
   137   13.015000              25600  7.4036138142156582E-01
   138   13.110000              25600  7.3916063605443938E-01
   139   13.205000              25600  7.3790878020048289E-01
   140   13.300000              25600  7.3660868563471715E-01
   141   13.395000              25600  7.3526345415321670E-01
   142   13.490000              25600  7.3387610013755689E-01
   143   13.585000              25600  7.3244952143356112E-01
   144   13.680000              25600  7.3098679247723308E-01
   145   13.775000              25600  7.2949143711189790E-01
   146   13.870000              25600  7.2796737845524495E-01
   147   13.965000              25600  7.2641858786801172E-01
   148   14.060000              25600  7.2484874834174517E-01
   149   14.155000              25600  7.2326117625839781E-01
   150   14.250000              25600  7.2165880672095972E-01
   151   14.345000              25600  7.2004402234133713E-01
   152   14.440000              25600  7.1841839467004953E-01
   153   14.535000              25600  7.1678249183907750E-01
   154   14.630000              25600  7.1513575311218036E-01
   155   14.725000              25600  7.1347659718101797E-01
   156   14.820000              25600  7.1180291079063773E-01
   157   14.915000              25600  7.1011261251520785E-01
   158   15.010000              25600  7.0840403944144670E-01
   159   15.105000              25600  7.0667609510735452E-01
   160   15.200000              25600  7.0492839988119971E-01
   161   15.295000              25600  7.0316152546086208E-01
   162   15.390000              25600  7.0137707270238592E-01
   163   15.485000              25600  6.9957744593599946E-01
   164   15.580000              25600  6.9776575122022888E-01
   165   15.675000              25600  6.9594629934590768E-01
   166   15.770000              25600  6.9412538528544321E-01
   167   15.865000              25600  6.9231171552411364E-01
   168   15.960000              25600  6.9051624035360160E-01
   169   16.055000              25600  6.8875155862038540E-01
   170   16.150000              25600  6.8703112100624630E-01
   171   16.245000              25600  6.8536847689719815E-01
   172   16.340000              25600  6.8377700954433995E-01
   173   16.435000              25600  6.8227027325362866E-01
   174   16.530000              25600  6.8086206459702037E-01
   175   16.625000              25600  6.7956545845342531E-01
   176   16.720000              25600  6.7839113202288603E-01
   177   16.815000              25600  6.7734640327328244E-01
   178   16.910000              25600  6.7643584419644620E-01
   179   17.005000              25600  6.7566280211705210E-01
   180   17.100000              25600  6.7503076515937188E-01
   181   17.195000              25600  6.7454445615483194E-01
   182   17.290000              25600  6.7421121849690380E-01
   183   17.385000              25600  6.7404279980931858E-01
   184   17.480000              25600  6.7405706763583928E-01
   185   17.575000              25600  6.7427858282565545E-01
   186   17.670000              25600  6.7473713583919381E-01
   187   17.765000              25600  6.7546474415172919E-01
   188   17.860000              25600  6.7649226144759345E-01
   189   17.955000              25600  6.7784614098503970E-01
   190   18.050000              25600  6.7954552327331963E-01
   191   18.145000              25600  6.8159974564587777E-01
   192   18.240000              25600  6.8400616778851364E-01
   193   18.335000              25600  6.8674864936491753E-01
   194   18.430000              25600  6.8979831750785914E-01
   195   18.525000              25600  6.9311662608420499E-01
   196   18.620000              25600  6.9665795415364373E-01
   197   18.715000              25600  7.0037001170945690E-01
   198   18.810000              25600  7.0419397339171175E-01
   199   18.905000              25600  7.0806734190318044E-01
   200   19.000000              25600  7.1192856541639515E-01
   201   19.095000              25600  7.1571949682337999E-01
   202   19.190000              25600  7.1938522346943090E-01
   203   19.285000              25600  7.2287519064294981E-01
   204   19.380000              25600  7.2614629397813069E-01
   205   19.475000              25600  7.2916451038300267E-01
   206   19.570000              25600  7.3190415572781875E-01
   207   19.665000              25600  7.3434618744485469E-01
   208   19.760000              25600  7.3647676260245976E-01
   209   19.855000              25600  7.3828637982509471E-01
   210   19.950000              25600  7.3976878246537447E-01
   211   20.045000              25600  7.4091939178351640E-01
   212   20.140000              25600  7.4173460666454338E-01
   213   20.235000              25600  7.4221243858923236E-01
   214   20.330000              25600  7.4235286982975557E-01
   215   20.425000              25600  7.4215735961092888E-01
   216   20.520000              25600  7.4162901518815927E-01
   217   20.615000              25600  7.4077405172346100E-01
   218   20.710000              25600  7.3960358630359413E-01
   219   20.805000              25600  7.3813396366043160E-01
   220   20.900000              25600  7.3638522893161573E-01
   221   20.995000              25600  7.3437994275113128E-01
   222   21.090000              25600  7.3214326892765280E-01
   223   21.185000              25600  7.2970235514831749E-01
   224   21.280000              25600  7.2708426453310959E-01
   225   21.375000              25600  7.2431445163856467E-01
   226   21.470000              25600  7.2141697325810239E-01
   227   21.565000              25600  7.1841545868858825E-01
   228   21.660000              25600  7.1533347995395502E-01
   229   21.755000              25600  7.1219337341633904E-01
   230   21.850000              25600  7.0901354694431384E-01
   231   21.945000              25600  7.0580687542520892E-01
   232   22.040000              25600  7.0258241366032093E-01
   233   22.135000              25600  6.9934870900121537E-01
   234   22.230000              25600  6.9611586105170986E-01
   235   22.325000              25600  6.9289690688112948E-01
   236   22.420000              25600  6.8970931105810673E-01
   237   22.515000              25600  6.8657545275944565E-01
   238   22.610000              25600  6.8352193751983759E-01
   239   22.705000              25600  6.8057824988786486E-01
   240   22.800000              25600  6.7777491395737655E-01
   241   22.895000              25600  6.7514196808115379E-01
   242   22.990000              25600  6.7270846165502207E-01
   243   23.085000              25600  6.7050250217504237E-01
   244   23.180000              25600  6.6855099231058568E-01
   245   23.275000              25600  6.6687771477839308E-01
   246   23.370000              25600  6.6550002456686852E-01
   247   23.465000              25600  6.6442656730746208E-01
   248   23.560000              25600  6.6365712874655713E-01
   249   23.655000              25600  6.6318259747602859E-01
   250   23.750000              25600  6.6298378800044755E-01
   251   23.845000              25600  6.6303189361517334E-01
   252   23.940000              25600  6.6329181992972808E-01
   253   24.035000              25600  6.6372580453960395E-01
   254   24.130000              25600  6.6429541793488234E-01
   255   24.225000              25600  6.6496248876540254E-01
   256   24.320000              25600  6.6569145868610979E-01
   257   24.415000              25600  6.6645329638252782E-01
   258   24.510000              25600  6.6722738712699015E-01
   259   24.605000              25600  6.6800023120102203E-01
   260   24.700000              25600  6.6876439950575173E-01
   261   24.795000              25600  6.6951884852346433E-01
   262   24.890000              25600  6.7026871054996362E-01
   263   24.985000              25600  6.7102597259288677E-01
   264   25.080000              25600  6.7181277764883718E-01
   265   25.175000              25600  6.7266421261894205E-01
   266   25.270000              25600  6.7362531562077266E-01
   267   25.365000              25600  6.7474091211368958E-01
   268   25.460000              25600  6.7604298750369918E-01
   269   25.555000              25600  6.7754356228930501E-01
   270   25.650000              25600  6.7923527426823271E-01
   271   25.745000              25600  6.8109563958293751E-01
   272   25.840000              25600  6.8309401236113221E-01
   273   25.935000              25600  6.8519985571210495E-01
   274   26.030000              25600  6.8738587367382897E-01
   275   26.125000              25600  6.8962218354870131E-01
   276   26.220000              25600  6.9186836520948436E-01
   277   26.315000              25600  6.9407342115420634E-01
   278   26.410000              25600  6.9618574991591553E-01
   279   26.505000              25600  6.9816587020257881E-01
   280   26.600000              25600  6.9999185492193572E-01
   281   26.695000              25600  7.0165476530492643E-01
   282   26.790000              25600  7.0315055629107226E-01
   283   26.885000              25600  7.0447572798962466E-01
   284   26.980000              25600  7.0562592908096511E-01
   285   27.075000              25600  7.0659357264388944E-01
   286   27.170000              25600  7.0736826553391263E-01
   287   27.265000              25600  7.0794099424737755E-01
   288   27.360000              25600  7.0830322430317239E-01
   289   27.455000              25600  7.0843899921932885E-01
   290   27.550000              25600  7.0831785280175596E-01
   291   27.645000              25600  7.0789419239382168E-01
   292   27.740000              25600  7.0711406862916260E-01
   293   27.835000              25600  7.0592699115626234E-01
   294   27.930000              25600  7.0429627021042285E-01
   295   28.025000              25600  7.0220265871926713E-01
   296   28.120000              25600  6.9964107795694586E-01
   297   28.215000              25600  6.9661483707076166E-01
   298   28.310000              25600  6.9313340818550273E-01
   299   28.405000              25600  6.8921614559850386E-01
   300   28.500000              25600  6.8489858734832076E-01
   301   28.595000              25600  6.8023607323977187E-01
   302   28.690000              25600  6.7530379474639712E-01
   303   28.785000              25600  6.7019304598458662E-01
   304   28.880000              25600  6.6500214313986517E-01
   305   28.975000              25600  6.5982279767747665E-01
   306   29.070000              25600  6.5472645193635404E-01
   307   29.165000              25600  6.4975825786243846E-01
   308   29.260000              25600  6.4494047482368211E-01
   309   29.355000              25600  6.4028140882606643E-01
   310   29.450000              25600  6.3578326610106051E-01
   311   29.545000              25600  6.3144329518601827E-01
   312   29.640000              25600  6.2725612834567146E-01
   313   29.735000              25600  6.2322233264078541E-01
   314   29.830000              25600  6.1935350256790866E-01
   315   29.925000              25600  6.1566685010856503E-01
   316   30.020000              25600  6.1217296018137590E-01
   317   30.115000              25600  6.0886996348582656E-01
   318   30.210000              25600  6.0574977343515402E-01
   319   30.305000              25600  6.0280542569720230E-01
   320   30.400000              25600  6.0002765000175451E-01
   321   30.495000              25600  5.9739387864179128E-01
   322   30.590000              25600  5.9486435458157616E-01
   323   30.685000              25600  5.9238733081204487E-01
   324   30.780000              25600  5.8990848324775891E-01
   325   30.875000              25600  5.8737783025099333E-01
   326   30.970000              25600  5.8475355822601804E-01
   327   31.065000              25600  5.8201373441347359E-01
   328   31.160000              25600  5.7917531350357554E-01
   329   31.255000              25600  5.7630608108830217E-01
   330   31.350000              25600  5.7351563042396747E-01
   331   31.445000              25600  5.7092980561197892E-01
   332   31.540000              25600  5.6866518066332550E-01
   333   31.635000              25600  5.6681468064090246E-01
   334   31.730000              25600  5.6544665410564177E-01
   335   31.825000              25600  5.6461793416389938E-01
   336   31.920000              25600  5.6438713123045670E-01
   337   32.015000              25600  5.6481525577952651E-01
   338   32.110000              25600  5.6596040730494290E-01
   339   32.205000              25600  5.6787321496656329E-01
   340   32.300000              25600  5.7059213784603757E-01
   341   32.395000              25600  5.7413426563564052E-01
   342   32.490000              25600  5.7848413104214758E-01
   343   32.585000              25600  5.8358738133508781E-01
   344   32.680000              25600  5.8934883461102006E-01
   345   32.775000              25600  5.9563183198394321E-01
   346   32.870000              25600  6.0226645628788955E-01
   347   32.965000              25600  6.0907043281606887E-01
   348   33.060000              25600  6.1587262447851254E-01
   349   33.155000              25600  6.2252905895317012E-01
   350   33.250000              25600  6.2892888488383758E-01
   351   33.345000              25600  6.3499505910353016E-01
   352   33.440000              25600  6.4068198414217625E-01
   353   33.535000              25600  6.4596545240191960E-01
   354   33.630000              25600  6.5082970635717585E-01
   355   33.725000              25600  6.5526139069925793E-01
   356   33.820000              25600  6.5924897859381515E-01
   357   33.915000              25600  6.6278380190503938E-01
   358   34.010000              25600  6.6586201068608453E-01
   359   34.105000              25600  6.6848284180397410E-01
   360   34.200000              25600  6.7064074532328977E-01
   361   34.295000              25600  6.7231994675510232E-01
   362   34.390000              25600  6.7350000693968481E-01
   363   34.485000              25600  6.7416957656353194E-01
   364   34.580000              25600  6.7433796281593428E-01
   365   34.675000              25600  6.7403867573154308E-01
   366   34.770000              25600  6.7332773407043311E-01
   367   34.865000              25600  6.7227802563019601E-01
   368   34.960000              25600  6.7096824318007942E-01
   369   35.055000              25600  6.6947086996569971E-01
   370   35.150000              25600  6.6784705917485787E-01
   371   35.245000              25600  6.6614955388275698E-01
   372   35.340000              25600  6.6442643331071793E-01
   373   35.435000              25600  6.6271984337813006E-01
   374   35.530000              25600  6.6106341092893306E-01
   375   35.625000              25600  6.5948077682966988E-01
   376   35.720000              25600  6.5798320261541221E-01
   377   35.815000              25600  6.5656907212951521E-01
   378   35.910000              25600  6.5522643535470793E-01
   379   36.005000              25600  6.5393621438676108E-01
   380   36.100000              25600  6.5267623002803976E-01
   381   36.195000              25600  6.5142796494732857E-01
   382   36.290000              25600  6.5018290684925273E-01
   383   36.385000              25600  6.4894111691105927E-01
   384   36.480000              25600  6.4770466755948819E-01
   385   36.575000              25600  6.4647667004668108E-01
   386   36.670000              25600  6.4526837550119309E-01
   387   36.765000              25600  6.4410653206569390E-01
   388   36.860000              25600  6.4303280603337643E-01
   389   36.955000              25600  6.4209259622663062E-01
   390   37.050000              25600  6.4132224679144567E-01
   391   37.145000              25600  6.4074598881808820E-01
   392   37.240000              25600  6.4038484681526875E-01
   393   37.335000              25600  6.4027225967812407E-01
   394   37.430000              25600  6.4045739080219111E-01
   395   37.525000              25600  6.4098719351059497E-01
   396   37.620000              25600  6.4188188008423031E-01
   397   37.715000              25600  6.4312446197933792E-01
   398   37.810000              25600  6.4467805210550566E-01
   399   37.905000              25600  6.4651918329614178E-01
   400   38.000000              25600  6.4866375631759099E-01
   401   38.095000              25600  6.5116516944810099E-01
   402   38.190000              25600  6.5408264969632313E-01
   403   38.285000              25600  6.5744408396181464E-01
   404   38.380000              25600  6.6123073363569296E-01
   405   38.475000              25600  6.6539479047877137E-01
   406   38.570000              25600  6.6988740153486670E-01
   407   38.665000              25600  6.7466885360591111E-01
   408   38.760000              25600  6.7969670616485378E-01
   409   38.855000              25600  6.8490349868379841E-01
   410   38.950000              25600  6.9018304690802446E-01
   411   39.045000              25600  6.9539651885316323E-01
   412   39.140000              25600  7.0039123188539321E-01
   413   39.235000              25600  7.0501987811751643E-01
   414   39.330000              25600  7.0914898851086361E-01
   415   39.425000              25600  7.1265343933901859E-01
   416   39.520000              25600  7.1541001853803954E-01
   417   39.615000              25600  7.1729945203787215E-01
   418   39.710000              25600  7.1821611881013192E-01
   419   39.805000              25600  7.1807865037536045E-01
   420   39.900000              25600  7.1682868892521934E-01
   421   39.995000              25600  7.1442469446877876E-01
   422   40.090000              25600  7.1084178572718981E-01
