! EM field energy per field component
  Iter        Time                          B1                      B2                      B3                      E1                      E2                      E3
     0   0.0000000      0.0000000000000000E+00  0.0000000000000000E+00  0.0000000000000000E+00  0.0000000000000000E+00  0.0000000000000000E+00  0.0000000000000000E+00
     1  0.95000000E-01  0.0000000000000000E+00  5.6003052262181970E-11  3.8798154587174395E-11  7.4225479835375825E-10  7.1787962064658968E-10  6.6740755113225808E-10
     2  0.19000000      0.0000000000000000E+00  6.1273095799052967E-10  4.7088237692688391E-10  2.9296533938854850E-09  2.4339200694859899E-09  1.9002541384538921E-09
     3  0.28500000      0.0000000000000000E+00  1.7761808066611393E-09  1.6756548518959356E-09  6.4470174788026865E-09  4.6572665512144150E-09  2.9605781601971335E-09
     4  0.38000000      0.0000000000000000E+00  3.0078747715948785E-09  3.7383212504886610E-09  1.1109986177490540E-08  7.1623020260072775E-09  3.9297122571597623E-09
     5  0.47500000      0.0000000000000000E+00  4.1139636892355468E-09  6.6996122695277987E-09  1.6675211136010883E-08  9.6207813872105589E-09  4.7236511154678368E-09
     6  0.57000000      0.0000000000000000E+00  5.1824669345367969E-09  1.0401321256628697E-08  2.2853793922305613E-08  1.1869303466118212E-08  5.2383148622176055E-09
     7  0.66500000      0.0000000000000000E+00  6.2729642959578293E-09  1.4377896055002150E-08  2.9327170232757494E-08  1.4127228420033682E-08  5.5121558473521370E-09
     8  0.76000000      0.0000000000000000E+00  7.4070311795581674E-09  1.8371177402836955E-08  3.5764568080735876E-08  1.6463799416649323E-08  5.5134511796150563E-09
     9  0.85500000      0.0000000000000000E+00  8.3900654187172778E-09  2.2639990013550720E-08  4.1841041822157039E-08  1.8528536220937061E-08  5.4060389066936999E-09
    10  0.95000000      0.0000000000000000E+00  9.1632859294625811E-09  2.7562170440873621E-08  4.7255069959505708E-08  2.0107107336848695E-08  5.1985643340728615E-09
    11   1.0450000      0.0000000000000000E+00  9.8729396706530405E-09  3.3490724706646094E-08  5.1744756563152448E-08  2.1204335251981671E-08  4.7120467360113901E-09
    12   1.1400000      0.0000000000000000E+00  1.0376710894961975E-08  4.0858616211295809E-08  5.5101711218289387E-08  2.1677545505751231E-08  4.1908257370494130E-09
    13   1.2350000      0.0000000000000000E+00  1.0485959089910497E-08  4.9783184765935381E-08  5.7181880480044849E-08  2.1455527967388234E-08  3.9033952290388186E-09
    14   1.3300000      0.0000000000000000E+00  1.0245012398915815E-08  5.9748447736149989E-08  5.7912670202429292E-08  2.0766758295654229E-08  3.7761055329414338E-09
    15   1.4250000      0.0000000000000000E+00  9.6903845178755992E-09  7.0012507556368170E-08  5.7296011284979536E-08  1.9798022747164398E-08  3.8034181089525579E-09
    16   1.5200000      0.0000000000000000E+00  9.0121431564110435E-09  8.0184134354340227E-08  5.5407266366262208E-08  1.8490987732509959E-08  3.8565565091149566E-09
    17   1.6150000      0.0000000000000000E+00  8.4284444899606054E-09  9.0408369071220687E-08  5.2390023403230688E-08  1.6902060348991716E-08  3.7930580842449108E-09
    18   1.7100000      0.0000000000000000E+00  7.8735525615113353E-09  1.0149874092131987E-07  4.8447111293551380E-08  1.5086593081633009E-08  3.7737833739259908E-09
    19   1.8050000      0.0000000000000000E+00  7.3450893274914412E-09  1.1448545829576199E-07  4.3828364402125091E-08  1.2969418272827105E-08  3.7391021866474089E-09
    20   1.9000000      0.0000000000000000E+00  6.8776242156501312E-09  1.2960514986500020E-07  3.8815905532010331E-08  1.0742062931771981E-08  3.4953453326716834E-09
    21   1.9950000      0.0000000000000000E+00  6.2644838307034995E-09  1.4619341142571222E-07  3.3707797775376360E-08  8.8019402490836510E-09  3.2235226778150624E-09
    22   2.0900000      0.0000000000000000E+00  5.4934497823935023E-09  1.6354064778892401E-07  2.8800994000776143E-08  7.3471886516349722E-09  3.0206762723978871E-09
    23   2.1850000      0.0000000000000000E+00  4.8348012986239845E-09  1.8145947002458092E-07  2.4374556097780341E-08  6.4427370517819794E-09  2.7590113215125362E-09
    24   2.2800000      0.0000000000000000E+00  4.3062981893048150E-09  2.0033732370627776E-07  2.0674106405016564E-08  6.1520884500794130E-09  2.6258046314685325E-09
    25   2.3750000      0.0000000000000000E+00  3.7617474887641400E-09  2.2106425758354062E-07  1.7898381453484445E-08  6.3411288469663052E-09  2.8703603375515932E-09
    26   2.4700000      0.0000000000000000E+00  3.2107777096265328E-09  2.4468542104501950E-07  1.6188619035480904E-08  6.7201444283449779E-09  3.4090191144406209E-09
    27   2.5650000      0.0000000000000000E+00  2.7602239707094773E-09  2.7184117287665453E-07  1.5621399941834337E-08  7.1221980575438593E-09  4.0419253996681336E-09
    28   2.6600000      0.0000000000000000E+00  2.6896484676192784E-09  3.0252728536251522E-07  1.6205305315489554E-08  7.4933176999844838E-09  4.4051803658696553E-09
    29   2.7550000      0.0000000000000000E+00  3.1493983462395495E-09  3.3630722794104929E-07  1.7881525906298567E-08  7.9101874439038298E-09  4.3030763399303864E-09
    30   2.8500000      0.0000000000000000E+00  3.8448627835038422E-09  3.7296743411120748E-07  2.0528400203158006E-08  8.6790556721900975E-09  4.0748253181303438E-09
    31   2.9450000      0.0000000000000000E+00  4.6165595239672359E-09  4.1331484416056545E-07  2.3969481399270022E-08  9.9720937862158474E-09  3.8119310537049511E-09
    32   3.0400000      0.0000000000000000E+00  5.4676027747291042E-09  4.5899638878243757E-07  2.7984622009991495E-08  1.1682944356156301E-08  3.3827972151472225E-09
    33   3.1350000      0.0000000000000000E+00  6.1304545701840567E-09  5.1141387085811786E-07  3.2323472633731366E-08  1.3762744256594664E-08  3.0672276111774278E-09
    34   3.2300000      0.0000000000000000E+00  6.4255611601455355E-09  5.7102724236896655E-07  3.6720563360052164E-08  1.6373251717185964E-08  3.1219096242267246E-09
    35   3.3250000      0.0000000000000000E+00  6.5125777798546858E-09  6.3755846473149028E-07  4.0911086613142410E-08  1.9630874724530088E-08  3.4368376063643048E-09
    36   3.4200000      0.0000000000000000E+00  6.5923266506251834E-09  7.1054309717982093E-07  4.4646451893660877E-08  2.3641088801280596E-08  3.8178091420300753E-09
    37   3.5150000      0.0000000000000000E+00  6.7002342705721653E-09  7.9027008083611741E-07  4.7708659017515087E-08  2.8633604535982533E-08  4.1309234474891424E-09
    38   3.6100000      0.0000000000000000E+00  6.5913989972419068E-09  8.7893251859384461E-07  4.9922709355312593E-08  3.4674222505844888E-08  4.5178580024098854E-09
    39   3.7050000      0.0000000000000000E+00  6.1173628798592847E-09  9.8055231531078794E-07  5.1166339230527589E-08  4.1455458563239379E-08  5.0743573549042201E-09
    40   3.8000000      0.0000000000000000E+00  5.5696632211825914E-09  1.0991158309413410E-06  5.1376524376627580E-08  4.8535536945415721E-08  5.4667483734290854E-09
    41   3.8950000      0.0000000000000000E+00  5.1245770536702330E-09  1.2365753936773876E-06  5.0552454974753096E-08  5.5608152186715284E-08  5.5922828261647383E-09
    42   3.9900000      0.0000000000000000E+00  4.7029735924686420E-09  1.3926862038718335E-06  4.8754835870910302E-08  6.2399553498512264E-08  5.6629680460888052E-09
    43   4.0850000      0.0000000000000000E+00  4.4779996123042863E-09  1.5665289335639147E-06  4.6101547686573318E-08  6.8672963921182232E-08  5.4734105805017365E-09
    44   4.1800000      0.0000000000000000E+00  4.5913451527201458E-09  1.7582637929397268E-06  4.2759980343229914E-08  7.4509120098074697E-08  4.8048107647471934E-09
    45   4.2750000      0.0000000000000000E+00  4.9270616765218414E-09  1.9701143007842718E-06  3.8936548729357176E-08  8.0098442701122015E-08  3.7661669270902874E-09
    46   4.3700000      0.0000000000000000E+00  5.3227796959312640E-09  2.2057497301343891E-06  3.4864035335573174E-08  8.5461206095015729E-08  2.5840306702531856E-09
    47   4.4650000      0.0000000000000000E+00  5.5465681195532018E-09  2.4685382618372120E-06  3.0787538814238488E-08  9.0757614176843460E-08  1.7011111601735414E-09
    48   4.5600000      0.0000000000000000E+00  5.5739954110818679E-09  2.7608678366258158E-06  2.6949875608711323E-08  9.6024024803424734E-08  1.3609155361715414E-09
    49   4.6550000      0.0000000000000000E+00  5.6731679654453153E-09  3.0844252549834959E-06  2.3577260556891013E-08  1.0103420342720383E-07  1.3642124590909603E-09
    50   4.7500000      0.0000000000000000E+00  5.8900125119049265E-09  3.4403456555397819E-06  2.0866135442514512E-08  1.0594165745068520E-07  1.6701519543258403E-09
    51   4.8450000      0.0000000000000000E+00  6.1412299353164141E-09  3.8299034349622861E-06  1.8971873582604956E-08  1.1144025416579449E-07  2.3034449375171907E-09
    52   4.9400000      0.0000000000000000E+00  6.5757850355989143E-09  4.2562136916589660E-06  1.8000064983122002E-08  1.1824847403740848E-07  2.9465560276644341E-09
    53   5.0350000      0.0000000000000000E+00  7.1868576140356836E-09  4.7259001055966057E-06  1.8000850614137905E-08  1.2675845155229605E-07  3.4632561304371590E-09
    54   5.1300000      0.0000000000000000E+00  7.7233950819781706E-09  5.2491143042317995E-06  1.8966615123708308E-08  1.3726187035048702E-07  3.9977603503793220E-09
    55   5.2250000      0.0000000000000000E+00  8.1180698011284690E-09  5.8377637074262888E-06  2.0833121134130834E-08  1.5006524097476420E-07  4.4222048385488431E-09
    56   5.3200000      0.0000000000000000E+00  8.3214354232654196E-09  6.5031734345870216E-06  2.3483948120044696E-08  1.6528118278568146E-07  4.6472014319635218E-09
    57   5.4150000      0.0000000000000000E+00  8.2672727947638472E-09  7.2545124939896192E-06  2.6757978261686210E-08  1.8267930116325475E-07  4.7469545047902631E-09
    58   5.5100000      0.0000000000000000E+00  8.0621047783736789E-09  8.0984657097951967E-06  3.0459486446865795E-08  2.0200841012173655E-07  4.6909418323849317E-09
    59   5.6050000      0.0000000000000000E+00  7.6601724859322096E-09  9.0403566764833177E-06  3.4370157596611359E-08  2.2330777782086835E-07  4.6971216233619211E-09
    60   5.7000000      0.0000000000000000E+00  7.0161473845544804E-09  1.0086415315599978E-05  3.8262310472476634E-08  2.4684305204864194E-07  4.9120143681838734E-09
    61   5.7950000      0.0000000000000000E+00  6.3295604356692489E-09  1.1246073547912222E-05  4.1912552387587297E-08  2.7299913310941040E-07  5.0362365345984848E-09
    62   5.8900000      0.0000000000000000E+00  5.6040250346395329E-09  1.2533240166455051E-05  4.5114988944593812E-08  3.0222190702414457E-07  4.9764397417084356E-09
    63   5.9850000      0.0000000000000000E+00  4.7288785037820565E-09  1.3965926748520553E-05  4.7693215344774671E-08  3.3523217482787091E-07  4.8492440990300176E-09
    64   6.0800000      0.0000000000000000E+00  3.8240165863434908E-09  1.5564774197682283E-05  4.9510388640334650E-08  3.7301247015222981E-07  4.6036991327232430E-09
    65   6.1750000      0.0000000000000000E+00  3.0341624782444391E-09  1.7351379551446808E-05  5.0476841442437305E-08  4.1630779839597314E-07  4.2888842438063080E-09
    66   6.2700000      0.0000000000000000E+00  2.5360474978113059E-09  1.9347150975650472E-05  5.0554784746997478E-08  4.6555066401228643E-07  3.8982215047665595E-09
    67   6.3650000      0.0000000000000000E+00  2.3654736682208169E-09  2.1574160854679789E-05  4.9759867169141611E-08  5.2127687103021319E-07  3.4768698445414965E-09
    68   6.4600000      0.0000000000000000E+00  2.3302442787659227E-09  2.4058424461939046E-05  4.8159497508496435E-08  5.8433797492140187E-07  3.2945744792791930E-09
    69   6.5550000      0.0000000000000000E+00  2.7287744617945955E-09  2.6833093700441481E-05  4.5868133075597032E-08  6.5563538386870846E-07  2.9440726409796266E-09
    70   6.6500000      0.0000000000000000E+00  3.7865751392372094E-09  2.9938121711650148E-05  4.3039756627598774E-08  7.3611454704467291E-07  2.0138461236764784E-09
    71   6.7450000      0.0000000000000000E+00  4.6386299696891011E-09  3.3416929146573645E-05  3.9858090404913374E-08  8.2681297262670698E-07  1.4398263486215865E-09
    72   6.8400000      0.0000000000000000E+00  4.6689317568012222E-09  3.7314160958873551E-05  3.6525134712193575E-08  9.2824092735930649E-07  1.8428469783011208E-09
    73   6.9350000      0.0000000000000000E+00  4.2354911251675299E-09  4.1676449202013625E-05  3.3248732641800553E-08  1.0404287928739483E-06  2.7268128184982575E-09
    74   7.0300000      0.0000000000000000E+00  3.7129395994465290E-09  4.6555251736441050E-05  3.0229927151139364E-08  1.1636795502440301E-06  3.7383209493944863E-09
    75   7.1250000      0.0000000000000000E+00  3.4087041431118405E-09  5.2009310025168979E-05  2.7650864714160153E-08  1.2984637221511088E-06  4.6341528900619298E-09
    76   7.2200000      0.0000000000000000E+00  3.6081862618493476E-09  5.8103960979173538E-05  2.5664044263198301E-08  1.4452988496046889E-06  5.1506116565773130E-09
    77   7.3150000      0.0000000000000000E+00  4.3336083647297542E-09  6.4908705501807971E-05  2.4383468124834225E-08  1.6054101511904907E-06  5.2671525094482165E-09
    78   7.4100000      0.0000000000000000E+00  5.5123591227012178E-09  7.2497939079960109E-05  2.3878175259863878E-08  1.7811422645249931E-06  4.9304801086073116E-09
    79   7.5050000      0.0000000000000000E+00  6.8503108204802623E-09  8.0956579279449796E-05  2.4168556755974960E-08  1.9754788062586288E-06  4.3032594331115574E-09
    80   7.6000000      0.0000000000000000E+00  7.9412033109510988E-09  9.0386398541242459E-05  2.5225733183287502E-08  2.1917765143157684E-06  3.7723980784043575E-09
    81   7.6950000      0.0000000000000000E+00  8.8085377304721951E-09  1.0090874801147599E-04  2.6973930132766735E-08  2.4338363233229830E-06  3.3106560062507559E-09
    82   7.7900000      0.0000000000000000E+00  9.5901737439353137E-09  1.1266357975485712E-04  2.9295676043813410E-08  2.7053442196010162E-06  2.8454887510956879E-09
    83   7.8850000      0.0000000000000000E+00  1.0172532214294825E-08  1.2580672780333418E-04  3.2039501366650352E-08  3.0095265326377377E-06  2.6088899733904369E-09
    84   7.9800000      0.0000000000000000E+00  1.0473426374682188E-08  1.4050764349226455E-04  3.5029593196722809E-08  3.3495764954114734E-06  2.6667977897661687E-09
    85   8.0750000      0.0000000000000000E+00  1.0375174038145023E-08  1.5694905415481378E-04  3.8076876320356567E-08  3.7291277749474218E-06  3.0595999425994976E-09
    86   8.1700000      0.0000000000000000E+00  9.8130470975883434E-09  1.7532910797108585E-04  4.0990839437133161E-08  4.1522311039725976E-06  3.7744546511064580E-09
    87   8.2650000      0.0000000000000000E+00  9.0026316930368743E-09  1.9586644373977745E-04  4.3591346500449287E-08  4.6237465602093016E-06  4.4641653821596284E-09
    88   8.3600000      0.0000000000000000E+00  8.0065683263577048E-09  2.1880993592120025E-04  4.5719710254072551E-08  5.1495422390669461E-06  5.0112994448877240E-09
    89   8.4550000      0.0000000000000000E+00  6.7620825393941618E-09  2.4445188377293181E-04  4.7248384106211808E-08  5.7356833493097435E-06  5.4861127491671133E-09
    90   8.5500000      0.0000000000000000E+00  5.4801412258557812E-09  2.7313639776658274E-04  4.8088692771726711E-08  6.3876482247378488E-06  5.6521894551554941E-09
    91   8.6450000      0.0000000000000000E+00  4.3171538718641423E-09  3.0525337634540022E-04  4.8196169241590745E-08  7.1100470591719454E-06  5.4349340448571592E-09
    92   8.7400000      0.0000000000000000E+00  3.2619778516136417E-09  3.4121743877960650E-04  4.7573225422227065E-08  7.9068935577228519E-06  5.0616778682126675E-09
    93   8.8350000      0.0000000000000000E+00  2.5181458721791644E-09  3.8144603421068173E-04  4.6268937325848101E-08  8.7833600951108413E-06  4.5035301138021232E-09
    94   8.9300000      0.0000000000000000E+00  2.2672765830300591E-09  4.2635928642252748E-04  4.4375988268945139E-08  9.7488699275760830E-06  3.6886058897491908E-09
    95   9.0250000      0.0000000000000000E+00  2.3440349794599264E-09  4.7641376673181391E-04  4.2025016757850508E-08  1.0819422208966095E-05  2.8558910221809818E-09
    96   9.1200000      0.0000000000000000E+00  2.4805413726937491E-09  5.3215771126947030E-04  3.9376722419558103E-08  1.2017591346815282E-05  2.2487124454216531E-09
    97   9.2150000      0.0000000000000000E+00  2.4150929871151461E-09  5.9427759673036850E-04  3.6612126639958238E-08  1.3370222441938025E-05  2.1087745198842483E-09
    98   9.3100000      0.0000000000000000E+00  2.1493515697062413E-09  6.6361124314503377E-04  3.3921739371334722E-08  1.4904593202558174E-05  2.4430054817168592E-09
    99   9.4050000      0.0000000000000000E+00  2.0980835779142973E-09  7.4112515486364266E-04  3.1494257153070980E-08  1.6644857854577008E-05  2.7747622862127040E-09
   100   9.5000000      0.0000000000000000E+00  2.4007092957002964E-09  8.2787621890489558E-04  2.9505498185393508E-08  1.8611025268296690E-05  2.9577752112371694E-09
   101   9.5950000      0.0000000000000000E+00  2.8747426117032027E-09  9.2498549411957677E-04  2.8108231486801604E-08  2.0820323212683248E-05  3.1897564856529188E-09
   102   9.6900000      0.0000000000000000E+00  3.5660359773748692E-09  1.0336399173002081E-03  2.7423580742529450E-08  2.3289894711924517E-05  3.3141833532266335E-09
   103   9.7850000      0.0000000000000000E+00  4.4738882433639684E-09  1.1551194234244177E-03  2.7534346860439402E-08  2.6040031460276067E-05  3.2344148263908940E-09
   104   9.8800000      0.0000000000000000E+00  5.3374548798549256E-09  1.2908385115396395E-03  2.8480757467406883E-08  2.9096787101546630E-05  3.1950789480697151E-09
   105   9.9750000      0.0000000000000000E+00  5.9314646209427584E-09  1.4423925097037629E-03  3.0258870492533841E-08  3.2492514175626297E-05  3.4128034244176114E-09
   106   10.070000      0.0000000000000000E+00  6.2145531734708681E-09  1.6115988471133583E-03  3.2821787204462056E-08  3.6264484705097609E-05  3.9227559377285272E-09
   107   10.165000      0.0000000000000000E+00  6.3891246416358906E-09  1.8005204803345416E-03  3.6083575310381897E-08  4.0452938377447623E-05  4.4638832708029525E-09
   108   10.260000      0.0000000000000000E+00  6.6066141809275513E-09  2.0114623860086342E-03  3.9925498710823659E-08  4.5099662747489643E-05  4.8066850004459034E-09
   109   10.355000      0.0000000000000000E+00  6.6946036305321537E-09  2.2469484917591056E-03  4.4204336429074861E-08  5.0248356934562253E-05  5.1398329132832291E-09
   110   10.450000      0.0000000000000000E+00  6.6716869434841970E-09  2.5097069675809472E-03  4.8762158037907835E-08  5.5947684389117282E-05  5.4336609544653579E-09
   111   10.545000      0.0000000000000000E+00  6.7832877356016568E-09  2.8026963947374011E-03  5.3436923564805648E-08  6.2255847989358114E-05  5.3763528048109581E-09
   112   10.640000      0.0000000000000000E+00  6.9091978610018332E-09  3.1291828755221386E-03  5.8072871144389831E-08  6.9243492592357530E-05  5.1106018268083486E-09
   113   10.735000      0.0000000000000000E+00  6.8371211238081051E-09  3.4928415238731749E-03  6.2530738563506054E-08  7.6992547729530606E-05  4.8550558681083632E-09
   114   10.830000      0.0000000000000000E+00  6.5945676140418020E-09  3.8978347135808517E-03  6.6697607295054673E-08  8.5591710122520602E-05  4.5345584254415962E-09
   115   10.925000      0.0000000000000000E+00  6.2813990567047066E-09  4.3488337198321035E-03  7.0495122968090634E-08  9.5130609954202468E-05  4.0895312787918311E-09
   116   11.020000      0.0000000000000000E+00  6.1326204538160654E-09  4.8509875240920026E-03  7.3885447632214258E-08  1.0569558050640819E-04  3.3791839331370000E-09
   117   11.115000      0.0000000000000000E+00  6.2413898721759550E-09  5.4098718303152568E-03  7.6876717798461656E-08  1.1737006819278124E-04  2.4990591746657065E-09
   118   11.210000      0.0000000000000000E+00  6.4001617875665462E-09  6.0314596789213144E-03  7.9525067375258873E-08  1.3023965887820692E-04  1.9075593071348585E-09
   119   11.305000      0.0000000000000000E+00  6.5410183056734264E-09  6.7221413932363862E-03  8.1931313017150318E-08  1.4439833689535068E-04  1.7508896295484336E-09
   120   11.400000      0.0000000000000000E+00  6.6502741146011867E-09  7.4887964717804461E-03  8.4235383742769385E-08  1.5995432169211394E-04  1.9265957701799464E-09
   121   11.495000      0.0000000000000000E+00  6.4735717162668936E-09  8.3388970811294431E-03  8.6611964371230490E-08  1.7703216560992536E-04  2.5341391231422378E-09
   122   11.590000      0.0000000000000000E+00  5.9698926288075545E-09  9.2806064408828635E-03  8.9266446579290720E-08  1.9576927730044518E-04  3.4293173837275176E-09
   123   11.685000      0.0000000000000000E+00  5.4209970926959647E-09  1.0322835773355417E-02  9.2426716151322489E-08  2.1630811735113512E-04  4.1945280902203419E-09
   124   11.780000      0.0000000000000000E+00  4.9619041384122883E-09  1.1475240320105181E-02  9.6336752759947741E-08  2.3878786097759585E-04  4.7523697514483698E-09
   125   11.875000      0.0000000000000000E+00  4.6988257778708096E-09  1.2748158298646796E-02  1.0125544920161040E-07  2.6333815010309402E-04  5.0898598404574223E-09
   126   11.970000      0.0000000000000000E+00  4.7491432086780124E-09  1.4152514660030903E-02  1.0745928400780152E-07  2.9007696455528363E-04  5.1061714902824704E-09
   127   12.065000      0.0000000000000000E+00  5.0188282384083194E-09  1.5699717562271970E-02  1.1524401060540945E-07  3.1911262932369947E-04  4.8979763465774858E-09
   128   12.160000      0.0000000000000000E+00  5.4766783191201327E-09  1.7401566759347564E-02  1.2491685693163665E-07  3.5054912549267590E-04  4.4194347466557205E-09
   129   12.255000      0.0000000000000000E+00  6.0231281168152682E-09  1.9270185998427392E-02  1.3681060382509605E-07  3.8449392977495654E-04  3.7020875080199631E-09
   130   12.350000      0.0000000000000000E+00  6.2816208354783997E-09  2.1317992036192175E-02  1.5129158170710220E-07  4.2106262115265296E-04  3.1832301959599991E-09
   131   12.445000      0.0000000000000000E+00  6.1439597431148942E-09  2.3557721026327277E-02  1.6872743593560881E-07  4.6037832223291537E-04  3.0051956979509506E-09
   132   12.540000      0.0000000000000000E+00  5.7872906210881863E-09  2.6002510996029207E-02  1.8949379840331529E-07  5.0255835322450765E-04  3.0135866345285779E-09
   133   12.635000      0.0000000000000000E+00  5.3188516176727214E-09  2.8665960407995822E-02  2.1398453912246385E-07  5.4768975046248271E-04  3.1998669361188413E-09
   134   12.730000      0.0000000000000000E+00  4.8873254851876715E-09  3.1562026362957754E-02  2.4260638845756540E-07  5.9580246871869004E-04  3.4751296682801804E-09
   135   12.825000      0.0000000000000000E+00  4.5546494537133445E-09  3.4704658546135990E-02  2.7581798560262587E-07  6.4685411953538993E-04  3.7938882731472059E-09
   136   12.920000      0.0000000000000000E+00  4.3076299426872667E-09  3.8107211377495190E-02  3.1417430893363701E-07  7.0074105801975128E-04  4.1049559333458469E-09
   137   13.015000      0.0000000000000000E+00  4.1674046965591646E-09  4.1781841339580218E-02  3.5837047108647837E-07  7.5733091322361756E-04  4.1525096259455763E-09
   138   13.110000      0.0000000000000000E+00  3.6719729330990889E-09  4.5739143325380704E-02  4.0919189005114687E-07  8.1650036682319081E-04  4.2927313512708682E-09
   139   13.205000      0.0000000000000000E+00  2.5422916618675140E-09  4.9988171519968358E-02  4.6744580769885010E-07  8.7816003279276656E-04  4.8860180649510206E-09
   140   13.300000      0.0000000000000000E+00  1.6488518133379585E-09  5.4536771983692937E-02  5.3400424512861807E-07  9.4225375839502093E-04  5.0826848598677729E-09
   141   13.395000      0.0000000000000000E+00  1.6164595740164606E-09  5.9391982640112230E-02  6.0967908582995952E-07  1.0087430802416331E-03  4.4538065646850442E-09
   142   13.490000      0.0000000000000000E+00  2.0546199957800753E-09  6.4560237465360285E-02  6.9505115378764987E-07  1.0775849173295035E-03  3.7437842509043154E-09
   143   13.585000      0.0000000000000000E+00  2.6613749995657854E-09  7.0047231922652886E-02  7.9068278612027035E-07  1.1487131625094083E-03  3.3446919291485384E-09
   144   13.680000      0.0000000000000000E+00  3.3204417062689945E-09  7.5857497300273455E-02  8.9701469407398260E-07  1.2220343766348365E-03  3.3213773139545443E-09
   145   13.775000      0.0000000000000000E+00  3.9684710809101587E-09  8.1993891277769682E-02  1.0140340876102676E-06  1.2974317231288146E-03  3.6419411091967296E-09
   146   13.870000      0.0000000000000000E+00  4.7361820026047590E-09  8.8457178973567155E-02  1.1409249119877734E-06  1.3747690203113440E-03  4.0247747737413895E-09
   147   13.965000      0.0000000000000000E+00  5.6791845706021003E-09  9.5245831535557435E-02  1.2759610122758449E-06  1.4539017838984267E-03  4.3076074007696322E-09
   148   14.060000      0.0000000000000000E+00  6.8398938204647656E-09  1.0235604578869753E-01  1.4167877850559607E-06  1.5346901034349577E-03  4.3255964719632836E-09
   149   14.155000      0.0000000000000000E+00  8.2733590809719171E-09  1.0978195702032519E-01  1.5607194123302072E-06  1.6170180509235744E-03  3.8535025365918369E-09
   150   14.250000      0.0000000000000000E+00  9.6742992454168352E-09  1.1751589630394124E-01  1.7048848622014243E-06  1.7007804060275523E-03  3.1854049644791598E-09
   151   14.345000      0.0000000000000000E+00  1.0766926396001678E-08  1.2554847937855154E-01  1.8457864565683229E-06  1.7858598320830872E-03  2.6717466961473345E-09
   152   14.440000      0.0000000000000000E+00  1.1592483447274390E-08  1.3386836562004722E-01  1.9791758470127065E-06  1.8720819683259650E-03  2.3027365301186639E-09
   153   14.535000      0.0000000000000000E+00  1.2095662539238146E-08  1.4246166829926590E-01  2.1018463143329246E-06  1.9591171981165876E-03  2.1561954839544339E-09
   154   14.630000      0.0000000000000000E+00  1.2175157798051409E-08  1.5131095707110973E-01  2.2125653627736436E-06  2.0463101257997170E-03  2.2659850988468160E-09
   155   14.725000      0.0000000000000000E+00  1.1772526988605746E-08  1.6039358764750186E-01  2.3131200650203493E-06  2.1324929955643872E-03  2.5800708389687661E-09
   156   14.820000      0.0000000000000000E+00  1.0778531873032213E-08  1.6967933743705016E-01  2.4074490722954482E-06  2.2157898893211858E-03  3.2445898178168564E-09
   157   14.915000      0.0000000000000000E+00  9.4435810070865015E-09  1.7912782168176744E-01  2.4990063448604062E-06  2.2935426855196241E-03  4.0932259071795868E-09
   158   15.010000      0.0000000000000000E+00  8.2054125814237772E-09  1.8868614516508123E-01  2.5910869280206008E-06  2.3623128264163174E-03  4.7655126102892943E-09
   159   15.105000      0.0000000000000000E+00  7.1378936268273598E-09  1.9828652634474989E-01  2.6868422066551680E-06  2.4180790885795643E-03  5.2790475457223338E-09
   160   15.200000      0.0000000000000000E+00  6.2384620027146333E-09  2.0784356333064330E-01  2.7894177138391836E-06  2.4567858101634311E-03  5.5954056662644248E-09
   161   15.295000      0.0000000000000000E+00  5.5967525450857003E-09  2.1725253212535020E-01  2.9002916421483713E-06  2.4751404486843260E-03  5.4783965952593578E-09
   162   15.390000      0.0000000000000000E+00  5.0615432709188940E-09  2.2639172632837057E-01  3.0168307300099865E-06  2.4712707692136405E-03  5.0443995580036544E-09
   163   15.485000      0.0000000000000000E+00  4.4689719481310933E-09  2.3512923566030139E-01  3.1343301749646432E-06  2.4447812550456374E-03  4.5276478837135031E-09
   164   15.580000      0.0000000000000000E+00  3.9307257371073339E-09  2.4333025537464517E-01  3.2482158720603109E-06  2.3965237067425644E-03  3.9086744919149151E-09
   165   15.675000      0.0000000000000000E+00  3.5877767310727857E-09  2.5086160916154759E-01  3.3520582359881582E-06  2.3287690537081352E-03  3.2090678542580095E-09
   166   15.770000      0.0000000000000000E+00  3.5580877528244274E-09  2.5759567642150027E-01  3.4389411443772972E-06  2.2456415374014008E-03  2.4825558625558598E-09
   167   15.865000      0.0000000000000000E+00  3.8083430328206087E-09  2.6341685373554702E-01  3.5034111396824850E-06  2.1525058777282905E-03  1.9023060208752215E-09
   168   15.960000      0.0000000000000000E+00  4.0185492618975535E-09  2.6822852692086174E-01  3.5418515716145225E-06  2.0549770899399486E-03  1.9164727931983206E-09
   169   16.055000      0.0000000000000000E+00  4.1482732276130966E-09  2.7195724987927056E-01  3.5483494662929913E-06  1.9587655409387607E-03  2.4838388151156793E-09
   170   16.150000      0.0000000000000000E+00  4.4169214884057077E-09  2.7455727649947709E-01  3.5180712776344960E-06  1.8701834528255712E-03  3.1243126866997149E-09
   171   16.245000      0.0000000000000000E+00  4.7346172317909029E-09  2.7601761518388157E-01  3.4435979541706347E-06  1.7951432463695072E-03  3.7578743191591194E-09
   172   16.340000      0.0000000000000000E+00  5.0108951979507600E-09  2.7636624984990793E-01  3.3216216058981209E-06  1.7381509374728027E-03  4.3561315256600657E-09
   173   16.435000      0.0000000000000000E+00  5.3759849290520528E-09  2.7566981865869988E-01  3.1634237048218774E-06  1.7015997970488883E-03  4.6847288690316796E-09
   174   16.530000      0.0000000000000000E+00  5.8988838775679634E-09  2.7402980832799417E-01  2.9965201956615036E-06  1.6854709316031263E-03  4.6513502125553284E-09
   175   16.625000      0.0000000000000000E+00  6.5235195644568185E-09  2.7157334107922643E-01  2.8600574565809318E-06  1.6878451681760335E-03  4.3670702076857093E-09
   176   16.720000      0.0000000000000000E+00  7.0827443948883787E-09  2.6844231190307560E-01  2.7966427043675784E-06  1.7060822695208191E-03  4.1280335402572614E-09
   177   16.815000      0.0000000000000000E+00  7.5087507413818389E-09  2.6478667544686502E-01  2.8388496544869412E-06  1.7361069524913454E-03  4.1097066351094735E-09
   178   16.910000      0.0000000000000000E+00  7.9986619544982545E-09  2.6075762050307338E-01  3.0023822028335739E-06  1.7726953495514866E-03  4.0525674059220211E-09
   179   17.005000      0.0000000000000000E+00  8.4894552407691453E-09  2.5649810106432114E-01  3.2777465033569543E-06  1.8112743503886691E-03  3.9421318946643555E-09
   180   17.100000      0.0000000000000000E+00  8.7069076725969722E-09  2.5213509295412057E-01  3.6260268218185844E-06  1.8489522015698086E-03  4.0577074267334741E-09
   181   17.195000      0.0000000000000000E+00  8.8241216961670825E-09  2.4777723529381268E-01  3.9878432330897819E-06  1.8834882228398950E-03  4.2140606647260764E-09
   182   17.290000      0.0000000000000000E+00  9.1256931919668917E-09  2.4351321554431804E-01  4.2980604969320677E-06  1.9135802329195333E-03  4.1493616995941082E-09
   183   17.385000      0.0000000000000000E+00  9.5244334845358475E-09  2.3941092464407998E-01  4.5032073812047913E-06  1.9401078358940679E-03  3.9899357590357395E-09
   184   17.480000      0.0000000000000000E+00  9.7957675088433391E-09  2.3552255285059698E-01  4.5756674219854851E-06  1.9648346807775775E-03  3.8739064463715652E-09
   185   17.575000      0.0000000000000000E+00  9.6911844617264422E-09  2.3188919568688582E-01  4.5310197065713555E-06  1.9889384902932621E-03  3.9722281883166792E-09
   186   17.670000      0.0000000000000000E+00  9.2365790969561376E-09  2.2854030068622919E-01  4.4266670700600408E-06  2.0148508551327991E-03  4.2310681114545516E-09
   187   17.765000      0.0000000000000000E+00  8.7656886093169279E-09  2.2549592581158182E-01  4.3376894293634979E-06  2.0465915063191537E-03  4.2921440779962985E-09
   188   17.860000      0.0000000000000000E+00  8.3335415509796141E-09  2.2277401132880953E-01  4.3282892081597084E-06  2.0882352133427136E-03  4.1734915203628672E-09
   189   17.955000      0.0000000000000000E+00  7.8154972584844309E-09  2.2039452206750676E-01  4.4355291199668326E-06  2.1436364839337503E-03  4.1337006371421860E-09
   190   18.050000      0.0000000000000000E+00  7.3498787317273460E-09  2.1837669439160801E-01  4.6567206127785906E-06  2.2180174286891507E-03  4.1108559348245196E-09
   191   18.145000      0.0000000000000000E+00  6.9712742401395891E-09  2.1673661977432424E-01  4.9493441960082493E-06  2.3186026024397586E-03  4.1494414168192658E-09
   192   18.240000      0.0000000000000000E+00  6.5015474285877728E-09  2.1548683549801440E-01  5.2494007527314691E-06  2.4535948831633111E-03  4.4581800780427591E-09
   193   18.335000      0.0000000000000000E+00  5.9892095775379888E-09  2.1463372058628860E-01  5.4926568040251276E-06  2.6318074001732560E-03  4.8375749211561982E-09
   194   18.430000      0.0000000000000000E+00  5.5181730041050855E-09  2.1417480535082070E-01  5.6313933760460071E-06  2.8618256291562845E-03  5.0433707517114524E-09
   195   18.525000      0.0000000000000000E+00  5.0487535046603358E-09  2.1409943220733260E-01  5.6408982773508860E-06  3.1508059210361029E-03  5.0780058039248250E-09
   196   18.620000      0.0000000000000000E+00  4.6457926090264644E-09  2.1439273489532043E-01  5.5231552682362272E-06  3.5036504299860126E-03  4.8658927179603676E-09
   197   18.715000      0.0000000000000000E+00  4.2640890061344033E-09  2.1503981453926208E-01  5.3092367088207263E-06  3.9213005356365377E-03  4.5199499544637618E-09
   198   18.810000      0.0000000000000000E+00  3.8889989372726184E-09  2.1603054022448057E-01  5.0528870928676545E-06  4.3998566106683958E-03  4.1609689538617854E-09
   199   18.905000      0.0000000000000000E+00  3.7853211451195999E-09  2.1736307491819354E-01  4.8109772952897756E-06  4.9305585385361955E-03  3.5756836950222274E-09
   200   19.000000      0.0000000000000000E+00  3.9771125457367485E-09  2.1904458998034348E-01  4.6328476026589252E-06  5.5009061569378480E-03  2.8665148167227111E-09
   201   19.095000      0.0000000000000000E+00  4.2316382263718761E-09  2.2109223111802789E-01  4.5619933552599767E-06  6.0959652055696993E-03  2.3844439848254388E-09
   202   19.190000      0.0000000000000000E+00  4.4425728318175262E-09  2.2353460600776942E-01  4.6331906457523006E-06  6.6996969384143859E-03  2.2026280017299991E-09
   203   19.285000      0.0000000000000000E+00  4.5159984196729606E-09  2.2641090905971342E-01  4.8682989712278208E-06  7.2954426609050027E-03  2.3417908872508190E-09
   204   19.380000      0.0000000000000000E+00  4.4496664540949548E-09  2.2976464205069203E-01  5.2712754195770824E-06  7.8666975632880852E-03  2.7063903411445186E-09
   205   19.475000      0.0000000000000000E+00  4.2798576157536649E-09  2.3363316178822446E-01  5.8205327394054313E-06  8.3981698172491299E-03  3.1482050006444435E-09
   206   19.570000      0.0000000000000000E+00  3.9148314046023906E-09  2.3803853047804158E-01  6.4689480971290975E-06  8.8770464375491527E-03  3.7674218487204281E-09
   207   19.665000      0.0000000000000000E+00  3.7051668256517172E-09  2.4298601086170624E-01  7.1549414800810310E-06  9.2933196976682005E-03  4.1800465007619748E-09
   208   19.760000      0.0000000000000000E+00  3.9901290188382314E-09  2.4846830741902828E-01  7.8041044099422519E-06  9.6395604560780817E-03  4.0236311731734128E-09
   209   19.855000      0.0000000000000000E+00  4.2133579410016061E-09  2.5446782593888839E-01  8.3404869161523122E-06  9.9105019222051997E-03  4.0579466421611809E-09
   210   19.950000      0.0000000000000000E+00  4.1154156634626921E-09  2.6095260378089530E-01  8.7092581388491964E-06  1.0103677912852695E-02  4.5895651972780807E-09
   211   20.045000      0.0000000000000000E+00  4.2547420428988161E-09  2.6787191119217429E-01  8.8929918779860991E-06  1.0219118095189293E-02  4.8097752635422131E-09
   212   20.140000      0.0000000000000000E+00  4.7586809582574114E-09  2.7515903783315104E-01  8.9027882545780675E-06  1.0257818180865125E-02  4.4923627435993811E-09
   213   20.235000      0.0000000000000000E+00  5.4064229943123100E-09  2.8273685096590950E-01  8.7722740841723130E-06  1.0220663351405658E-02  3.8916028100287553E-09
   214   20.330000      0.0000000000000000E+00  6.0471299041670294E-09  2.9051655723287972E-01  8.5617128482409035E-06  1.0108973132870715E-02  3.2550405448212907E-09
   215   20.425000      0.0000000000000000E+00  6.4921683557336771E-09  2.9839161510488049E-01  8.3291286611523017E-06  9.9260118461700804E-03  2.9150128568899007E-09
   216   20.520000      0.0000000000000000E+00  6.7183467149326406E-09  3.0623710871732607E-01  8.1139946868151516E-06  9.6778179392476207E-03  2.9116402461438876E-09
   217   20.615000      0.0000000000000000E+00  6.7290031113211640E-09  3.1391740863167694E-01  7.9245439510350316E-06  9.3732264446794080E-03  3.1746275815009827E-09
   218   20.710000      0.0000000000000000E+00  6.4628140243509953E-09  3.2129783628780195E-01  7.7138993627100990E-06  9.0252685104695533E-03  3.7236217798657863E-09
   219   20.805000      0.0000000000000000E+00  6.1808408380914155E-09  3.2825861444428966E-01  7.4045859086969687E-06  8.6514492803017127E-03  4.1863375659491683E-09
   220   20.900000      0.0000000000000000E+00  6.1061949777435264E-09  3.3470429930910445E-01  6.9572314243112335E-06  8.2730325087914235E-03  4.2798697368147823E-09
   221   20.995000      0.0000000000000000E+00  6.1071650910980570E-09  3.4056572291678955E-01  6.4351133722737130E-06  7.9154956002321173E-03  4.1922644402879570E-09
   222   21.090000      0.0000000000000000E+00  6.0982082246120515E-09  3.4580607884861703E-01  5.9804319191079067E-06  7.6061595724455982E-03  4.0257584062268178E-09
   223   21.185000      0.0000000000000000E+00  6.0250356410988996E-09  3.5043264988126638E-01  5.8071316416382687E-06  7.3694280591309657E-03  3.8463771121899816E-09
   224   21.280000      0.0000000000000000E+00  5.8343874032633935E-09  3.5449996200206102E-01  6.1089480767593993E-06  7.2233712619510365E-03  3.7709391934940425E-09
   225   21.375000      0.0000000000000000E+00  5.6710137094453713E-09  3.5809766345089566E-01  6.9395475911742234E-06  7.1798373895066818E-03  3.6667741061333571E-09
   226   21.470000      0.0000000000000000E+00  5.4615282720375843E-09  3.6133229694577262E-01  8.2105611498058309E-06  7.2457959335519850E-03  3.6386974130707977E-09
   227   21.565000      0.0000000000000000E+00  4.9689821998447637E-09  3.6431115576324047E-01  9.7130402231227519E-06  7.4231650591911448E-03  3.9259141627296907E-09
   228   21.660000      0.0000000000000000E+00  4.3031704959422757E-09  3.6713018059097835E-01  1.1209763388425243E-05  7.7114028808366823E-03  4.3116208325801800E-09
   229   21.755000      0.0000000000000000E+00  3.6389388209120828E-09  3.6986772538684004E-01  1.2486864908057320E-05  8.1095537720406157E-03  4.6116089302222932E-09
   230   21.850000      0.0000000000000000E+00  3.0641067949461977E-09  3.7258328413308234E-01  1.3381563453892442E-05  8.6179159951137868E-03  4.8825003759880339E-09
   231   21.945000      0.0000000000000000E+00  2.8729177600520793E-09  3.7532664818574912E-01  1.3845780045136294E-05  9.2369538604442115E-03  4.9217723023263102E-09
   232   22.040000      0.0000000000000000E+00  3.2365032606141024E-09  3.7815720781622697E-01  1.3935293820245313E-05  9.9608389481802770E-03  4.5625036664345210E-09
   233   22.135000      0.0000000000000000E+00  3.9239243050397517E-09  3.8115881305728783E-01  1.3771541864797092E-05  1.0773376380013876E-02  4.0330526845176595E-09
   234   22.230000      0.0000000000000000E+00  4.7196749399963176E-09  3.8444183165371654E-01  1.3520047594243733E-05  1.1645214255211485E-02  3.5396742825060542E-09
   235   22.325000      0.0000000000000000E+00  5.5465862727581164E-09  3.8813674942579124E-01  1.3327558106411524E-05  1.2535822248711366E-02  3.1971373476706697E-09
   236   22.420000      0.0000000000000000E+00  6.3940091489658436E-09  3.9238144210003773E-01  1.3305957112781231E-05  1.3396920268935597E-02  3.0319610920851615E-09
   237   22.515000      0.0000000000000000E+00  7.3066959944343471E-09  3.9729365227274949E-01  1.3497955989197553E-05  1.4180599801507205E-02  2.8446482743809521E-09
   238   22.610000      0.0000000000000000E+00  7.9569805309963205E-09  4.0294208526992747E-01  1.3890776374703236E-05  1.4851079219952152E-02  2.8308854535714517E-09
   239   22.705000      0.0000000000000000E+00  7.9132878219186619E-09  4.0934192392914048E-01  1.4448656231724202E-05  1.5387160665169578E-02  3.4013325611458384E-09
   240   22.800000      0.0000000000000000E+00  7.3570538593006533E-09  4.1646386849819339E-01  1.5125416713353916E-05  1.5780506942234495E-02  4.3299546561048214E-09
   241   22.895000      0.0000000000000000E+00  6.6759171638260590E-09  4.2424974550693711E-01  1.5856790799270660E-05  1.6034622657597714E-02  5.2653808351375489E-09
   242   22.990000      0.0000000000000000E+00  6.0264163849358930E-09  4.3264241781640528E-01  1.6577041285799016E-05  1.6160640495896234E-02  6.1395307973346554E-09
   243   23.085000      0.0000000000000000E+00  5.4899926816752371E-09  4.4160737818150597E-01  1.7213738444405490E-05  1.6170802946694391E-02  6.8325195451484333E-09
   244   23.180000      0.0000000000000000E+00  5.1121912657032111E-09  4.5113375150852913E-01  1.7683034010703159E-05  1.6079363486637303E-02  7.1707264081356694E-09
   245   23.275000      0.0000000000000000E+00  5.0054221578152146E-09  4.6123435961783682E-01  1.7950616352307645E-05  1.5904414085345788E-02  6.9581442705301743E-09
   246   23.370000      0.0000000000000000E+00  5.2581411692289823E-09  4.7194305824644212E-01  1.8109271648495550E-05  1.5663838320180885E-02  6.1732041559111524E-09
   247   23.465000      0.0000000000000000E+00  5.6441711791887669E-09  4.8329628495121746E-01  1.8345358969273406E-05  1.5379034580069837E-02  5.2613051053079911E-09
   248   23.560000      0.0000000000000000E+00  5.9787685227430918E-09  4.9531500760551861E-01  1.8861246440253368E-05  1.5073153397787031E-02  4.4947524946236374E-09
   249   23.655000      0.0000000000000000E+00  6.2622277136784388E-09  5.0799389145563756E-01  1.9806447470889386E-05  1.4768976481961483E-02  3.7858664460731499E-09
   250   23.750000      0.0000000000000000E+00  6.3513806748319792E-09  5.2129410559593270E-01  2.1157917771030655E-05  1.4488312187470310E-02  3.2941508566052553E-09
   251   23.845000      0.0000000000000000E+00  6.2616443362864977E-09  5.3513780141697609E-01  2.2679720785036211E-05  1.4248975397753947E-02  3.1052547010526436E-09
   252   23.940000      0.0000000000000000E+00  6.2629085937263705E-09  5.4940426461613556E-01  2.4037201260552427E-05  1.4065057181360552E-02  2.9929010298734034E-09
   253   24.035000      0.0000000000000000E+00  6.4108811601907556E-09  5.6393259879089386E-01  2.4947253527903671E-05  1.3950379765474774E-02  2.9059761847034733E-09
   254   24.130000      0.0000000000000000E+00  6.6252926844501795E-09  5.7853721815009895E-01  2.5287029519157860E-05  1.3924247900170508E-02  2.8359633992940473E-09
   255   24.225000      0.0000000000000000E+00  6.7546239693160686E-09  5.9302943081268700E-01  2.5145405270121458E-05  1.4009206789195518E-02  2.8629007997876300E-09
   256   24.320000      0.0000000000000000E+00  6.6302036768571607E-09  6.0723357205069284E-01  2.4678813024077651E-05  1.4230768939840084E-02  3.2171457365930737E-09
   257   24.415000      0.0000000000000000E+00  6.4591381675036483E-09  6.2099561213459220E-01  2.4023864058490397E-05  1.4612324915006617E-02  3.7113341657180826E-09
   258   24.510000      0.0000000000000000E+00  6.4974393858574363E-09  6.3419288221370484E-01  2.3264443836301641E-05  1.5174784780041632E-02  4.0366424600363439E-09
   259   24.605000      0.0000000000000000E+00  6.6174913800904038E-09  6.4675739166486323E-01  2.2500137877658270E-05  1.5925887282220077E-02  4.3104999145673313E-09
   260   24.700000      0.0000000000000000E+00  6.7342193145825231E-09  6.5869710809270776E-01  2.1951713619925536E-05  1.6854117158508281E-02  4.5582131127202779E-09
   261   24.795000      0.0000000000000000E+00  6.8758491203549608E-09  6.7010991388565866E-01  2.1902076868637047E-05  1.7920074381862727E-02  4.6229558019057086E-09
   262   24.890000      0.0000000000000000E+00  6.8099456410611897E-09  6.8119311552733774E-01  2.2576219530347882E-05  1.9054222915040126E-02  4.7013614401561731E-09
   263   24.985000      0.0000000000000000E+00  6.4487037679739633E-09  6.9223079494239115E-01  2.3913020209758884E-05  2.0161252075191330E-02  4.9382056634183803E-09
   264   25.080000      0.0000000000000000E+00  6.0575088903313763E-09  7.0354319010620792E-01  2.5576733723384215E-05  2.1135074409887416E-02  5.1745818788965951E-09
   265   25.175000      0.0000000000000000E+00  5.8127167902681328E-09  7.1541125597196220E-01  2.7239553588807371E-05  2.1876568364193286E-02  5.4152388369103135E-09
   266   25.270000      0.0000000000000000E+00  5.8684827980358010E-09  7.2800420627843543E-01  2.8903570923630750E-05  2.2311778526059391E-02  5.5534930554408129E-09
   267   25.365000      0.0000000000000000E+00  6.2327952842160683E-09  7.4132655908542677E-01  3.0941023988479965E-05  2.2393869098119107E-02  5.4602442742949041E-09
   268   25.460000      0.0000000000000000E+00  6.5176631658557952E-09  7.5518739404306667E-01  3.3420668345133335E-05  2.2114519251803355E-02  5.4034946545624588E-09
   269   25.555000      0.0000000000000000E+00  6.5467241279418256E-09  7.6921127190914729E-01  3.5923595868810980E-05  2.1506087521329594E-02  5.4480968407877537E-09
   270   25.650000      0.0000000000000000E+00  6.5033561254896539E-09  7.8290385583498356E-01  3.7708270100687861E-05  2.0645198399259167E-02  5.3745162395195205E-09
   271   25.745000      0.0000000000000000E+00  6.4294989705058209E-09  7.9577422306457235E-01  3.8603964133801119E-05  1.9633509710594271E-02  5.2270287455905660E-09
   272   25.840000      0.0000000000000000E+00  6.2595206680490807E-09  8.0745628035457440E-01  3.9075194779622804E-05  1.8585372267938337E-02  5.0825574510558426E-09
   273   25.935000      0.0000000000000000E+00  5.9090591594976696E-09  8.1778950715763554E-01  3.9766017079334514E-05  1.7609927047010077E-02  5.0272225883370130E-09
   274   26.030000      0.0000000000000000E+00  5.4574854183463363E-09  8.2686020742128619E-01  4.0669680962863720E-05  1.6796894072925807E-02  5.0545198419718643E-09
   275   26.125000      0.0000000000000000E+00  5.2203819075848052E-09  8.3500977802360876E-01  4.1408055531398951E-05  1.6188896636940658E-02  4.8549583890270019E-09
   276   26.220000      0.0000000000000000E+00  5.0403567189383931E-09  8.4277792133017615E-01  4.1572266404386521E-05  1.5769265495433261E-02  4.6441882964996485E-09
   277   26.315000      0.0000000000000000E+00  4.7204680424791652E-09  8.5076602511314070E-01  4.1075367083803684E-05  1.5482443466074159E-02  4.7224863530927815E-09
   278   26.410000      0.0000000000000000E+00  4.9149101992469836E-09  8.5945495263122251E-01  4.0165001378506324E-05  1.5275198578618150E-02  4.3446830922752176E-09
   279   26.505000      0.0000000000000000E+00  5.7578276168797228E-09  8.6903453457355073E-01  3.9307847093663804E-05  1.5145080848467522E-02  3.3328101777263607E-09
   280   26.600000      0.0000000000000000E+00  6.3345463793173847E-09  8.7931887786415830E-01  3.9131506318033434E-05  1.5161394004892024E-02  2.7190838477656231E-09
   281   26.695000      0.0000000000000000E+00  6.3686762564404556E-09  8.8979393933616113E-01  4.0195591666705983E-05  1.5446965110956529E-02  2.7664306158891888E-09
   282   26.790000      0.0000000000000000E+00  6.3084091722864359E-09  8.9977118039620041E-01  4.2615023647108303E-05  1.6130248800544283E-02  3.0706786535595534E-09
   283   26.885000      0.0000000000000000E+00  6.4953816185994270E-09  9.0856136987653646E-01  4.5912470115810867E-05  1.7282562054243687E-02  3.3902423973962848E-09
   284   26.980000      0.0000000000000000E+00  7.0256529090070536E-09  9.1558923573325890E-01  4.9330784103946963E-05  1.8891717384101368E-02  3.5618934734517568E-09
   285   27.075000      0.0000000000000000E+00  7.6293237070883479E-09  9.2041779003091551E-01  5.2206951667126547E-05  2.0878452148483585E-02  3.7662074091209835E-09
   286   27.170000      0.0000000000000000E+00  8.0528869342845665E-09  9.2272517108423036E-01  5.4211409646441958E-05  2.3130669307134515E-02  4.1919420006640293E-09
   287   27.265000      0.0000000000000000E+00  8.2892831171378504E-09  9.2228448591087298E-01  5.5241138002294029E-05  2.5523430189275477E-02  4.7694377230095517E-09
   288   27.360000      0.0000000000000000E+00  8.2349800334816846E-09  9.1895533942229513E-01  5.5148367765478913E-05  2.7937605026550540E-02  5.6110607052425765E-09
   289   27.455000      0.0000000000000000E+00  7.9573124300664486E-09  9.1267656616716875E-01  5.3717291370492005E-05  3.0294330954824412E-02  6.6670681967667301E-09
   290   27.550000      0.0000000000000000E+00  7.8993831811622303E-09  9.0345127218142451E-01  5.0926183214756463E-05  3.2585027765047951E-02  7.4431903078215638E-09
   291   27.645000      0.0000000000000000E+00  8.2967274909697757E-09  8.9133743360659889E-01  4.7213451266548879E-05  3.4884835358973708E-02  7.7341624591962148E-09
   292   27.740000      0.0000000000000000E+00  9.1591931093704623E-09  8.7645807236912499E-01  4.3415127673523145E-05  3.7322930718809058E-02  7.5462288663994888E-09
   293   27.835000      0.0000000000000000E+00  1.0351101185400828E-08  8.5902433099057740E-01  4.0476011002767135E-05  4.0036891043077408E-02  6.9616510872855733E-09
   294   27.930000      0.0000000000000000E+00  1.1467147385957390E-08  8.3933312827216611E-01  3.8826518311664148E-05  4.3130330046743132E-02  6.3792992807083902E-09
   295   28.025000      0.0000000000000000E+00  1.2355251386529335E-08  8.1772493426053039E-01  3.8423970449784593E-05  4.6643002587026000E-02  5.9596512228436884E-09
   296   28.120000      0.0000000000000000E+00  1.3131626315349051E-08  7.9456853772184821E-01  3.9085078905015899E-05  5.0510694237767252E-02  5.5709089409238557E-09
   297   28.215000      0.0000000000000000E+00  1.3654565194613199E-08  7.7028514780953972E-01  4.0625692102744186E-05  5.4520703443988551E-02  5.3659801687283312E-09
   298   28.310000      0.0000000000000000E+00  1.3889154990971758E-08  7.4534630835715321E-01  4.2713892084723999E-05  5.8335426660537773E-02  5.2996507139943696E-09
   299   28.405000      0.0000000000000000E+00  1.3947786523961081E-08  7.2020672715032530E-01  4.5058782960798085E-05  6.1584543203319964E-02  5.1667685154879957E-09
   300   28.500000      0.0000000000000000E+00  1.3595608719576780E-08  6.9520187235391928E-01  4.7314333918364010E-05  6.4001950343747283E-02  5.2594242204678412E-09
   301   28.595000      0.0000000000000000E+00  1.2699040628329554E-08  6.7050348798459214E-01  4.9376255686999483E-05  6.5524478781104054E-02  5.7998866770142242E-09
   302   28.690000      0.0000000000000000E+00  1.1711817774186068E-08  6.4619063964190115E-01  5.1296522019327333E-05  6.6300484611905852E-02  6.3546602855906475E-09
   303   28.785000      0.0000000000000000E+00  1.1014639075709529E-08  6.2244188476187956E-01  5.3376614791003600E-05  6.6577612150451132E-02  6.5549218209772835E-09
   304   28.880000      0.0000000000000000E+00  1.0420864964037826E-08  5.9974931071020043E-01  5.5611014432207477E-05  6.6527706524869723E-02  6.5539422575166061E-09
   305   28.975000      0.0000000000000000E+00  9.5502976401603368E-09  5.7896278375278143E-01  5.7989961289788855E-05  6.6156949196137224E-02  6.7039915297958668E-09
   306   29.070000      0.0000000000000000E+00  8.4116814125096233E-09  5.6108080759858936E-01  6.0434846972232201E-05  6.5379548605370680E-02  7.1374395768326852E-09
   307   29.165000      0.0000000000000000E+00  7.5903370471392599E-09  5.4693310106847925E-01  6.3032281910287366E-05  6.4161172196809363E-02  7.3867570478290816E-09
   308   29.260000      0.0000000000000000E+00  7.3852222286280338E-09  5.3697416270062082E-01  6.5820170854706349E-05  6.2564549675639708E-02  7.1007265359547535E-09
   309   29.355000      0.0000000000000000E+00  7.2561281924137182E-09  5.3123174018720454E-01  6.8528403511504326E-05  6.0693839941211018E-02  6.7533939775848613E-09
   310   29.450000      0.0000000000000000E+00  6.8563499410734748E-09  5.2930889731709818E-01  7.0746056896096290E-05  5.8682096122221042E-02  6.6258532651835061E-09
   311   29.545000      0.0000000000000000E+00  6.4827962920869178E-09  5.3041905708894432E-01  7.2059540710923975E-05  5.6744458810229319E-02  6.4047370554334556E-09
   312   29.640000      0.0000000000000000E+00  6.3607552451241438E-09  5.3350578862246933E-01  7.2084258543790906E-05  5.5193037278072621E-02  5.9852983820811134E-09
   313   29.735000      0.0000000000000000E+00  6.4181369388739292E-09  5.3749013248360389E-01  7.0779497118322047E-05  5.4315778913254877E-02  5.5626824408851856E-09
   314   29.830000      0.0000000000000000E+00  6.4811914345919935E-09  5.4154925858958325E-01  6.8299802371240323E-05  5.4169609802132104E-02  5.3585935058096208E-09
   315   29.925000      0.0000000000000000E+00  6.5594311377800140E-09  5.4523339639879609E-01  6.5047434541721320E-05  5.4505604729076264E-02  5.3195403202848721E-09
   316   30.020000      0.0000000000000000E+00  6.9206230673998618E-09  5.4840845899851443E-01  6.1764156077958202E-05  5.4873570599035443E-02  5.0345248822240847E-09
   317   30.115000      0.0000000000000000E+00  7.5254066227037224E-09  5.5112934227992383E-01  5.9417132563509652E-05  5.4789955478060093E-02  4.4588901918794564E-09
   318   30.210000      0.0000000000000000E+00  7.9856432734002521E-09  5.5351506514141602E-01  5.9004531725403921E-05  5.3865840802105214E-02  4.0110237098293446E-09
   319   30.305000      0.0000000000000000E+00  8.2154532127558347E-09  5.5565494929981607E-01  6.0996461088366093E-05  5.1888070937002567E-02  3.7834430102814973E-09
   320   30.400000      0.0000000000000000E+00  8.2625875316372300E-09  5.5755361567296158E-01  6.5162583181053196E-05  4.8854972061349332E-02  3.8261620485220865E-09
   321   30.495000      0.0000000000000000E+00  8.0852021037293893E-09  5.5908507011186070E-01  7.0694896222112797E-05  4.4982234660560477E-02  4.3308240667332188E-09
   322   30.590000      0.0000000000000000E+00  7.7817728325282094E-09  5.5992925966818430E-01  7.6717557819989070E-05  4.0684943537054298E-02  5.1396342028534580E-09
   323   30.685000      0.0000000000000000E+00  7.4086095178726069E-09  5.5951783725478721E-01  8.2634538249712198E-05  3.6546407573569396E-02  5.9910827146549749E-09
   324   30.780000      0.0000000000000000E+00  7.0271500116013839E-09  5.5708937989501894E-01  8.8033277038708437E-05  3.3227388350128374E-02  6.6583764315853970E-09
   325   30.875000      0.0000000000000000E+00  6.8583531962762432E-09  5.5194216154885256E-01  9.2545286291937615E-05  3.1282124171661631E-02  6.8716838680934174E-09
   326   30.970000      0.0000000000000000E+00  6.8582801491392500E-09  5.4379190019789214E-01  9.6124519655736522E-05  3.0953815361382711E-02  6.8312374212914880E-09
   327   31.065000      0.0000000000000000E+00  6.9050002890878918E-09  5.3296880652090795E-01  9.8684416899819333E-05  3.2116385744121054E-02  6.8495683843473736E-09
   328   31.160000      0.0000000000000000E+00  7.2141955931855765E-09  5.2029363028608366E-01  1.0015318072957593E-04  3.4413420223154793E-02  6.7582957149574636E-09
   329   31.255000      0.0000000000000000E+00  7.8499234661410619E-09  5.0676672607441975E-01  1.0035386839934353E-04  3.7448446732998554E-02  6.4593001257494805E-09
   330   31.350000      0.0000000000000000E+00  8.5106433555875907E-09  4.9328936711897486E-01  9.9079783035746870E-05  4.0879622930376995E-02  6.1744590205299944E-09
   331   31.445000      0.0000000000000000E+00  9.1015415968302262E-09  4.8051681284160330E-01  9.6466138286144655E-05  4.4417653497622535E-02  5.8367631240301231E-09
   332   31.540000      0.0000000000000000E+00  9.6886964195287060E-09  4.6883587466829346E-01  9.2963229122731527E-05  4.7803280953840566E-02  5.3344658503877496E-09
   333   31.635000      0.0000000000000000E+00  1.0194063130393910E-08  4.5841344642454285E-01  8.9300894134730993E-05  5.0798484331333764E-02  4.8840831650659047E-09
   334   31.730000      0.0000000000000000E+00  1.0520552467042191E-08  4.4925297211686344E-01  8.6084496412917552E-05  5.3213532690299374E-02  4.6944954945900722E-09
   335   31.825000      0.0000000000000000E+00  1.0552052932956839E-08  4.4121712378915068E-01  8.3536621308884340E-05  5.4955275191487574E-02  4.9256716974211496E-09
   336   31.920000      0.0000000000000000E+00  1.0329206120595372E-08  4.3403052336575815E-01  8.1604670089795338E-05  5.6087752752102683E-02  5.4894174350886908E-09
   337   32.015000      0.0000000000000000E+00  1.0051197535238359E-08  4.2733814064154019E-01  8.0115241230880419E-05  5.6836890033058488E-02  6.0072777278796606E-09
   338   32.110000      0.0000000000000000E+00  9.5553724021198404E-09  4.2080816288122930E-01  7.9208891020493110E-05  5.7553196152596069E-02  6.5439385114085685E-09
   339   32.205000      0.0000000000000000E+00  8.6849954556968052E-09  4.1421124595205294E-01  7.9401927643566665E-05  5.8684010635074141E-02  7.2743607293928873E-09
   340   32.300000      0.0000000000000000E+00  7.8298734442354575E-09  4.0747681236671718E-01  8.1336398277017752E-05  6.0714636887467643E-02  7.8340575306496665E-09
   341   32.395000      0.0000000000000000E+00  7.3342632591308159E-09  4.0077041487714582E-01  8.5321736872786996E-05  6.4026827892853216E-02  7.9649419737322446E-09
   342   32.490000      0.0000000000000000E+00  7.1859880303866586E-09  3.9455708879630619E-01  9.0887937599804530E-05  6.8729231519480169E-02  7.7651090427673358E-09
   343   32.585000      0.0000000000000000E+00  7.2747259840082629E-09  3.8953963354785914E-01  9.6786374985862421E-05  7.4603294388089089E-02  7.3731349318961887E-09
   344   32.680000      0.0000000000000000E+00  7.4744383344818067E-09  3.8645735360612732E-01  1.0154895221172784E-04  8.1221081271071083E-02  6.9507623136020711E-09
   345   32.775000      0.0000000000000000E+00  7.9028253862427989E-09  3.8588772244411945E-01  1.0415902445792577E-04  8.8107274563112986E-02  6.2801972621606939E-09
   346   32.870000      0.0000000000000000E+00  8.4704748628813072E-09  3.8819502985328230E-01  1.0449388523291444E-04  9.4799130507642396E-02  5.2952616238548196E-09
   347   32.965000      0.0000000000000000E+00  8.4108342251028588E-09  3.9360432875699414E-01  1.0340740671701974E-04  1.0081176847794160E-01  4.8562731740565587E-09
   348   33.060000      0.0000000000000000E+00  7.6775479867666000E-09  4.0225540716010377E-01  1.0189717745059858E-04  1.0562088014188065E-01  5.0745278683503211E-09
   349   33.155000      0.0000000000000000E+00  7.1281220401486547E-09  4.1414241715527977E-01  1.0092611662289185E-04  1.0873673929650370E-01  5.0240971127998411E-09
   350   33.250000      0.0000000000000000E+00  6.8264675565436922E-09  4.2900053081312778E-01  1.0130011698156060E-04  1.0980076214243842E-01  4.7839097100491635E-09
   351   33.345000      0.0000000000000000E+00  6.3328287076165578E-09  4.4626593969304978E-01  1.0369215311079960E-04  1.0861326037792929E-01  4.9582784964439951E-09
   352   33.440000      0.0000000000000000E+00  5.6690988625580843E-09  4.6514488362991158E-01  1.0841837099298583E-04  1.0510317497121316E-01  5.5324003190026975E-09
   353   33.535000      0.0000000000000000E+00  5.0492416859585185E-09  4.8473436461955766E-01  1.1545290953539308E-04  9.9316616166670216E-02  6.2995928454518047E-09
   354   33.630000      0.0000000000000000E+00  4.7479880752895997E-09  5.0415965328743251E-01  1.2433080544798614E-04  9.1413946709367672E-02  6.8917822663550182E-09
   355   33.725000      0.0000000000000000E+00  4.8369935289004946E-09  5.2267265329184476E-01  1.3453699972641216E-04  8.1674640485743674E-02  7.1331372042304986E-09
   356   33.820000      0.0000000000000000E+00  5.1597969068541254E-09  5.3964071238241729E-01  1.4540856155793346E-04  7.0555387144299569E-02  7.1770094787311583E-09
   357   33.915000      0.0000000000000000E+00  5.7234816609944950E-09  5.5446284311413041E-01  1.5568863207605406E-04  5.8769339397988410E-02  7.0075547045993038E-09
   358   34.010000      0.0000000000000000E+00  6.4283868251302811E-09  5.6651677603080908E-01  1.6340377715680344E-04  4.7293159535074035E-02  6.6807303025935500E-09
   359   34.105000      0.0000000000000000E+00  6.8548324597549479E-09  5.7521415640659646E-01  1.6631758128598666E-04  3.7213725751900906E-02  6.5560524016903827E-09
   360   34.200000      0.0000000000000000E+00  6.8358200695881172E-09  5.8013501234546594E-01  1.6261358150363874E-04  2.9469815143830076E-02  6.6594126442700449E-09
   361   34.295000      0.0000000000000000E+00  6.5142905034645232E-09  5.8112968912891894E-01  1.5189839751592678E-04  2.4639563896903353E-02  6.8281346641963920E-09
   362   34.390000      0.0000000000000000E+00  6.1903510095632474E-09  5.7833093891969156E-01  1.3568251354477992E-04  2.2860993282240304E-02  6.8998269645299155E-09
   363   34.485000      0.0000000000000000E+00  6.2502168862301926E-09  5.7206776932363268E-01  1.1732915215700549E-04  2.3888999500939197E-02  6.5777983665725558E-09
   364   34.580000      0.0000000000000000E+00  6.6993488402245132E-09  5.6271091228233061E-01  1.0138472506474924E-04  2.7248479215659861E-02  5.8984603325041858E-09
   365   34.675000      0.0000000000000000E+00  7.2335433781782579E-09  5.5055929258050174E-01  9.2272194525125757E-05  3.2403187384675979E-02  5.1935437798604130E-09
   366   34.770000      0.0000000000000000E+00  7.6814598260542078E-09  5.3585694685188556E-01  9.2380412547616870E-05  3.8843901647582446E-02  4.5646859489773961E-09
   367   34.865000      0.0000000000000000E+00  7.7563617790039901E-09  5.1892738135836103E-01  1.0099912794505201E-04  4.6061638885432681E-02  4.2928245309076527E-09
   368   34.960000      0.0000000000000000E+00  7.3259913568151231E-09  5.0034524663353386E-01  1.1525524700853542E-04  5.3429885957683769E-02  4.5712095892916431E-09
   369   35.055000      0.0000000000000000E+00  6.8594804187489118E-09  4.8102615228319712E-01  1.3240431771037296E-04  6.0139114794812404E-02  4.9010794504364561E-09
   370   35.150000      0.0000000000000000E+00  6.6516857623033551E-09  4.6213209562347157E-01  1.5133112374450812E-04  6.5308310393258420E-02  4.9434594943474729E-09
   371   35.245000      0.0000000000000000E+00  6.2924017713475588E-09  4.4480899733100049E-01  1.7163178949801625E-04  6.8242178919086835E-02  5.1436740545786522E-09
   372   35.340000      0.0000000000000000E+00  5.4932165694459999E-09  4.2988346413000378E-01  1.9190366169278108E-04  6.8699058889405168E-02  5.8058194434541819E-09
   373   35.435000      0.0000000000000000E+00  4.5756445686854706E-09  4.1769696622740088E-01  2.0972256293805278E-04  6.6984358128350061E-02  6.5955265399860072E-09
   374   35.530000      0.0000000000000000E+00  4.0653020847175510E-09  4.0819222945352540E-01  2.2355931336734433E-04  6.3754468353607416E-02  6.9846931201728068E-09
   375   35.625000      0.0000000000000000E+00  4.2121405045440158E-09  4.0115897521997657E-01  2.3299415490167074E-04  5.9647936720160756E-02  6.6941037884448719E-09
   376   35.720000      0.0000000000000000E+00  4.6823684598532739E-09  3.9638418009250787E-01  2.3861361875051059E-04  5.5065019033384434E-02  6.0980015199107311E-09
   377   35.815000      0.0000000000000000E+00  5.0697292678900867E-09  3.9361282807555664E-01  2.4056982038610423E-04  5.0245598584396978E-02  5.6921008460582028E-09
   378   35.910000      0.0000000000000000E+00  5.4850843515485272E-09  3.9246833089012673E-01  2.3882129086198625E-04  4.5456195230585118E-02  5.3202152651996934E-09
   379   36.005000      0.0000000000000000E+00  5.9424671642441713E-09  3.9247556405182871E-01  2.3393804652137133E-04  4.1036074376006183E-02  4.9498719820711384E-09
   380   36.100000      0.0000000000000000E+00  6.1772018874606089E-09  3.9316713213108834E-01  2.2661877223445414E-04  3.7274938849438957E-02  4.9492333565439293E-09
   381   36.195000      0.0000000000000000E+00  6.2763294019705537E-09  3.9414028255541578E-01  2.1759881256814672E-04  3.4313594748227955E-02  5.3057885784712201E-09
   382   36.290000      0.0000000000000000E+00  6.5677728011068239E-09  3.9499619416599380E-01  2.0938798872019307E-04  3.2208723538263338E-02  5.6842063782517726E-09
   383   36.385000      0.0000000000000000E+00  7.1589595936159806E-09  3.9526525122348022E-01  2.0607346736220813E-04  3.1071224017503909E-02  5.8445485380406140E-09
   384   36.480000      0.0000000000000000E+00  7.7335875088090574E-09  3.9448159521897469E-01  2.1087378578106528E-04  3.1064249094394914E-02  5.9211821076570420E-09
   385   36.575000      0.0000000000000000E+00  7.8218004919608250E-09  3.9239462417357135E-01  2.2391426857838772E-04  3.2237795566814213E-02  6.3226806638666429E-09
   386   36.670000      0.0000000000000000E+00  7.5574782032980912E-09  3.8913896658015695E-01  2.4268832222997490E-04  3.4380926614502406E-02  6.9058570394454590E-09
   387   36.765000      0.0000000000000000E+00  7.4674054703436711E-09  3.8523251552251558E-01  2.6440841985744123E-04  3.7032859653957674E-02  7.1204491645045098E-09
   388   36.860000      0.0000000000000000E+00  7.5291996229750456E-09  3.8143749758162948E-01  2.8618476855386360E-04  3.9599962389566867E-02  7.0383856109349252E-09
   389   36.955000      0.0000000000000000E+00  7.4704286389908102E-09  3.7858075711149802E-01  3.0522448993248433E-04  4.1486836024673200E-02  6.9309163445977818E-09
   390   37.050000      0.0000000000000000E+00  7.2969364641684487E-09  3.7739182605537014E-01  3.1991254382078002E-04  4.2201492335605953E-02  6.7316357833904168E-09
   391   37.145000      0.0000000000000000E+00  7.0398745862277516E-09  3.7835116959269816E-01  3.3111751688356467E-04  4.1451839100383539E-02  6.4773845855609727E-09
   392   37.240000      0.0000000000000000E+00  6.7885433268417996E-09  3.8152694901502376E-01  3.4075551953304363E-04  3.9262759797550076E-02  6.2367185556094181E-09
   393   37.335000      0.0000000000000000E+00  6.7050404345966603E-09  3.8647664691930600E-01  3.4949555032041989E-04  3.6043126335655727E-02  6.0116344445726170E-09
   394   37.430000      0.0000000000000000E+00  6.8663686094521119E-09  3.9231116460334253E-01  3.5567865900622839E-04  3.2519291461537835E-02  5.8865010115271951E-09
   395   37.525000      0.0000000000000000E+00  7.4838484084363744E-09  3.9791684297618457E-01  3.5662257780676176E-04  2.9539567049734757E-02  5.5985813791513080E-09
   396   37.620000      0.0000000000000000E+00  8.5130660216233989E-09  4.0224921683446535E-01  3.5088806811961091E-04  2.7826980830941307E-02  5.0104730420921311E-09
   397   37.715000      0.0000000000000000E+00  9.3744985425512247E-09  4.0460367306410278E-01  3.4019760868767555E-04  2.7766063865139513E-02  4.6207251136161867E-09
   398   37.810000      0.0000000000000000E+00  9.6750322688601052E-09  4.0474150523398217E-01  3.2831291414454553E-04  2.9324173812810342E-02  4.7641311126626687E-09
   399   37.905000      0.0000000000000000E+00  9.4766251085033214E-09  4.0279350063804942E-01  3.1722659630708042E-04  3.2168776802806574E-02  5.3204835345370687E-09
   400   38.000000      0.0000000000000000E+00  8.8388756971891831E-09  3.9904426809383731E-01  3.0539487336197119E-04  3.5895541546541967E-02  6.3059109761522160E-09
   401   38.095000      0.0000000000000000E+00  7.9506006419176782E-09  3.9379193379749805E-01  2.9052451296611334E-04  4.0195409232390997E-02  7.6107213160645340E-09
   402   38.190000      0.0000000000000000E+00  7.1850514236260891E-09  3.8733887120420052E-01  2.7393270117137823E-04  4.4880160832917890E-02  8.8118212651688429E-09
   403   38.285000      0.0000000000000000E+00  6.6782580364606108E-09  3.8001577497215744E-01  2.6070848338558689E-04  4.9834549466444722E-02  9.7221829069307475E-09
   404   38.380000      0.0000000000000000E+00  6.4747452590538830E-09  3.7216728276893296E-01  2.5522367722788153E-04  5.4971053631410485E-02  1.0276139175811487E-08
   405   38.475000      0.0000000000000000E+00  6.6035327592406272E-09  3.6413755644337842E-01  2.5822005839488092E-04  6.0177109365880194E-02  1.0487724848104160E-08
   406   38.570000      0.0000000000000000E+00  6.8731241776127741E-09  3.5628376693362490E-01  2.6711968755119080E-04  6.5269787282325534E-02  1.0635876883142389E-08
   407   38.665000      0.0000000000000000E+00  7.2255816521182014E-09  3.4900540775683164E-01  2.7923682135748504E-04  6.9973112791223452E-02  1.0699996262091660E-08
   408   38.760000      0.0000000000000000E+00  7.7250219273730576E-09  3.4277496257108975E-01  2.9298808327982129E-04  7.3896970206909038E-02  1.0466718189695808E-08
   409   38.855000      0.0000000000000000E+00  8.2838573141702763E-09  3.3809413749723416E-01  3.0701223743959160E-04  7.6569224642034264E-02  1.0038732671440017E-08
   410   38.950000      0.0000000000000000E+00  8.9705080307488875E-09  3.3531078737493714E-01  3.1947093687316187E-04  7.7602830913084092E-02  9.4021097187420307E-09
   411   39.045000      0.0000000000000000E+00  9.9632024926400526E-09  3.3442945894779591E-01  3.2832842195579487E-04  7.6909233342864591E-02  8.4078728677507466E-09
   412   39.140000      0.0000000000000000E+00  1.1207192134948919E-08  3.3513791357879702E-01  3.3296580808695798E-04  7.4741004799294727E-02  7.1339434412047264E-09
   413   39.235000      0.0000000000000000E+00  1.2321630378465490E-08  3.3703374364559846E-01  3.3403225493505457E-04  7.1543081321201532E-02  5.8392075456185552E-09
   414   39.330000      0.0000000000000000E+00  1.2568571428172176E-08  3.3983401527195145E-01  3.3264919951643307E-04  6.7773483003652213E-02  5.1886372506986851E-09
   415   39.425000      0.0000000000000000E+00  1.1811014415791406E-08  3.4343508943690726E-01  3.2991585777479175E-04  6.3789083089630438E-02  5.3889180996313445E-09
   416   39.520000      0.0000000000000000E+00  1.1006387541218667E-08  3.4782719483119584E-01  3.2709527183333417E-04  5.9829980180632306E-02  5.4775315897148411E-09
   417   39.615000      0.0000000000000000E+00  1.0432720802730777E-08  3.5295863437956920E-01  3.2559408258059185E-04  5.6088164948983499E-02  5.2658099342741985E-09
   418   39.710000      0.0000000000000000E+00  9.4127044172488860E-09  3.5867890334753327E-01  3.2591531153757154E-04  5.2753383239829678E-02  5.6206055073574592E-09
   419   39.805000      0.0000000000000000E+00  8.0984963911773265E-09  3.6474252115550820E-01  3.2774184838821877E-04  5.0039719136501265E-02  6.3128853672823704E-09
   420   39.900000      0.0000000000000000E+00  7.0995627559380966E-09  3.7081218801265198E-01  3.3027177818462561E-04  4.8222610038024923E-02  6.6216007427412682E-09
   421   39.995000      0.0000000000000000E+00  6.4994249634643950E-09  3.7653603663257562E-01  3.3346635804176663E-04  4.7585117019165735E-02  6.5618707743418712E-09
   422   40.090000      0.0000000000000000E+00  6.2293764450681680E-09  3.8174441024925365E-01  3.3827630624292201E-04  4.8236137097142064E-02  6.3216079022249647E-09
