! Kinetic energy for species "electrons-up"
  Iter        Time          Total Par.             Kin. Energy
     0   0.0000000             179200  1.0647448753668531E+00
     1  0.95000000E-01         179200  1.0647452184910486E+00
     2  0.19000000             179200  1.0647462440429913E+00
     3  0.28500000             179200  1.0647479405468765E+00
     4  0.38000000             179200  1.0647502889053759E+00
     5  0.47500000             179200  1.0647532625409739E+00
     6  0.57000000             179200  1.0647568276754775E+00
     7  0.66500000             179200  1.0647609437906058E+00
     8  0.76000000             179200  1.0647655641714890E+00
     9  0.85500000             179200  1.0647706363841607E+00
    10  0.95000000             179200  1.0647761027316087E+00
    11   1.0450000             179200  1.0647819008825437E+00
    12   1.1400000             179200  1.0647879647065350E+00
    13   1.2350000             179200  1.0647942251653242E+00
    14   1.3300000             179200  1.0648006111802040E+00
    15   1.4250000             179200  1.0648070504302023E+00
    16   1.5200000             179200  1.0648134699503080E+00
    17   1.6150000             179200  1.0648197965919897E+00
    18   1.7100000             179200  1.0648259577336505E+00
    19   1.8050000             179200  1.0648318824671970E+00
    20   1.9000000             179200  1.0648375029246884E+00
    21   1.9950000             179200  1.0648427551791655E+00
    22   2.0900000             179200  1.0648475796350347E+00
    23   2.1850000             179200  1.0648519214230763E+00
    24   2.2800000             179200  1.0648557310836284E+00
    25   2.3750000             179200  1.0648589651411162E+00
    26   2.4700000             179200  1.0648615863658548E+00
    27   2.5650000             179200  1.0648635642468045E+00
    28   2.6600000             179200  1.0648648759200210E+00
    29   2.7550000             179200  1.0648655068206350E+00
    30   2.8500000             179200  1.0648654503751975E+00
    31   2.9450000             179200  1.0648647072162956E+00
    32   3.0400000             179200  1.0648632849538766E+00
    33   3.1350000             179200  1.0648611986733170E+00
    34   3.2300000             179200  1.0648584714270850E+00
    35   3.3250000             179200  1.0648551342232988E+00
    36   3.4200000             179200  1.0648512254591536E+00
    37   3.5150000             179200  1.0648467897796667E+00
    38   3.6100000             179200  1.0648418768408228E+00
    39   3.7050000             179200  1.0648365408481257E+00
    40   3.8000000             179200  1.0648308408087810E+00
    41   3.8950000             179200  1.0648248406005694E+00
    42   3.9900000             179200  1.0648186084453704E+00
    43   4.0850000             179200  1.0648122157505249E+00
    44   4.1800000             179200  1.0648057352491360E+00
    45   4.2750000             179200  1.0647992391120376E+00
    46   4.3700000             179200  1.0647927982614966E+00
    47   4.4650000             179200  1.0647864830137395E+00
    48   4.5600000             179200  1.0647803636103657E+00
    49   4.6550000             179200  1.0647745093289713E+00
    50   4.7500000             179200  1.0647689865391949E+00
    51   4.8450000             179200  1.0647638569294378E+00
    52   4.9400000             179200  1.0647591763514657E+00
    53   5.0350000             179200  1.0647549941699004E+00
    54   5.1300000             179200  1.0647513532025799E+00
    55   5.2250000             179200  1.0647482900110437E+00
    56   5.3200000             179200  1.0647458349181047E+00
    57   5.4150000             179200  1.0647440116276585E+00
    58   5.5100000             179200  1.0647428367060621E+00
    59   5.6050000             179200  1.0647423190046093E+00
    60   5.7000000             179200  1.0647424591877712E+00
    61   5.7950000             179200  1.0647432496903897E+00
    62   5.8900000             179200  1.0647446749260692E+00
    63   5.9850000             179200  1.0647467109726052E+00
    64   6.0800000             179200  1.0647493247044861E+00
    65   6.1750000             179200  1.0647524739691296E+00
    66   6.2700000             179200  1.0647561097384650E+00
    67   6.3650000             179200  1.0647601779976117E+00
    68   6.4600000             179200  1.0647646189160360E+00
    69   6.5550000             179200  1.0647693651018635E+00
    70   6.6500000             179200  1.0647743423806284E+00
    71   6.7450000             179200  1.0647794725342843E+00
    72   6.8400000             179200  1.0647846747465000E+00
    73   6.9350000             179200  1.0647898650592444E+00
    74   7.0300000             179200  1.0647949558552749E+00
    75   7.1250000             179200  1.0647998567127215E+00
    76   7.2200000             179200  1.0648044763621689E+00
    77   7.3150000             179200  1.0648087245257960E+00
    78   7.4100000             179200  1.0648125120375480E+00
    79   7.5050000             179200  1.0648157490972889E+00
    80   7.6000000             179200  1.0648183438277261E+00
    81   7.6950000             179200  1.0648202027620715E+00
    82   7.7900000             179200  1.0648212323383883E+00
    83   7.8850000             179200  1.0648213403062925E+00
    84   7.9800000             179200  1.0648204372143284E+00
    85   8.0750000             179200  1.0648184373035410E+00
    86   8.1700000             179200  1.0648152574962064E+00
    87   8.2650000             179200  1.0648108153750464E+00
    88   8.3600000             179200  1.0648050279419010E+00
    89   8.4550000             179200  1.0647978101985511E+00
    90   8.5500000             179200  1.0647890720679036E+00
    91   8.6450000             179200  1.0647787167110077E+00
    92   8.7400000             179200  1.0647666450730755E+00
    93   8.8350000             179200  1.0647527645557862E+00
    94   8.9300000             179200  1.0647369918498084E+00
    95   9.0250000             179200  1.0647192425720198E+00
    96   9.1200000             179200  1.0646994119450317E+00
    97   9.2150000             179200  1.0646773590814109E+00
    98   9.3100000             179200  1.0646529045386899E+00
    99   9.4050000             179200  1.0646258402588986E+00
   100   9.5000000             179200  1.0645959423608493E+00
   101   9.5950000             179200  1.0645629768604197E+00
   102   9.6900000             179200  1.0645266949727112E+00
   103   9.7850000             179200  1.0644868218389936E+00
   104   9.8800000             179200  1.0644430443011110E+00
   105   9.9750000             179200  1.0643949996345747E+00
   106   10.070000             179200  1.0643422643627674E+00
   107   10.165000             179200  1.0642843451127111E+00
   108   10.260000             179200  1.0642206767751263E+00
   109   10.355000             179200  1.0641506294897334E+00
   110   10.450000             179200  1.0640735167061131E+00
   111   10.545000             179200  1.0639885906563615E+00
   112   10.640000             179200  1.0638950171722641E+00
   113   10.735000             179200  1.0637918386173713E+00
   114   10.830000             179200  1.0636779476217912E+00
   115   10.925000             179200  1.0635520877234923E+00
   116   11.020000             179200  1.0634128730474963E+00
   117   11.115000             179200  1.0632588044471891E+00
   118   11.210000             179200  1.0630882685331469E+00
   119   11.305000             179200  1.0628995222923805E+00
   120   11.400000             179200  1.0626906709505559E+00
   121   11.495000             179200  1.0624596446003567E+00
   122   11.590000             179200  1.0622041781955516E+00
   123   11.685000             179200  1.0619217966096430E+00
   124   11.780000             179200  1.0616098078890466E+00
   125   11.875000             179200  1.0612653160808794E+00
   126   11.970000             179200  1.0608852579518562E+00
   127   12.065000             179200  1.0604664422725947E+00
   128   12.160000             179200  1.0600055667484751E+00
   129   12.255000             179200  1.0594992134314418E+00
   130   12.350000             179200  1.0589438414176913E+00
   131   12.445000             179200  1.0583357846936350E+00
   132   12.540000             179200  1.0576712485797151E+00
   133   12.635000             179200  1.0569463085986637E+00
   134   12.730000             179200  1.0561569437070844E+00
   135   12.825000             179200  1.0552991339226387E+00
   136   12.920000             179200  1.0543690105280992E+00
   137   13.015000             179200  1.0533630118884314E+00
   138   13.110000             179200  1.0522779888400224E+00
   139   13.205000             179200  1.0511112142581405E+00
   140   13.300000             179200  1.0498603012876460E+00
   141   13.395000             179200  1.0485230967650052E+00
   142   13.490000             179200  1.0470976468776918E+00
   143   13.585000             179200  1.0455823076552881E+00
   144   13.680000             179200  1.0439759605272600E+00
   145   13.775000             179200  1.0422781953070792E+00
   146   13.870000             179200  1.0404893858150108E+00
   147   13.965000             179200  1.0386107329773377E+00
   148   14.060000             179200  1.0366443659227345E+00
   149   14.155000             179200  1.0345934633987652E+00
   150   14.250000             179200  1.0324623096610881E+00
   151   14.345000             179200  1.0302562831458983E+00
   152   14.440000             179200  1.0279819113657098E+00
   153   14.535000             179200  1.0256471302236538E+00
   154   14.630000             179200  1.0232617835191440E+00
   155   14.725000             179200  1.0208382601764159E+00
   156   14.820000             179200  1.0183920529320456E+00
   157   14.915000             179200  1.0159417515395568E+00
   158   15.010000             179200  1.0135083539319947E+00
   159   15.105000             179200  1.0111147409115253E+00
   160   15.200000             179200  1.0087859592512411E+00
   161   15.295000             179200  1.0065493503007421E+00
   162   15.390000             179200  1.0044326852574179E+00
   163   15.485000             179200  1.0024609702725957E+00
   164   15.580000             179200  1.0006547953207927E+00
   165   15.675000             179200  9.9903086608054747E-01
   166   15.770000             179200  9.9760209591872862E-01
   167   15.865000             179200  9.9637594949504238E-01
   168   15.960000             179200  9.9535349029900977E-01
   169   16.055000             179200  9.9453028425845980E-01
   170   16.150000             179200  9.9389567702942694E-01
   171   16.245000             179200  9.9343029439682728E-01
   172   16.340000             179200  9.9310651225189650E-01
   173   16.435000             179200  9.9289035340250797E-01
   174   16.530000             179200  9.9274214248464965E-01
   175   16.625000             179200  9.9261965658072215E-01
   176   16.720000             179200  9.9248206767886993E-01
   177   16.815000             179200  9.9229066163993607E-01
   178   16.910000             179200  9.9201026307209483E-01
   179   17.005000             179200  9.9161257954031945E-01
   180   17.100000             179200  9.9107778485634035E-01
   181   17.195000             179200  9.9039537793091181E-01
   182   17.290000             179200  9.8956628215884868E-01
   183   17.385000             179200  9.8860185524701683E-01
   184   17.480000             179200  9.8752005643335261E-01
   185   17.575000             179200  9.8634543223597748E-01
   186   17.670000             179200  9.8511091515439109E-01
   187   17.765000             179200  9.8385549164376762E-01
   188   17.860000             179200  9.8261982919406909E-01
   189   17.955000             179200  9.8144487881914588E-01
   190   18.050000             179200  9.8037309606115541E-01
   191   18.145000             179200  9.7944901754195846E-01
   192   18.240000             179200  9.7871805063347694E-01
   193   18.335000             179200  9.7822407415492318E-01
   194   18.430000             179200  9.7800638156079156E-01
   195   18.525000             179200  9.7809632639772892E-01
   196   18.620000             179200  9.7851522494805732E-01
   197   18.715000             179200  9.7927475315314694E-01
   198   18.810000             179200  9.8037732741956907E-01
   199   18.905000             179200  9.8181481104976620E-01
   200   19.000000             179200  9.8356724762884506E-01
   201   19.095000             179200  9.8560348871464132E-01
   202   19.190000             179200  9.8788386313250698E-01
   203   19.285000             179200  9.9036227016840450E-01
   204   19.380000             179200  9.9298641481756778E-01
   205   19.475000             179200  9.9569883631047484E-01
   206   19.570000             179200  9.9844020860872618E-01
   207   19.665000             179200  1.0011517448417326E+00
   208   19.760000             179200  1.0037736746613848E+00
   209   19.855000             179200  1.0062438577151489E+00
   210   19.950000             179200  1.0085027061633176E+00
   211   20.045000             179200  1.0105010978698199E+00
   212   20.140000             179200  1.0122038012673875E+00
   213   20.235000             179200  1.0135887302389677E+00
   214   20.330000             179200  1.0146475180932588E+00
   215   20.425000             179200  1.0153890356310542E+00
   216   20.520000             179200  1.0158403157159870E+00
   217   20.615000             179200  1.0160397037827271E+00
   218   20.710000             179200  1.0160263116549664E+00
   219   20.805000             179200  1.0158327539511534E+00
   220   20.900000             179200  1.0154820765499992E+00
   221   20.995000             179200  1.0149836966905743E+00
   222   21.090000             179200  1.0143278655101042E+00
   223   21.185000             179200  1.0134853252004310E+00
   224   21.280000             179200  1.0124135092647659E+00
   225   21.375000             179200  1.0110625336110071E+00
   226   21.470000             179200  1.0093781282742869E+00
   227   21.565000             179200  1.0073051743059582E+00
   228   21.660000             179200  1.0047896883067495E+00
   229   21.755000             179200  1.0017800628249640E+00
   230   21.850000             179200  9.9823230265621010E-01
   231   21.945000             179200  9.9411232350083467E-01
   232   22.040000             179200  9.8939167062489541E-01
   233   22.135000             179200  9.8404571650999495E-01
   234   22.230000             179200  9.7805955493943442E-01
   235   22.325000             179200  9.7143475786465905E-01
   236   22.420000             179200  9.6419237777637157E-01
   237   22.515000             179200  9.5637788886456121E-01
   238   22.610000             179200  9.4806677729026656E-01
   239   22.705000             179200  9.3936358182915802E-01
   240   22.800000             179200  9.3039535784409733E-01
   241   22.895000             179200  9.2129975295194455E-01
   242   22.990000             179200  9.1220755455261027E-01
   243   23.085000             179200  9.0323235932197243E-01
   244   23.180000             179200  8.9447079508618799E-01
   245   23.275000             179200  8.8600250829833316E-01
   246   23.370000             179200  8.7788885884552270E-01
   247   23.465000             179200  8.7017453386463461E-01
   248   23.560000             179200  8.6289311884434183E-01
   249   23.655000             179200  8.5606979328467592E-01
   250   23.750000             179200  8.4972345538570337E-01
   251   23.845000             179200  8.4387687263271105E-01
   252   23.940000             179200  8.3856273878224186E-01
   253   24.035000             179200  8.3382067467456511E-01
   254   24.130000             179200  8.2969108146900827E-01
   255   24.225000             179200  8.2620584146789922E-01
   256   24.320000             179200  8.2338118459762033E-01
   257   24.415000             179200  8.2121939730016558E-01
   258   24.510000             179200  8.1971362763703848E-01
   259   24.605000             179200  8.1883784094985534E-01
   260   24.700000             179200  8.1853085545173510E-01
   261   24.795000             179200  8.1869131275405171E-01
   262   24.890000             179200  8.1917084298875054E-01
   263   24.985000             179200  8.1977229807854290E-01
   264   25.080000             179200  8.2027384540047332E-01
   265   25.175000             179200  8.2047150514456646E-01
   266   25.270000             179200  8.2022025579202329E-01
   267   25.365000             179200  8.1945980831063359E-01
   268   25.460000             179200  8.1821354784505473E-01
   269   25.555000             179200  8.1656611556266501E-01
   270   25.650000             179200  8.1462990492081744E-01
   271   25.745000             179200  8.1250323438752559E-01
   272   25.840000             179200  8.1024100148509148E-01
   273   25.935000             179200  8.0785647653196979E-01
   274   26.030000             179200  8.0533288785919699E-01
   275   26.125000             179200  8.0262083778215287E-01
   276   26.220000             179200  7.9964317439417665E-01
   277   26.315000             179200  7.9631965413423988E-01
   278   26.410000             179200  7.9259718158173464E-01
   279   26.505000             179200  7.8848589734306884E-01
   280   26.600000             179200  7.8409001819280244E-01
   281   26.695000             179200  7.7960328803955647E-01
   282   26.790000             179200  7.7527015813235778E-01
   283   26.885000             179200  7.7134328726960066E-01
   284   26.980000             179200  7.6805227219763295E-01
   285   27.075000             179200  7.6558566954085738E-01
   286   27.170000             179200  7.6409039094327202E-01
   287   27.265000             179200  7.6368222701505140E-01
   288   27.360000             179200  7.6445216106050040E-01
   289   27.455000             179200  7.6645991550070591E-01
   290   27.550000             179200  7.6971678867379756E-01
   291   27.645000             179200  7.7416904269321685E-01
   292   27.740000             179200  7.7969687936277365E-01
   293   27.835000             179200  7.8613498166704443E-01
   294   27.930000             179200  7.9331335638517075E-01
   295   28.025000             179200  8.0110290038315757E-01
   296   28.120000             179200  8.0943697149269067E-01
   297   28.215000             179200  8.1830189564258382E-01
   298   28.310000             179200  8.2771296496731062E-01
   299   28.405000             179200  8.3768870824760988E-01
   300   28.500000             179200  8.4822519625153581E-01
   301   28.595000             179200  8.5926183319835270E-01
   302   28.690000             179200  8.7064474974488071E-01
   303   28.785000             179200  8.8211026352100208E-01
   304   28.880000             179200  8.9329547710328350E-01
   305   28.975000             179200  9.0377876571819582E-01
   306   29.070000             179200  9.1314253181852079E-01
   307   29.165000             179200  9.2102800853196598E-01
   308   29.260000             179200  9.2716230653764553E-01
   309   29.355000             179200  9.3138412245253988E-01
   310   29.450000             179200  9.3367781321728360E-01
   311   29.545000             179200  9.3418304922889872E-01
   312   29.640000             179200  9.3317884033780352E-01
   313   29.735000             179200  9.3103584580172427E-01
   314   29.830000             179200  9.2814551707044368E-01
   315   29.925000             179200  9.2485908322423871E-01
   316   30.020000             179200  9.2144065536575692E-01
   317   30.115000             179200  9.1806577990241922E-01
   318   30.210000             179200  9.1488148584134033E-01
   319   30.305000             179200  9.1206694848356784E-01
   320   30.400000             179200  9.0983541009690738E-01
   321   30.495000             179200  9.0839444854089157E-01
   322   30.590000             179200  9.0792444401039907E-01
   323   30.685000             179200  9.0859645897493702E-01
   324   30.780000             179200  9.1059332921367675E-01
   325   30.875000             179200  9.1407733419782145E-01
   326   30.970000             179200  9.1910013496407994E-01
   327   31.065000             179200  9.2552897916753762E-01
   328   31.160000             179200  9.3304321563620396E-01
   329   31.255000             179200  9.4119594243737059E-01
   330   31.350000             179200  9.4952087673362984E-01
   331   31.445000             179200  9.5763525003877992E-01
   332   31.540000             179200  9.6528797452089532E-01
   333   31.635000             179200  9.7235686747049699E-01
   334   31.730000             179200  9.7882365660937332E-01
   335   31.825000             179200  9.8473585011733777E-01
   336   31.920000             179200  9.9015377928890091E-01
   337   32.015000             179200  9.9509601792031332E-01
   338   32.110000             179200  9.9949630172806470E-01
   339   32.205000             179200  1.0031756916080494E+00
   340   32.300000             179200  1.0058390623920417E+00
   341   32.395000             179200  1.0071036552841366E+00
   342   32.490000             179200  1.0065577062961748E+00
   343   32.585000             179200  1.0038335350105108E+00
   344   32.680000             179200  9.9866909091628386E-01
   345   32.775000             179200  9.9094130281971793E-01
   346   32.870000             179200  9.8067045198195213E-01
   347   32.965000             179200  9.6800906174790247E-01
   348   33.060000             179200  9.5322544794761987E-01
   349   33.155000             179200  9.3668740851320154E-01
   350   33.250000             179200  9.1886043674655282E-01
   351   33.345000             179200  9.0031422920190318E-01
   352   33.440000             179200  8.8170740901195599E-01
   353   33.535000             179200  8.6373766434222732E-01
   354   33.630000             179200  8.4707151800493907E-01
   355   33.725000             179200  8.3228097596758199E-01
   356   33.820000             179200  8.1980468368035986E-01
   357   33.915000             179200  8.0992451041193547E-01
   358   34.010000             179200  8.0275886148214637E-01
   359   34.105000             179200  7.9829212209732581E-01
   360   34.200000             179200  7.9643086348378778E-01
   361   34.295000             179200  7.9704224085086506E-01
   362   34.390000             179200  7.9995524552193764E-01
   363   34.485000             179200  8.0494918338829069E-01
   364   34.580000             179200  8.1175046625079317E-01
   365   34.675000             179200  8.2003875416650129E-01
   366   34.770000             179200  8.2945210086267185E-01
   367   34.865000             179200  8.3960139540360945E-01
   368   34.960000             179200  8.5010218780199387E-01
   369   35.055000             179200  8.6059143350932643E-01
   370   35.150000             179200  8.7072321321422996E-01
   371   35.245000             179200  8.8017473753602149E-01
   372   35.340000             179200  8.8866500349784106E-01
   373   35.435000             179200  8.9597552733852903E-01
   374   35.530000             179200  9.0195838887576629E-01
   375   35.625000             179200  9.0651666286066046E-01
   376   35.720000             179200  9.0958681207080516E-01
   377   35.815000             179200  9.1114076539327038E-01
   378   35.910000             179200  9.1119178433577452E-01
   379   36.005000             179200  9.0981660364681427E-01
   380   36.100000             179200  9.0718934720677435E-01
   381   36.195000             179200  9.0358474674744282E-01
   382   36.290000             179200  8.9934085830436417E-01
   383   36.385000             179200  8.9480949372750229E-01
   384   36.480000             179200  8.9030740533584640E-01
   385   36.575000             179200  8.8606607229243017E-01
   386   36.670000             179200  8.8219587963410340E-01
   387   36.765000             179200  8.7868214402561251E-01
   388   36.860000             179200  8.7541165805559318E-01
   389   36.955000             179200  8.7222277141918680E-01
   390   37.050000             179200  8.6896156833744542E-01
   391   37.145000             179200  8.6551160643223524E-01
   392   37.240000             179200  8.6179079067554210E-01
   393   37.335000             179200  8.5774737969489490E-01
   394   37.430000             179200  8.5336980294869558E-01
   395   37.525000             179200  8.4869371841840680E-01
   396   37.620000             179200  8.4379649434695958E-01
   397   37.715000             179200  8.3878630104922980E-01
   398   37.810000             179200  8.3379232916048518E-01
   399   37.905000             179200  8.2894896218855119E-01
   400   38.000000             179200  8.2436158753922162E-01
   401   38.095000             179200  8.2007489156964597E-01
   402   38.190000             179200  8.1607337652976464E-01
   403   38.285000             179200  8.1230358275642067E-01
   404   38.380000             179200  8.0869291968926060E-01
   405   38.475000             179200  8.0515579720805897E-01
   406   38.570000             179200  8.0159921508341503E-01
   407   38.665000             179200  7.9794352492660880E-01
   408   38.760000             179200  7.9415114574108736E-01
   409   38.855000             179200  7.9023402647464303E-01
   410   38.950000             179200  7.8623893427152547E-01
   411   39.045000             179200  7.8223345507493969E-01
   412   39.140000             179200  7.7827970240136868E-01
   413   39.235000             179200  7.7439545927546261E-01
   414   39.330000             179200  7.7055024434097530E-01
   415   39.425000             179200  7.6670893353494796E-01
   416   39.520000             179200  7.6288375122589880E-01
   417   39.615000             179200  7.5915662980116816E-01
   418   39.710000             179200  7.5565981246480141E-01
   419   39.805000             179200  7.5253940139773423E-01
   420   39.900000             179200  7.4992917568471917E-01
   421   39.995000             179200  7.4794094409522716E-01
   422   40.090000             179200  7.4665539655191648E-01
