! Kinetic energy for species "positrons-up"
  Iter        Time          Total Par.             Kin. Energy
     0   0.0000000             179200  1.0648012897021979E+00
     1  0.95000000E-01         179200  1.0648009453441243E+00
     2  0.19000000             179200  1.0647999163210764E+00
     3  0.28500000             179200  1.0647982146139121E+00
     4  0.38000000             179200  1.0647958598048672E+00
     5  0.47500000             179200  1.0647928788354037E+00
     6  0.57000000             179200  1.0647893057834026E+00
     7  0.66500000             179200  1.0647851814626683E+00
     8  0.76000000             179200  1.0647805528985232E+00
     9  0.85500000             179200  1.0647754728397802E+00
    10  0.95000000             179200  1.0647699991578301E+00
    11   1.0450000             179200  1.0647641940187922E+00
    12   1.1400000             179200  1.0647581231735619E+00
    13   1.2350000             179200  1.0647518555456545E+00
    14   1.3300000             179200  1.0647454626602166E+00
    15   1.4250000             179200  1.0647390175934039E+00
    16   1.5200000             179200  1.0647325937813867E+00
    17   1.6150000             179200  1.0647262640710147E+00
    18   1.7100000             179200  1.0647201000422060E+00
    19   1.8050000             179200  1.0647141715337531E+00
    20   1.9000000             179200  1.0647085461481054E+00
    21   1.9950000             179200  1.0647032882984422E+00
    22   2.0900000             179200  1.0646984578419365E+00
    23   2.1850000             179200  1.0646941091118887E+00
    24   2.2800000             179200  1.0646902907899645E+00
    25   2.3750000             179200  1.0646870459173066E+00
    26   2.4700000             179200  1.0646844113761695E+00
    27   2.5650000             179200  1.0646824172406304E+00
    28   2.6600000             179200  1.0646810864042875E+00
    29   2.7550000             179200  1.0646804340599227E+00
    30   2.8500000             179200  1.0646804670493872E+00
    31   2.9450000             179200  1.0646811840240167E+00
    32   3.0400000             179200  1.0646825763594827E+00
    33   3.1350000             179200  1.0646846284251845E+00
    34   3.2300000             179200  1.0646873170079665E+00
    35   3.3250000             179200  1.0646906112734833E+00
    36   3.4200000             179200  1.0646944734610699E+00
    37   3.5150000             179200  1.0646988591630835E+00
    38   3.6100000             179200  1.0647037173728973E+00
    39   3.7050000             179200  1.0647089913847267E+00
    40   3.8000000             179200  1.0647146200776665E+00
    41   3.8950000             179200  1.0647205386022367E+00
    42   3.9900000             179200  1.0647266789148115E+00
    43   4.0850000             179200  1.0647329705905331E+00
    44   4.1800000             179200  1.0647393413412831E+00
    45   4.2750000             179200  1.0647457174546529E+00
    46   4.3700000             179200  1.0647520250484259E+00
    47   4.4650000             179200  1.0647581914742394E+00
    48   4.5600000             179200  1.0647641454979571E+00
    49   4.6550000             179200  1.0647698170392204E+00
    50   4.7500000             179200  1.0647751384709263E+00
    51   4.8450000             179200  1.0647800470023430E+00
    52   4.9400000             179200  1.0647844854544091E+00
    53   5.0350000             179200  1.0647884009878632E+00
    54   5.1300000             179200  1.0647917445825148E+00
    55   5.2250000             179200  1.0647944727301870E+00
    56   5.3200000             179200  1.0647965493912632E+00
    57   5.4150000             179200  1.0647979466050128E+00
    58   5.5100000             179200  1.0647986445834912E+00
    59   5.6050000             179200  1.0647986318206897E+00
    60   5.7000000             179200  1.0647979043351494E+00
    61   5.7950000             179200  1.0647964642322345E+00
    62   5.8900000             179200  1.0647943191902425E+00
    63   5.9850000             179200  1.0647914833152354E+00
    64   6.0800000             179200  1.0647879782233820E+00
    65   6.1750000             179200  1.0647838334433657E+00
    66   6.2700000             179200  1.0647790858405708E+00
    67   6.3650000             179200  1.0647737779855229E+00
    68   6.4600000             179200  1.0647679561607308E+00
    69   6.5550000             179200  1.0647616691223476E+00
    70   6.6500000             179200  1.0647549678997368E+00
    71   6.7450000             179200  1.0647479062448344E+00
    72   6.8400000             179200  1.0647405411325930E+00
    73   6.9350000             179200  1.0647329321550445E+00
    74   7.0300000             179200  1.0647251391538890E+00
    75   7.1250000             179200  1.0647172195548182E+00
    76   7.2200000             179200  1.0647092275316479E+00
    77   7.3150000             179200  1.0647012147684145E+00
    78   7.4100000             179200  1.0646932302700924E+00
    79   7.5050000             179200  1.0646853176921887E+00
    80   7.6000000             179200  1.0646775119590228E+00
    81   7.6950000             179200  1.0646698380342738E+00
    82   7.7900000             179200  1.0646623117549394E+00
    83   7.8850000             179200  1.0646549400554990E+00
    84   7.9800000             179200  1.0646477196849546E+00
    85   8.0750000             179200  1.0646406362258576E+00
    86   8.1700000             179200  1.0646336642130416E+00
    87   8.2650000             179200  1.0646267665259075E+00
    88   8.3600000             179200  1.0646198911916633E+00
    89   8.4550000             179200  1.0646129661689510E+00
    90   8.5500000             179200  1.0646058954933575E+00
    91   8.6450000             179200  1.0645985612233368E+00
    92   8.7400000             179200  1.0645908319675970E+00
    93   8.8350000             179200  1.0645825714425676E+00
    94   8.9300000             179200  1.0645736377026722E+00
    95   9.0250000             179200  1.0645638706684863E+00
    96   9.1200000             179200  1.0645530753308625E+00
    97   9.2150000             179200  1.0645410105527966E+00
    98   9.3100000             179200  1.0645273887572237E+00
    99   9.4050000             179200  1.0645118856260121E+00
   100   9.5000000             179200  1.0644941531429175E+00
   101   9.5950000             179200  1.0644738265591163E+00
   102   9.6900000             179200  1.0644505212237982E+00
   103   9.7850000             179200  1.0644238239979371E+00
   104   9.8800000             179200  1.0643932843369890E+00
   105   9.9750000             179200  1.0643584042872738E+00
   106   10.070000             179200  1.0643186272017826E+00
   107   10.165000             179200  1.0642733311178347E+00
   108   10.260000             179200  1.0642218322211803E+00
   109   10.355000             179200  1.0641633949878728E+00
   110   10.450000             179200  1.0640972380533695E+00
   111   10.545000             179200  1.0640225258251423E+00
   112   10.640000             179200  1.0639383455704297E+00
   113   10.735000             179200  1.0638436811350016E+00
   114   10.830000             179200  1.0637373963638908E+00
   115   10.925000             179200  1.0636182324201600E+00
   116   11.020000             179200  1.0634848155156758E+00
   117   11.115000             179200  1.0633356710733832E+00
   118   11.210000             179200  1.0631692377381541E+00
   119   11.305000             179200  1.0629838685740638E+00
   120   11.400000             179200  1.0627778102050753E+00
   121   11.495000             179200  1.0625491675974870E+00
   122   11.590000             179200  1.0622958751528240E+00
   123   11.685000             179200  1.0620156894640993E+00
   124   11.780000             179200  1.0617062039917264E+00
   125   11.875000             179200  1.0613648745541440E+00
   126   11.970000             179200  1.0609890420366541E+00
   127   12.065000             179200  1.0605759487987443E+00
   128   12.160000             179200  1.0601227595379026E+00
   129   12.255000             179200  1.0596265952018413E+00
   130   12.350000             179200  1.0590845686341201E+00
   131   12.445000             179200  1.0584937928414377E+00
   132   12.540000             179200  1.0578513464390498E+00
   133   12.635000             179200  1.0571542306351611E+00
   134   12.730000             179200  1.0563993824193547E+00
   135   12.825000             179200  1.0555837845406093E+00
   136   12.920000             179200  1.0547046388095036E+00
   137   13.015000             179200  1.0537595277559082E+00
   138   13.110000             179200  1.0527465002191487E+00
   139   13.205000             179200  1.0516640349817665E+00
   140   13.300000             179200  1.0505108996936730E+00
   141   13.395000             179200  1.0492860056583806E+00
   142   13.490000             179200  1.0479883306498139E+00
   143   13.585000             179200  1.0466168831255835E+00
   144   13.680000             179200  1.0451706858751080E+00
   145   13.775000             179200  1.0436488262954615E+00
   146   13.870000             179200  1.0420505703953475E+00
   147   13.965000             179200  1.0403753834253804E+00
   148   14.060000             179200  1.0386227689254799E+00
   149   14.155000             179200  1.0367920228864147E+00
   150   14.250000             179200  1.0348820955254898E+00
   151   14.345000             179200  1.0328916394188692E+00
   152   14.440000             179200  1.0308192406072005E+00
   153   14.535000             179200  1.0286637982642830E+00
   154   14.630000             179200  1.0264250721944768E+00
   155   14.725000             179200  1.0241044605120491E+00
   156   14.820000             179200  1.0217059606893637E+00
   157   14.915000             179200  1.0192372465268822E+00
   158   15.010000             179200  1.0167107003142393E+00
   159   15.105000             179200  1.0141441114851770E+00
   160   15.200000             179200  1.0115608329092201E+00
   161   15.295000             179200  1.0089893712959133E+00
   162   15.390000             179200  1.0064627028481494E+00
   163   15.485000             179200  1.0040178216810138E+00
   164   15.580000             179200  1.0016956783044084E+00
   165   15.675000             179200  9.9954111196179196E-01
   166   15.770000             179200  9.9760229102648690E-01
   167   15.865000             179200  9.9592933142925288E-01
   168   15.960000             179200  9.9457140681544220E-01
   169   16.055000             179200  9.9357266297610325E-01
   170   16.150000             179200  9.9296895580856903E-01
   171   16.245000             179200  9.9278592913007369E-01
   172   16.340000             179200  9.9303647427227182E-01
   173   16.435000             179200  9.9371903968457054E-01
   174   16.530000             179200  9.9481931811916646E-01
   175   16.625000             179200  9.9631306585835699E-01
   176   16.720000             179200  9.9816798657529204E-01
   177   16.815000             179200  1.0003458238227152E+00
   178   16.910000             179200  1.0028044670880554E+00
   179   17.005000             179200  1.0054991167480138E+00
   180   17.100000             179200  1.0083835337192453E+00
   181   17.195000             179200  1.0114107590006804E+00
   182   17.290000             179200  1.0145331149581192E+00
   183   17.385000             179200  1.0177027519063242E+00
   184   17.480000             179200  1.0208713166971917E+00
   185   17.575000             179200  1.0239887173184372E+00
   186   17.670000             179200  1.0270034102645653E+00
   187   17.765000             179200  1.0298632032977664E+00
   188   17.860000             179200  1.0325154572593604E+00
   189   17.955000             179200  1.0349079536708794E+00
   190   18.050000             179200  1.0369892119736153E+00
   191   18.145000             179200  1.0387070409094528E+00
   192   18.240000             179200  1.0400094630736703E+00
   193   18.335000             179200  1.0408494016686414E+00
   194   18.430000             179200  1.0411890397592809E+00
   195   18.525000             179200  1.0410013957523554E+00
   196   18.620000             179200  1.0402700879693851E+00
   197   18.715000             179200  1.0389887136627274E+00
   198   18.810000             179200  1.0371597663688816E+00
   199   18.905000             179200  1.0347946757282656E+00
   200   19.000000             179200  1.0319150056076478E+00
   201   19.095000             179200  1.0285509611496915E+00
   202   19.190000             179200  1.0247365367483110E+00
   203   19.285000             179200  1.0205066239174945E+00
   204   19.380000             179200  1.0158994999461406E+00
   205   19.475000             179200  1.0109614313636581E+00
   206   19.570000             179200  1.0057482478423054E+00
   207   19.665000             179200  1.0003229087517871E+00
   208   19.760000             179200  9.9475267480960705E-01
   209   19.855000             179200  9.8910845112241219E-01
   210   19.950000             179200  9.8346460027734928E-01
   211   20.045000             179200  9.7789658447259287E-01
   212   20.140000             179200  9.7247543175973561E-01
   213   20.235000             179200  9.6726241315679518E-01
   214   20.330000             179200  9.6230877464680231E-01
   215   20.425000             179200  9.5765845085344392E-01
   216   20.520000             179200  9.5334890859375909E-01
   217   20.615000             179200  9.4941142042638627E-01
   218   20.710000             179200  9.4587285804223620E-01
   219   20.805000             179200  9.4275481743053480E-01
   220   20.900000             179200  9.4007106918322536E-01
   221   20.995000             179200  9.3783116245374476E-01
   222   21.090000             179200  9.3604644174277585E-01
   223   21.185000             179200  9.3472683806895529E-01
   224   21.280000             179200  9.3387332008954982E-01
   225   21.375000             179200  9.3347988158447759E-01
   226   21.470000             179200  9.3354252160048956E-01
   227   21.565000             179200  9.3406362238089824E-01
   228   21.660000             179200  9.3505130688714178E-01
   229   21.755000             179200  9.3651877672254580E-01
   230   21.850000             179200  9.3848209457786624E-01
   231   21.945000             179200  9.4095470401187131E-01
   232   22.040000             179200  9.4394105175646570E-01
   233   22.135000             179200  9.4743111302229110E-01
   234   22.230000             179200  9.5139606389333131E-01
   235   22.325000             179200  9.5578529459143957E-01
   236   22.420000             179200  9.6052702736626494E-01
   237   22.515000             179200  9.6553563284065880E-01
   238   22.610000             179200  9.7071947456997543E-01
   239   22.705000             179200  9.7598287587557409E-01
   240   22.800000             179200  9.8122873664256738E-01
   241   22.895000             179200  9.8636059014139454E-01
   242   22.990000             179200  9.9127929722655139E-01
   243   23.085000             179200  9.9588342569394384E-01
   244   23.180000             179200  1.0000722564002529E+00
   245   23.275000             179200  1.0037430839937325E+00
   246   23.370000             179200  1.0067932214432322E+00
   247   23.465000             179200  1.0091326750727565E+00
   248   23.560000             179200  1.0106917862511711E+00
   249   23.655000             179200  1.0114232005262507E+00
   250   23.750000             179200  1.0113058335545086E+00
   251   23.845000             179200  1.0103450416207631E+00
   252   23.940000             179200  1.0085703928507186E+00
   253   24.035000             179200  1.0060313098531264E+00
   254   24.130000             179200  1.0027870635621121E+00
   255   24.225000             179200  9.9889877069016086E-01
   256   24.320000             179200  9.9442953125361733E-01
   257   24.415000             179200  9.8944679434295968E-01
   258   24.510000             179200  9.8401854697670210E-01
   259   24.605000             179200  9.7821295718229173E-01
   260   24.700000             179200  9.7210329416148011E-01
   261   24.795000             179200  9.6576198007532588E-01
   262   24.890000             179200  9.5925175060169776E-01
   263   24.985000             179200  9.5262865357861171E-01
   264   25.080000             179200  9.4595610966265253E-01
   265   25.175000             179200  9.3931995190183348E-01
   266   25.270000             179200  9.3282949151209693E-01
   267   25.365000             179200  9.2660677085531351E-01
   268   25.460000             179200  9.2077773183743150E-01
   269   25.555000             179200  9.1547272946369840E-01
   270   25.650000             179200  9.1082128280604147E-01
   271   25.745000             179200  9.0693105302507493E-01
   272   25.840000             179200  9.0386775756887316E-01
   273   25.935000             179200  9.0163432382438125E-01
   274   26.030000             179200  9.0014966434133070E-01
   275   26.125000             179200  8.9925430628949599E-01
   276   26.220000             179200  8.9874633011436211E-01
   277   26.315000             179200  8.9842439866996693E-01
   278   26.410000             179200  8.9812151853802691E-01
   279   26.505000             179200  8.9772409994793612E-01
   280   26.600000             179200  8.9717913528851445E-01
   281   26.695000             179200  8.9648597491268567E-01
   282   26.790000             179200  8.9567798981913982E-01
   283   26.885000             179200  8.9480855723327046E-01
   284   26.980000             179200  8.9393677792247539E-01
   285   27.075000             179200  8.9312093176875740E-01
   286   27.170000             179200  8.9241721478240144E-01
   287   27.265000             179200  8.9187940447946268E-01
   288   27.360000             179200  8.9155831699099064E-01
   289   27.455000             179200  8.9149470442169521E-01
   290   27.550000             179200  8.9171283705303306E-01
   291   27.645000             179200  8.9221163120540603E-01
   292   27.740000             179200  8.9296404866854573E-01
   293   27.835000             179200  8.9392167381110099E-01
   294   27.930000             179200  8.9502127965305411E-01
   295   28.025000             179200  8.9619984449746015E-01
   296   28.120000             179200  8.9740046048123245E-01
   297   28.215000             179200  8.9856630947138028E-01
   298   28.310000             179200  8.9963309078000264E-01
   299   28.405000             179200  9.0053811116364657E-01
   300   28.500000             179200  9.0124549324658831E-01
   301   28.595000             179200  9.0176049959724902E-01
   302   28.690000             179200  9.0213185486333403E-01
   303   28.785000             179200  9.0243025023959933E-01
   304   28.880000             179200  9.0269749417349887E-01
   305   28.975000             179200  9.0290835276982762E-01
   306   29.070000             179200  9.0297862761253955E-01
   307   29.165000             179200  9.0281649135679509E-01
   308   29.260000             179200  9.0239406446579828E-01
   309   29.355000             179200  9.0179166471027672E-01
   310   29.450000             179200  9.0117592856139095E-01
   311   29.545000             179200  9.0073388255655074E-01
   312   29.640000             179200  9.0061238639649455E-01
   313   29.735000             179200  9.0089030863789210E-01
   314   29.830000             179200  9.0159463662063566E-01
   315   29.925000             179200  9.0273777282663537E-01
   316   30.020000             179200  9.0433514788556990E-01
   317   30.115000             179200  9.0638791490506432E-01
   318   30.210000             179200  9.0884295696468254E-01
   319   30.305000             179200  9.1156218082942231E-01
   320   30.400000             179200  9.1432923836787960E-01
   321   30.495000             179200  9.1689544815749602E-01
   322   30.590000             179200  9.1903236289545109E-01
   323   30.685000             179200  9.2055912268625251E-01
   324   30.780000             179200  9.2135011835645797E-01
   325   30.875000             179200  9.2134075752069489E-01
   326   30.970000             179200  9.2052996617902805E-01
   327   31.065000             179200  9.1896963456317415E-01
   328   31.160000             179200  9.1675521886466216E-01
   329   31.255000             179200  9.1402358331216693E-01
   330   31.350000             179200  9.1094275467537322E-01
   331   31.445000             179200  9.0769475189780802E-01
   332   31.540000             179200  9.0445698139895203E-01
   333   31.635000             179200  9.0137890559619027E-01
   334   31.730000             179200  8.9856023582424482E-01
   335   31.825000             179200  8.9605236565095292E-01
   336   31.920000             179200  8.9388795174676006E-01
   337   32.015000             179200  8.9211008347653098E-01
   338   32.110000             179200  8.9077623678784701E-01
   339   32.205000             179200  8.8995280863127291E-01
   340   32.300000             179200  8.8972298510035908E-01
   341   32.395000             179200  8.9019735497973973E-01
   342   32.490000             179200  8.9150804337633172E-01
   343   32.585000             179200  8.9378814848667232E-01
   344   32.680000             179200  8.9715007583082751E-01
   345   32.775000             179200  9.0166992475431906E-01
   346   32.870000             179200  9.0737692430154238E-01
   347   32.965000             179200  9.1424625837715268E-01
   348   33.060000             179200  9.2219694539603192E-01
   349   33.155000             179200  9.3109833037104872E-01
   350   33.250000             179200  9.4078568552004560E-01
   351   33.345000             179200  9.5107411440714440E-01
   352   33.440000             179200  9.6175539576516078E-01
   353   33.535000             179200  9.7258796897250344E-01
   354   33.630000             179200  9.8329204807306070E-01
   355   33.725000             179200  9.9355113546320895E-01
   356   33.820000             179200  1.0030277992629268E+00
   357   33.915000             179200  1.0113883984303804E+00
   358   34.010000             179200  1.0183309490652890E+00
   359   34.105000             179200  1.0236043642284800E+00
   360   34.200000             179200  1.0270201770060248E+00
   361   34.295000             179200  1.0284762214183480E+00
   362   34.390000             179200  1.0279840220915266E+00
   363   34.485000             179200  1.0256977135334340E+00
   364   34.580000             179200  1.0219372171738155E+00
   365   34.675000             179200  1.0171655230031462E+00
   366   34.770000             179200  1.0119155126378554E+00
   367   34.865000             179200  1.0067044940857872E+00
   368   34.960000             179200  1.0019646039445653E+00
   369   35.055000             179200  9.9800334930941859E-01
   370   35.150000             179200  9.9499826698940486E-01
   371   35.245000             179200  9.9300862652887911E-01
   372   35.340000             179200  9.9199304719044390E-01
   373   35.435000             179200  9.9183697928771597E-01
   374   35.530000             179200  9.9239476099234258E-01
   375   35.625000             179200  9.9355255954760535E-01
   376   35.720000             179200  9.9528219175523280E-01
   377   35.815000             179200  9.9763088217711737E-01
   378   35.910000             179200  1.0006568146842383E+00
   379   36.005000             179200  1.0043659919500205E+00
   380   36.100000             179200  1.0086777371353701E+00
   381   36.195000             179200  1.0134324563968395E+00
   382   36.290000             179200  1.0184324518443915E+00
   383   36.385000             179200  1.0234765654682443E+00
   384   36.480000             179200  1.0283802136489482E+00
   385   36.575000             179200  1.0329955804430058E+00
   386   36.670000             179200  1.0372304287295486E+00
   387   36.765000             179200  1.0410666104848847E+00
   388   36.860000             179200  1.0445633492578421E+00
   389   36.955000             179200  1.0478190307981365E+00
   390   37.050000             179200  1.0509125330310634E+00
   391   37.145000             179200  1.0538818260648424E+00
   392   37.240000             179200  1.0567581030837174E+00
   393   37.335000             179200  1.0596084523601870E+00
   394   37.430000             179200  1.0625361093716650E+00
   395   37.525000             179200  1.0656493195369572E+00
   396   37.620000             179200  1.0690404595070406E+00
   397   37.715000             179200  1.0727705286244242E+00
   398   37.810000             179200  1.0768518727850496E+00
   399   37.905000             179200  1.0812534371248552E+00
   400   38.000000             179200  1.0859232301374626E+00
   401   38.095000             179200  1.0908018517362841E+00
   402   38.190000             179200  1.0958249042482811E+00
   403   38.285000             179200  1.1009242347480555E+00
   404   38.380000             179200  1.1060445826819527E+00
   405   38.475000             179200  1.1111715808577811E+00
   406   38.570000             179200  1.1163334091183366E+00
   407   38.665000             179200  1.1215635597962936E+00
   408   38.760000             179200  1.1268576433484339E+00
   409   38.855000             179200  1.1321703670290206E+00
   410   38.950000             179200  1.1374499867381465E+00
   411   39.045000             179200  1.1426583612461041E+00
   412   39.140000             179200  1.1477549481841851E+00
   413   39.235000             179200  1.1526718440657864E+00
   414   39.330000             179200  1.1573042676623260E+00
   415   39.425000             179200  1.1615153217338319E+00
   416   39.520000             179200  1.1651490373714071E+00
   417   39.615000             179200  1.1680486176853075E+00
   418   39.710000             179200  1.1700703497251745E+00
   419   39.805000             179200  1.1710866179908468E+00
   420   39.900000             179200  1.1709904327210567E+00
   421   39.995000             179200  1.1697083725075386E+00
   422   40.090000             179200  1.1672142089876203E+00
