! Kinetic energy for species "electrons-down"
  Iter        Time          Total Par.             Kin. Energy
     0   0.0000000             179200  1.0648971897096779E+00
     1  0.95000000E-01         179200  1.0648968454934047E+00
     2  0.19000000             179200  1.0648958168446503E+00
     3  0.28500000             179200  1.0648941157126559E+00
     4  0.38000000             179200  1.0648917617554874E+00
     5  0.47500000             179200  1.0648887819571491E+00
     6  0.57000000             179200  1.0648852102879109E+00
     7  0.66500000             179200  1.0648810873833885E+00
     8  0.76000000             179200  1.0648764601388474E+00
     9  0.85500000             179200  1.0648713811915786E+00
    10  0.95000000             179200  1.0648659083017922E+00
    11   1.0450000             179200  1.0648601037144700E+00
    12   1.1400000             179200  1.0648540335329715E+00
    13   1.2350000             179200  1.0648477669303089E+00
    14   1.3300000             179200  1.0648413751971844E+00
    15   1.4250000             179200  1.0648349309309468E+00
    16   1.5200000             179200  1.0648285073411590E+00
    17   1.6150000             179200  1.0648221773723503E+00
    18   1.7100000             179200  1.0648160128379689E+00
    19   1.8050000             179200  1.0648100838326975E+00
    20   1.9000000             179200  1.0648044579957099E+00
    21   1.9950000             179200  1.0647991993842822E+00
    22   2.0900000             179200  1.0647943676135265E+00
    23   2.1850000             179200  1.0647900175366645E+00
    24   2.2800000             179200  1.0647861987172931E+00
    25   2.3750000             179200  1.0647829544098306E+00
    26   2.4700000             179200  1.0647803208212907E+00
    27   2.5650000             179200  1.0647783270857749E+00
    28   2.6600000             179200  1.0647769954695996E+00
    29   2.7550000             179200  1.0647763412915510E+00
    30   2.8500000             179200  1.0647763724200361E+00
    31   2.9450000             179200  1.0647770885773715E+00
    32   3.0400000             179200  1.0647784811134438E+00
    33   3.1350000             179200  1.0647805335305445E+00
    34   3.2300000             179200  1.0647832220739362E+00
    35   3.3250000             179200  1.0647865159862338E+00
    36   3.4200000             179200  1.0647903778502306E+00
    37   3.5150000             179200  1.0647947638326669E+00
    38   3.6100000             179200  1.0647996233700723E+00
    39   3.7050000             179200  1.0648048993649812E+00
    40   3.8000000             179200  1.0648105299554445E+00
    41   3.8950000             179200  1.0648164504799325E+00
    42   3.9900000             179200  1.0648225938612250E+00
    43   4.0850000             179200  1.0648288900371936E+00
    44   4.1800000             179200  1.0648352660919047E+00
    45   4.2750000             179200  1.0648416475307401E+00
    46   4.3700000             179200  1.0648479600066110E+00
    47   4.4650000             179200  1.0648541304528758E+00
    48   4.5600000             179200  1.0648600872333394E+00
    49   4.6550000             179200  1.0648657604751199E+00
    50   4.7500000             179200  1.0648710837053745E+00
    51   4.8450000             179200  1.0648759954241804E+00
    52   4.9400000             179200  1.0648804385916106E+00
    53   5.0350000             179200  1.0648843592461910E+00
    54   5.1300000             179200  1.0648877072132301E+00
    55   5.2250000             179200  1.0648904387814833E+00
    56   5.3200000             179200  1.0648925186063274E+00
    57   5.4150000             179200  1.0648939196955973E+00
    58   5.5100000             179200  1.0648946224756035E+00
    59   5.6050000             179200  1.0648946141012638E+00
    60   5.7000000             179200  1.0648938886739110E+00
    61   5.7950000             179200  1.0648924479614954E+00
    62   5.8900000             179200  1.0648903012909576E+00
    63   5.9850000             179200  1.0648874645590474E+00
    64   6.0800000             179200  1.0648839598534230E+00
    65   6.1750000             179200  1.0648798159071857E+00
    66   6.2700000             179200  1.0648750680433783E+00
    67   6.3650000             179200  1.0648697574014310E+00
    68   6.4600000             179200  1.0648639302307643E+00
    69   6.5550000             179200  1.0648576368120879E+00
    70   6.6500000             179200  1.0648509296893642E+00
    71   6.7450000             179200  1.0648438629916956E+00
    72   6.8400000             179200  1.0648364935205759E+00
    73   6.9350000             179200  1.0648288807527582E+00
    74   7.0300000             179200  1.0648210841110277E+00
    75   7.1250000             179200  1.0648131603783753E+00
    76   7.2200000             179200  1.0648051637937341E+00
    77   7.3150000             179200  1.0647971470828019E+00
    78   7.4100000             179200  1.0647891605747346E+00
    79   7.5050000             179200  1.0647812489879764E+00
    80   7.6000000             179200  1.0647734477354143E+00
    81   7.6950000             179200  1.0647657813569180E+00
    82   7.7900000             179200  1.0647582648649834E+00
    83   7.8850000             179200  1.0647509053895630E+00
    84   7.9800000             179200  1.0647437014205372E+00
    85   8.0750000             179200  1.0647366405786196E+00
    86   8.1700000             179200  1.0647296982286725E+00
    87   8.2650000             179200  1.0647228367573458E+00
    88   8.3600000             179200  1.0647160035699541E+00
    89   8.4550000             179200  1.0647091271005187E+00
    90   8.5500000             179200  1.0647021129580760E+00
    91   8.6450000             179200  1.0646948444753557E+00
    92   8.7400000             179200  1.0646871898551966E+00
    93   8.8350000             179200  1.0646790110885358E+00
    94   8.9300000             179200  1.0646701650590651E+00
    95   9.0250000             179200  1.0646604922385035E+00
    96   9.1200000             179200  1.0646497991193262E+00
    97   9.2150000             179200  1.0646378457774786E+00
    98   9.3100000             179200  1.0646243453985265E+00
    99   9.4050000             179200  1.0646089740273412E+00
   100   9.5000000             179200  1.0645913829361726E+00
   101   9.5950000             179200  1.0645712055095395E+00
   102   9.6900000             179200  1.0645480553811060E+00
   103   9.7850000             179200  1.0645215188748112E+00
   104   9.8800000             179200  1.0644911459507400E+00
   105   9.9750000             179200  1.0644564398581564E+00
   106   10.070000             179200  1.0644168449867166E+00
   107   10.165000             179200  1.0643717383763274E+00
   108   10.260000             179200  1.0643204328779272E+00
   109   10.355000             179200  1.0642621902958154E+00
   110   10.450000             179200  1.0641962299614058E+00
   111   10.545000             179200  1.0641217189824093E+00
   112   10.640000             179200  1.0640377460468882E+00
   113   10.735000             179200  1.0639432941455260E+00
   114   10.830000             179200  1.0638372256032496E+00
   115   10.925000             179200  1.0637182814268726E+00
   116   11.020000             179200  1.0635850903244499E+00
   117   11.115000             179200  1.0634361830494452E+00
   118   11.210000             179200  1.0632700049869284E+00
   119   11.305000             179200  1.0630849146882504E+00
   120   11.400000             179200  1.0628791610313459E+00
   121   11.495000             179200  1.0626508488486881E+00
   122   11.590000             179200  1.0623979136076840E+00
   123   11.685000             179200  1.0621181173306988E+00
   124   11.780000             179200  1.0618090626643526E+00
   125   11.875000             179200  1.0614682147340460E+00
   126   11.970000             179200  1.0610929214979230E+00
   127   12.065000             179200  1.0606804309976603E+00
   128   12.160000             179200  1.0602279132080505E+00
   129   12.255000             179200  1.0597324924792466E+00
   130   12.350000             179200  1.0591912815157318E+00
   131   12.445000             179200  1.0586013902091742E+00
   132   12.540000             179200  1.0579598917196571E+00
   133   12.635000             179200  1.0572637774576619E+00
   134   12.730000             179200  1.0565099673775158E+00
   135   12.825000             179200  1.0556954196774142E+00
   136   12.920000             179200  1.0548173062289785E+00
   137   13.015000             179200  1.0538731759758893E+00
   138   13.110000             179200  1.0528610400470455E+00
   139   13.205000             179200  1.0517793342231987E+00
   140   13.300000             179200  1.0506267787030377E+00
   141   13.395000             179200  1.0494022365732241E+00
   142   13.490000             179200  1.0481046437988710E+00
   143   13.585000             179200  1.0467329837452404E+00
   144   13.680000             179200  1.0452862815218891E+00
   145   13.775000             179200  1.0437636618585830E+00
   146   13.870000             179200  1.0421644683061702E+00
   147   13.965000             179200  1.0404882892195955E+00
   148   14.060000             179200  1.0387348006668928E+00
   149   14.155000             179200  1.0369035201633472E+00
   150   14.250000             179200  1.0349936634555250E+00
   151   14.345000             179200  1.0330041857716625E+00
   152   14.440000             179200  1.0309340008586412E+00
   153   14.535000             179200  1.0287823399069846E+00
   154   14.630000             179200  1.0265492771740221E+00
   155   14.725000             179200  1.0242364910469646E+00
   156   14.820000             179200  1.0218482102765480E+00
   157   14.915000             179200  1.0193922667564945E+00
   158   15.010000             179200  1.0168810781378772E+00
   159   15.105000             179200  1.0143322745900047E+00
   160   15.200000             179200  1.0117687819530938E+00
   161   15.295000             179200  1.0092184072903110E+00
   162   15.390000             179200  1.0067132790165534E+00
   163   15.485000             179200  1.0042895468939532E+00
   164   15.580000             179200  1.0019874080088598E+00
   165   15.675000             179200  9.9985110966520385E-01
   166   15.770000             179200  9.9792838962796904E-01
   167   15.865000             179200  9.9626892379853316E-01
   168   15.960000             179200  9.9492132199276639E-01
   169   16.055000             179200  9.9392926385698621E-01
   170   16.150000             179200  9.9332855554183896E-01
   171   16.245000             179200  9.9314545615150496E-01
   172   16.340000             179200  9.9339427512772360E-01
   173   16.435000             179200  9.9407531146458916E-01
   174   16.530000             179200  9.9517579687957636E-01
   175   16.625000             179200  9.9667214415781302E-01
   176   16.720000             179200  9.9853146273533344E-01
   177   16.815000             179200  1.0007135404282845E+00
   178   16.910000             179200  1.0031732644504818E+00
   179   17.005000             179200  1.0058624648696641E+00
   180   17.100000             179200  1.0087319342740064E+00
   181   17.195000             179200  1.0117327746532765E+00
   182   17.290000             179200  1.0148168375490365E+00
   183   17.385000             179200  1.0179373797022269E+00
   184   17.480000             179200  1.0210487592818149E+00
   185   17.575000             179200  1.0241050118446302E+00
   186   17.670000             179200  1.0270591815654670E+00
   187   17.765000             179200  1.0298630671237805E+00
   188   17.860000             179200  1.0324669865496994E+00
   189   17.955000             179200  1.0348204548327553E+00
   190   18.050000             179200  1.0368724053595884E+00
   191   18.145000             179200  1.0385699773054409E+00
   192   18.240000             179200  1.0398598793277989E+00
   193   18.335000             179200  1.0406935714167918E+00
   194   18.430000             179200  1.0410320331244778E+00
   195   18.525000             179200  1.0408473624781154E+00
   196   18.620000             179200  1.0401224253572972E+00
   197   18.715000             179200  1.0388503179735142E+00
   198   18.810000             179200  1.0370333368512878E+00
   199   18.905000             179200  1.0346828675139816E+00
   200   19.000000             179200  1.0318204299581000E+00
   201   19.095000             179200  1.0284762067858189E+00
   202   19.190000             179200  1.0246841483218789E+00
   203   19.285000             179200  1.0204788447522899E+00
   204   19.380000             179200  1.0158979724571100E+00
   205   19.475000             179200  1.0109870617088925E+00
   206   19.570000             179200  1.0058010864154625E+00
   207   19.665000             179200  1.0004020796519220E+00
   208   19.760000             179200  9.9485656509620002E-01
   209   19.855000             179200  9.8923519081636635E-01
   210   19.950000             179200  9.8361268195870843E-01
   211   20.045000             179200  9.7806533512291705E-01
   212   20.140000             179200  9.7266521582283516E-01
   213   20.235000             179200  9.6747461625584019E-01
   214   20.330000             179200  9.6254564732294534E-01
   215   20.425000             179200  9.5792279300171246E-01
   216   20.520000             179200  9.5364366291833158E-01
   217   20.615000             179200  9.4973931591810534E-01
   218   20.710000             179200  9.4623610061952490E-01
   219   20.805000             179200  9.4315509777098105E-01
   220   20.900000             179200  9.4050995776691837E-01
   221   20.995000             179200  9.3831046322013956E-01
   222   21.090000             179200  9.3656814552566137E-01
   223   21.185000             179200  9.3529280568347972E-01
   224   21.280000             179200  9.3448499343778768E-01
   225   21.375000             179200  9.3413777557198674E-01
   226   21.470000             179200  9.3424523177215568E-01
   227   21.565000             179200  9.3480678664330008E-01
   228   21.660000             179200  9.3582730174923845E-01
   229   21.755000             179200  9.3731729433709088E-01
   230   21.850000             179200  9.3929127400413215E-01
   231   21.945000             179200  9.4176281086425784E-01
   232   22.040000             179200  9.4473846006114082E-01
   233   22.135000             179200  9.4821191023787821E-01
   234   22.230000             179200  9.5215873938654383E-01
   235   22.325000             179200  9.5653239174580740E-01
   236   22.420000             179200  9.6126408322533041E-01
   237   22.515000             179200  9.6626974723775150E-01
   238   22.610000             179200  9.7145769044204311E-01
   239   22.705000             179200  9.7673063382883774E-01
   240   22.800000             179200  9.8198863579946760E-01
   241   22.895000             179200  9.8713157075901947E-01
   242   22.990000             179200  9.9205646948884718E-01
   243   23.085000             179200  9.9665919522648883E-01
   244   23.180000             179200  1.0008391898224436E+00
   245   23.275000             179200  1.0044972981105003E+00
   246   23.370000             179200  1.0075359928457299E+00
   247   23.465000             179200  1.0098694094996632E+00
   248   23.560000             179200  1.0114294384288138E+00
   249   23.655000             179200  1.0121675734558009E+00
   250   23.750000             179200  1.0120604954710886E+00
   251   23.845000             179200  1.0111127406690210E+00
   252   23.940000             179200  1.0093551801775864E+00
   253   24.035000             179200  1.0068397088583341E+00
   254   24.130000             179200  1.0036281850780946E+00
   255   24.225000             179200  9.9978304871354984E-01
   256   24.320000             179200  9.9536669387224674E-01
   257   24.415000             179200  9.9044349952676547E-01
   258   24.510000             179200  9.8507572772021612E-01
   259   24.605000             179200  9.7932412348027686E-01
   260   24.700000             179200  9.7325584355950068E-01
   261   24.795000             179200  9.6694256849375682E-01
   262   24.890000             179200  9.6045286300827226E-01
   263   24.985000             179200  9.5385263811675047E-01
   264   25.080000             179200  9.4721511655738244E-01
   265   25.175000             179200  9.4063269198448607E-01
   266   25.270000             179200  9.3421605033714350E-01
   267   25.365000             179200  9.2808030057981505E-01
   268   25.460000             179200  9.2233436051065865E-01
   269   25.555000             179200  9.1708275855473431E-01
   270   25.650000             179200  9.1242694542510661E-01
   271   25.745000             179200  9.0845671469174150E-01
   272   25.840000             179200  9.0524148853526476E-01
   273   25.935000             179200  9.0281112691296495E-01
   274   26.030000             179200  9.0112168976256601E-01
   275   26.125000             179200  9.0003995850944429E-01
   276   26.220000             179200  8.9936461958541036E-01
   277   26.315000             179200  8.9887322032833783E-01
   278   26.410000             179200  8.9837174867451797E-01
   279   26.505000             179200  8.9772892771088331E-01
   280   26.600000             179200  8.9689108210509150E-01
   281   26.695000             179200  8.9587229850951089E-01
   282   26.790000             179200  8.9473044720945705E-01
   283   26.885000             179200  8.9354575967418093E-01
   284   26.980000             179200  8.9240216262245409E-01
   285   27.075000             179200  8.9137817207144177E-01
   286   27.170000             179200  8.9054046829116340E-01
   287   27.265000             179200  8.8993887923344916E-01
   288   27.360000             179200  8.8960780733764222E-01
   289   27.455000             179200  8.8956798183432872E-01
   290   27.550000             179200  8.8983095742330176E-01
   291   27.645000             179200  8.9039892671841903E-01
   292   27.740000             179200  8.9126285224267643E-01
   293   27.835000             179200  8.9239410568407784E-01
   294   27.930000             179200  8.9373430980844315E-01
   295   28.025000             179200  8.9519903210188856E-01
   296   28.120000             179200  8.9668618510193432E-01
   297   28.215000             179200  8.9808599634211350E-01
   298   28.310000             179200  8.9929201858517982E-01
   299   28.405000             179200  9.0022210471126751E-01
   300   28.500000             179200  9.0084839011663331E-01
   301   28.595000             179200  9.0121002630940472E-01
   302   28.690000             179200  9.0140327578524437E-01
   303   28.785000             179200  9.0153924449198386E-01
   304   28.880000             179200  9.0167802885607107E-01
   305   28.975000             179200  9.0179082298359181E-01
   306   29.070000             179200  9.0177982849409433E-01
   307   29.165000             179200  9.0154283016465731E-01
   308   29.260000             179200  9.0105177215427368E-01
   309   29.355000             179200  9.0039614750004660E-01
   310   29.450000             179200  8.9975331335995223E-01
   311   29.545000             179200  8.9931464981481724E-01
   312   29.640000             179200  8.9922369786558343E-01
   313   29.735000             179200  8.9955214099802361E-01
   314   29.830000             179200  9.0032029627227539E-01
   315   29.925000             179200  9.0153716820615304E-01
   316   30.020000             179200  9.0321954628204137E-01
   317   30.115000             179200  9.0537331133340326E-01
   318   30.210000             179200  9.0794886219962234E-01
   319   30.305000             179200  9.1080417124007351E-01
   320   30.400000             179200  9.1370901994039189E-01
   321   30.495000             179200  9.1639591263911335E-01
   322   30.590000             179200  9.1862195375357181E-01
   323   30.685000             179200  9.2020557870244635E-01
   324   30.780000             179200  9.2103860959897232E-01
   325   30.875000             179200  9.2108959489556508E-01
   326   30.970000             179200  9.2039286413150179E-01
   327   31.065000             179200  9.1901792534621785E-01
   328   31.160000             179200  9.1704635035772242E-01
   329   31.255000             179200  9.1457225752916105E-01
   330   31.350000             179200  9.1171117187609185E-01
   331   31.445000             179200  9.0860410247117041E-01
   332   31.540000             179200  9.0541087603423742E-01
   333   31.635000             179200  9.0228868013469854E-01
   334   31.730000             179200  8.9936452372937725E-01
   335   31.825000             179200  8.9672815568082687E-01
   336   31.920000             179200  8.9445423078149933E-01
   337   32.015000             179200  8.9262118193114826E-01
   338   32.110000             179200  8.9130423980933626E-01
   339   32.205000             179200  8.9056545804715448E-01
   340   32.300000             179200  8.9046635006081876E-01
   341   32.395000             179200  8.9108917136200438E-01
   342   32.490000             179200  8.9254140936563831E-01
   343   32.585000             179200  8.9494196141576010E-01
   344   32.680000             179200  8.9840133781420239E-01
   345   32.775000             179200  9.0300483502620121E-01
   346   32.870000             179200  9.0879527983123276E-01
   347   32.965000             179200  9.1575670711002066E-01
   348   33.060000             179200  9.2380884369360650E-01
   349   33.155000             179200  9.3281386618413054E-01
   350   33.250000             179200  9.4259672315195853E-01
   351   33.345000             179200  9.5296215667208628E-01
   352   33.440000             179200  9.6369032876700300E-01
   353   33.535000             179200  9.7452776474339797E-01
   354   33.630000             179200  9.8518411669792116E-01
   355   33.725000             179200  9.9533665700074414E-01
   356   33.820000             179200  1.0046477242623726E+00
   357   33.915000             179200  1.0127898557416612E+00
   358   34.010000             179200  1.0194755547360241E+00
   359   34.105000             179200  1.0244766076403045E+00
   360   34.200000             179200  1.0276326278436989E+00
   361   34.295000             179200  1.0288705073990043E+00
   362   34.390000             179200  1.0282278479887892E+00
   363   34.485000             179200  1.0258790158807849E+00
   364   34.580000             179200  1.0221514098623690E+00
   365   34.675000             179200  1.0174879097685592E+00
   366   34.770000             179200  1.0123686841173787E+00
   367   34.865000             179200  1.0072446543369968E+00
   368   34.960000             179200  1.0024939341085370E+00
   369   35.055000             179200  9.9839747667355883E-01
   370   35.150000             179200  9.9513470589844899E-01
   371   35.245000             179200  9.9278911515052215E-01
   372   35.340000             179200  9.9136258471450300E-01
   373   35.435000             179200  9.9079626472808846E-01
   374   35.530000             179200  9.9099262022786183E-01
   375   35.625000             179200  9.9185962058489074E-01
   376   35.720000             179200  9.9336454194362511E-01
   377   35.815000             179200  9.9553656589202166E-01
   378   35.910000             179200  9.9841301230707058E-01
   379   36.005000             179200  1.0019812838618016E+00
   380   36.100000             179200  1.0061526447514233E+00
   381   36.195000             179200  1.0107777826366768E+00
   382   36.290000             179200  1.0156853205220249E+00
   383   36.385000             179200  1.0207032254385329E+00
   384   36.480000             179200  1.0256698583475652E+00
   385   36.575000             179200  1.0304612842586129E+00
   386   36.670000             179200  1.0350108656585419E+00
   387   36.765000             179200  1.0393015896443030E+00
   388   36.860000             179200  1.0433482660383544E+00
   389   36.955000             179200  1.0471835904123847E+00
   390   37.050000             179200  1.0508490475150751E+00
   391   37.145000             179200  1.0543903619687431E+00
   392   37.240000             179200  1.0578635091218076E+00
   393   37.335000             179200  1.0613459019826712E+00
   394   37.430000             179200  1.0649314046647995E+00
   395   37.525000             179200  1.0687063813594380E+00
   396   37.620000             179200  1.0727257822172536E+00
   397   37.715000             179200  1.0769939021388897E+00
   398   37.810000             179200  1.0814628446593446E+00
   399   37.905000             179200  1.0860729035170267E+00
   400   38.000000             179200  1.0907977746280237E+00
   401   38.095000             179200  1.0956412431505842E+00
   402   38.190000             179200  1.1005975345191727E+00
   403   38.285000             179200  1.1056251149544780E+00
   404   38.380000             179200  1.1106684411339383E+00
   405   38.475000             179200  1.1157039928317705E+00
   406   38.570000             179200  1.1207517955801922E+00
   407   38.665000             179200  1.1258398282530857E+00
   408   38.760000             179200  1.1309658706247623E+00
   409   38.855000             179200  1.1360961376460965E+00
   410   38.950000             179200  1.1411901106173652E+00
   411   39.045000             179200  1.1462191942388711E+00
   412   39.140000             179200  1.1511679313180239E+00
   413   39.235000             179200  1.1560182794373526E+00
   414   39.330000             179200  1.1607199310118599E+00
   415   39.425000             179200  1.1651666125225260E+00
   416   39.520000             179200  1.1692002315034635E+00
   417   39.615000             179200  1.1726367072971642E+00
   418   39.710000             179200  1.1752931986482937E+00
   419   39.805000             179200  1.1770129007055208E+00
   420   39.900000             179200  1.1776850226754745E+00
   421   39.995000             179200  1.1772425695009401E+00
   422   40.090000             179200  1.1756452069494461E+00
