! Kinetic energy for species "positrons-down"
  Iter        Time          Total Par.             Kin. Energy
     0   0.0000000             179200  1.0647193009662246E+00
     1  0.95000000E-01         179200  1.0647196439439890E+00
     2  0.19000000             179200  1.0647206691419560E+00
     3  0.28500000             179200  1.0647223652417237E+00
     4  0.38000000             179200  1.0647247131889785E+00
     5  0.47500000             179200  1.0647276862974995E+00
     6  0.57000000             179200  1.0647312507080884E+00
     7  0.66500000             179200  1.0647353659758481E+00
     8  0.76000000             179200  1.0647399854917752E+00
     9  0.85500000             179200  1.0647450568352497E+00
    10  0.95000000             179200  1.0647505223344975E+00
    11   1.0450000             179200  1.0647563197904650E+00
    12   1.1400000             179200  1.0647623831822899E+00
    13   1.2350000             179200  1.0647686434284911E+00
    14   1.3300000             179200  1.0647750292660600E+00
    15   1.4250000             179200  1.0647814680945711E+00
    16   1.5200000             179200  1.0647878867389000E+00
    17   1.6150000             179200  1.0647942121661651E+00
    18   1.7100000             179200  1.0648003721067798E+00
    19   1.8050000             179200  1.0648062958249964E+00
    20   1.9000000             179200  1.0648119154065863E+00
    21   1.9950000             179200  1.0648171670414277E+00
    22   2.0900000             179200  1.0648219913511512E+00
    23   2.1850000             179200  1.0648263332224466E+00
    24   2.2800000             179200  1.0648301425306621E+00
    25   2.3750000             179200  1.0648333755706061E+00
    26   2.4700000             179200  1.0648359957595743E+00
    27   2.5650000             179200  1.0648379735393811E+00
    28   2.6600000             179200  1.0648392865082350E+00
    29   2.7550000             179200  1.0648399197223675E+00
    30   2.8500000             179200  1.0648398655674423E+00
    31   2.9450000             179200  1.0648391237285433E+00
    32   3.0400000             179200  1.0648377018429271E+00
    33   3.1350000             179200  1.0648356159521484E+00
    34   3.2300000             179200  1.0648328898383070E+00
    35   3.3250000             179200  1.0648295540971653E+00
    36   3.4200000             179200  1.0648256461028547E+00
    37   3.5150000             179200  1.0648212101245034E+00
    38   3.6100000             179200  1.0648162963265171E+00
    39   3.7050000             179200  1.0648109594329309E+00
    40   3.8000000             179200  1.0648052586007517E+00
    41   3.8950000             179200  1.0647992578688170E+00
    42   3.9900000             179200  1.0647930254606419E+00
    43   4.0850000             179200  1.0647866321737773E+00
    44   4.1800000             179200  1.0647801501727236E+00
    45   4.2750000             179200  1.0647736520510904E+00
    46   4.3700000             179200  1.0647672097389407E+00
    47   4.4650000             179200  1.0647608941697648E+00
    48   4.5600000             179200  1.0647547756910236E+00
    49   4.6550000             179200  1.0647489232580254E+00
    50   4.7500000             179200  1.0647434021383539E+00
    51   4.8450000             179200  1.0647382725407972E+00
    52   4.9400000             179200  1.0647335899096215E+00
    53   5.0350000             179200  1.0647294047666529E+00
    54   5.1300000             179200  1.0647257613022092E+00
    55   5.2250000             179200  1.0647226963179905E+00
    56   5.3200000             179200  1.0647202392196795E+00
    57   5.4150000             179200  1.0647184123569429E+00
    58   5.5100000             179200  1.0647172315829339E+00
    59   5.6050000             179200  1.0647167066763557E+00
    60   5.7000000             179200  1.0647168402705889E+00
    61   5.7950000             179200  1.0647176255991002E+00
    62   5.8900000             179200  1.0647190455610744E+00
    63   5.9850000             179200  1.0647210738513504E+00
    64   6.0800000             179200  1.0647236762643808E+00
    65   6.1750000             179200  1.0647268115507440E+00
    66   6.2700000             179200  1.0647304327139961E+00
    67   6.3650000             179200  1.0647344874882925E+00
    68   6.4600000             179200  1.0647389162876755E+00
    69   6.5550000             179200  1.0647436502626619E+00
    70   6.6500000             179200  1.0647486132985648E+00
    71   6.7450000             179200  1.0647537262599134E+00
    72   6.8400000             179200  1.0647589087865819E+00
    73   6.9350000             179200  1.0647640781206331E+00
    74   7.0300000             179200  1.0647691479241721E+00
    75   7.1250000             179200  1.0647740285633280E+00
    76   7.2200000             179200  1.0647786285882086E+00
    77   7.3150000             179200  1.0647828567597175E+00
    78   7.4100000             179200  1.0647866230062486E+00
    79   7.5050000             179200  1.0647898372343501E+00
    80   7.6000000             179200  1.0647924078418918E+00
    81   7.6950000             179200  1.0647942421832703E+00
    82   7.7900000             179200  1.0647952480628524E+00
    83   7.8850000             179200  1.0647953343730969E+00
    84   7.9800000             179200  1.0647944114613468E+00
    85   8.0750000             179200  1.0647923922945406E+00
    86   8.1700000             179200  1.0647891932492557E+00
    87   8.2650000             179200  1.0647847331262101E+00
    88   8.3600000             179200  1.0647789307651472E+00
    89   8.4550000             179200  1.0647717017890366E+00
    90   8.5500000             179200  1.0647629552204418E+00
    91   8.6450000             179200  1.0647525933533877E+00
    92   8.7400000             179200  1.0647405179181142E+00
    93   8.8350000             179200  1.0647266383931386E+00
    94   8.9300000             179200  1.0647108727493233E+00
    95   9.0250000             179200  1.0646931358970364E+00
    96   9.1200000             179200  1.0646733214702402E+00
    97   9.2150000             179200  1.0646512875170919E+00
    98   9.3100000             179200  1.0646268537821104E+00
    99   9.4050000             179200  1.0645998110480601E+00
   100   9.5000000             179200  1.0645699347299187E+00
   101   9.5950000             179200  1.0645369913707734E+00
   102   9.6900000             179200  1.0645007329747402E+00
   103   9.7850000             179200  1.0644608841931793E+00
   104   9.8800000             179200  1.0644171296292240E+00
   105   9.9750000             179200  1.0643691031849254E+00
   106   10.070000             179200  1.0643163784026419E+00
   107   10.165000             179200  1.0642584611683459E+00
   108   10.260000             179200  1.0641947878953568E+00
   109   10.355000             179200  1.0641247297923493E+00
   110   10.450000             179200  1.0640475983720745E+00
   111   10.545000             179200  1.0639626418365657E+00
   112   10.640000             179200  1.0638690231508563E+00
   113   10.735000             179200  1.0637657846968847E+00
   114   10.830000             179200  1.0636518209444921E+00
   115   10.925000             179200  1.0635258770912626E+00
   116   11.020000             179200  1.0633865671730638E+00
   117   11.115000             179200  1.0632323895844098E+00
   118   11.210000             179200  1.0630617275143599E+00
   119   11.305000             179200  1.0628728368533438E+00
   120   11.400000             179200  1.0626638263055004E+00
   121   11.495000             179200  1.0624326324480924E+00
   122   11.590000             179200  1.0621769954968259E+00
   123   11.685000             179200  1.0618944417207543E+00
   124   11.780000             179200  1.0615822779401065E+00
   125   11.875000             179200  1.0612376074082268E+00
   126   11.970000             179200  1.0608573682511402E+00
   127   12.065000             179200  1.0604383723534765E+00
   128   12.160000             179200  1.0599773208387062E+00
   129   12.255000             179200  1.0594707986042857E+00
   130   12.350000             179200  1.0589152677525795E+00
   131   12.445000             179200  1.0583070666100260E+00
   132   12.540000             179200  1.0576424059043954E+00
   133   12.635000             179200  1.0569173667588909E+00
   134   12.730000             179200  1.0561279344683061E+00
   135   12.825000             179200  1.0552700974631954E+00
   136   12.920000             179200  1.0543399972698966E+00
   137   13.015000             179200  1.0533340830424791E+00
   138   13.110000             179200  1.0522492179263234E+00
   139   13.205000             179200  1.0510826927863104E+00
   140   13.300000             179200  1.0498321489660176E+00
   141   13.395000             179200  1.0484954735655592E+00
   142   13.490000             179200  1.0470707648214042E+00
   143   13.585000             179200  1.0455564408451476E+00
   144   13.680000             179200  1.0439514537010690E+00
   145   13.775000             179200  1.0422554736280620E+00
   146   13.870000             179200  1.0404689623629362E+00
   147   13.965000             179200  1.0385932046070152E+00
   148   14.060000             179200  1.0366303911039372E+00
   149   14.155000             179200  1.0345837238029094E+00
   150   14.250000             179200  1.0324574643808200E+00
   151   14.345000             179200  1.0302569157642760E+00
   152   14.440000             179200  1.0279884624965365E+00
   153   14.535000             179200  1.0256598210016126E+00
   154   14.630000             179200  1.0232805654723061E+00
   155   14.725000             179200  1.0208628400746069E+00
   156   14.820000             179200  1.0184219955800773E+00
   157   14.915000             179200  1.0159765911796850E+00
   158   15.010000             179200  1.0135476581334399E+00
   159   15.105000             179200  1.0111581189164818E+00
   160   15.200000             179200  1.0088330158989587E+00
   161   15.295000             179200  1.0065996017304002E+00
   162   15.390000             179200  1.0044854744144078E+00
   163   15.485000             179200  1.0025154317567073E+00
   164   15.580000             179200  1.0007099604282350E+00
   165   15.675000             179200  9.9908595617676910E-01
   166   15.770000             179200  9.9765684145720468E-01
   167   15.865000             179200  9.9643081211626428E-01
   168   15.960000             179200  9.9540979618146164E-01
   169   16.055000             179200  9.9459019979933316E-01
   170   16.150000             179200  9.9396210470270696E-01
   171   16.245000             179200  9.9350677507321328E-01
   172   16.340000             179200  9.9319694197895125E-01
   173   16.435000             179200  9.9299853260946580E-01
   174   16.530000             179200  9.9287135990729647E-01
   175   16.625000             179200  9.9277218135508050E-01
   176   16.720000             179200  9.9265867845384170E-01
   177   16.815000             179200  9.9249069083406249E-01
   178   16.910000             179200  9.9223201070023292E-01
   179   17.005000             179200  9.9185372015814299E-01
   180   17.100000             179200  9.9133583807768089E-01
   181   17.195000             179200  9.9066818838170723E-01
   182   17.290000             179200  9.8985216702146406E-01
   183   17.385000             179200  9.8889944240305039E-01
   184   17.480000             179200  9.8782821684449995E-01
   185   17.575000             179200  9.8666333129743222E-01
   186   17.670000             179200  9.8543797793059706E-01
   187   17.765000             179200  9.8419127003296858E-01
   188   17.860000             179200  9.8296375806929337E-01
   189   17.955000             179200  9.8179595507404060E-01
   190   18.050000             179200  9.8072948920041769E-01
   191   18.145000             179200  9.7980764012488897E-01
   192   18.240000             179200  9.7907437997658631E-01
   193   18.335000             179200  9.7857246617668681E-01
   194   18.430000             179200  9.7834070743348989E-01
   195   18.525000             179200  9.7841067861143771E-01
   196   18.620000             179200  9.7880465492723734E-01
   197   18.715000             179200  9.7953588662899804E-01
   198   18.810000             179200  9.8060861739556249E-01
   199   18.905000             179200  9.8201660113984979E-01
   200   19.000000             179200  9.8374184993926117E-01
   201   19.095000             179200  9.8575499303448688E-01
   202   19.190000             179200  9.8801745958409248E-01
   203   19.285000             179200  9.9048329169989613E-01
   204   19.380000             179200  9.9309929247740136E-01
   205   19.475000             179200  9.9580620858146185E-01
   206   19.570000             179200  9.9854257563503346E-01
   207   19.665000             179200  1.0012477575328769E+00
   208   19.760000             179200  1.0038609165401542E+00
   209   19.855000             179200  1.0063199208381142E+00
   210   19.950000             179200  1.0085663309767969E+00
   211   20.045000             179200  1.0105532658027527E+00
   212   20.140000             179200  1.0122486170532046E+00
   213   20.235000             179200  1.0136337750953190E+00
   214   20.330000             179200  1.0147034839965989E+00
   215   20.425000             179200  1.0154686647020532E+00
   216   20.520000             179200  1.0159567344239466E+00
   217   20.615000             179200  1.0162041808558799E+00
   218   20.710000             179200  1.0162461183207063E+00
   219   20.805000             179200  1.0161102014824444E+00
   220   20.900000             179200  1.0158148376730816E+00
   221   20.995000             179200  1.0153665071772280E+00
   222   21.090000             179200  1.0147550032956889E+00
   223   21.185000             179200  1.0139518152326783E+00
   224   21.280000             179200  1.0129144089622586E+00
   225   21.375000             179200  1.0115916095956849E+00
   226   21.470000             179200  1.0099269220445626E+00
   227   21.565000             179200  1.0078625340159286E+00
   228   21.660000             179200  1.0053420471567980E+00
   229   21.755000             179200  1.0023122513240006E+00
   230   21.850000             179200  9.9872826386082592E-01
   231   21.945000             179200  9.9455594830778349E-01
   232   22.040000             179200  9.8976800065434001E-01
   233   22.135000             179200  9.8434215147281845E-01
   234   22.230000             179200  9.7826651405206821E-01
   235   22.325000             179200  9.7154598659012303E-01
   236   22.420000             179200  9.6420514205637819E-01
   237   22.515000             179200  9.5629250863893611E-01
   238   22.610000             179200  9.4788546977329835E-01
   239   22.705000             179200  9.3908929648676664E-01
   240   22.800000             179200  9.3003080893221812E-01
   241   22.895000             179200  9.2084661389264399E-01
   242   22.990000             179200  9.1166612386011625E-01
   243   23.085000             179200  9.0260147320399420E-01
   244   23.180000             179200  8.9374775976592358E-01
   245   23.275000             179200  8.8518349118516015E-01
   246   23.370000             179200  8.7696983801341710E-01
   247   23.465000             179200  8.6915299285123260E-01
   248   23.560000             179200  8.6177062805383864E-01
   249   23.655000             179200  8.5485471829334125E-01
   250   23.750000             179200  8.4843244864527079E-01
   251   23.845000             179200  8.4253422255559207E-01
   252   23.940000             179200  8.3719825834534456E-01
   253   24.035000             179200  8.3246757881720534E-01
   254   24.130000             179200  8.2838403607410771E-01
   255   24.225000             179200  8.2497877275082065E-01
   256   24.320000             179200  8.2226390951033412E-01
   257   24.415000             179200  8.2023275773176796E-01
   258   24.510000             179200  8.1886400912586699E-01
   259   24.605000             179200  8.1811403644170988E-01
   260   24.700000             179200  8.1790698172405807E-01
   261   24.795000             179200  8.1813597074926891E-01
   262   24.890000             179200  8.1865977092508591E-01
   263   24.985000             179200  8.1929991484733333E-01
   264   25.080000             179200  8.1985874519575475E-01
   265   25.175000             179200  8.2015241059480459E-01
   266   25.270000             179200  8.2004280132700358E-01
   267   25.365000             179200  8.1946115528392682E-01
   268   25.460000             179200  8.1841314278044874E-01
   269   25.555000             179200  8.1696675122764784E-01
   270   25.650000             179200  8.1522526246818006E-01
   271   25.745000             179200  8.1328391048690118E-01
   272   25.840000             179200  8.1119552392165151E-01
   273   25.935000             179200  8.0896783207163603E-01
   274   26.030000             179200  8.0657556612171388E-01
   275   26.125000             179200  8.0396168009223135E-01
   276   26.220000             179200  8.0104289154865715E-01
   277   26.315000             179200  7.9773314783187932E-01
   278   26.410000             179200  7.9397765792001462E-01
   279   26.505000             179200  7.8979644616158617E-01
   280   26.600000             179200  7.8531516567196413E-01
   281   26.695000             179200  7.8074982568310891E-01
   282   26.790000             179200  7.7635600852935105E-01
   283   26.885000             179200  7.7238358983394595E-01
   284   26.980000             179200  7.6904952075962707E-01
   285   27.075000             179200  7.6652770961901073E-01
   286   27.170000             179200  7.6496083497843803E-01
   287   27.265000             179200  7.6447311031275866E-01
   288   27.360000             179200  7.6515902702678895E-01
   289   27.455000             179200  7.6706383191935534E-01
   290   27.550000             179200  7.7017860922321002E-01
   291   27.645000             179200  7.7444385592697318E-01
   292   27.740000             179200  7.7975279291111865E-01
   293   27.835000             179200  7.8596155768072928E-01
   294   27.930000             179200  7.9292025542815869E-01
   295   28.025000             179200  8.0051611029390024E-01
   296   28.120000             179200  8.0869649366350183E-01
   297   28.215000             179200  8.1745968151203541E-01
   298   28.310000             179200  8.2682749984646797E-01
   299   28.405000             179200  8.3681473123580363E-01
   300   28.500000             179200  8.4740106256540149E-01
   301   28.595000             179200  8.5850245396157110E-01
   302   28.690000             179200  8.6994590330301025E-01
   303   28.785000             179200  8.8146102016146399E-01
   304   28.880000             179200  8.9269100925716893E-01
   305   28.975000             179200  9.0322852383099095E-01
   306   29.070000             179200  9.1267359883886290E-01
   307   29.165000             179200  9.2068394964668199E-01
   308   29.260000             179200  9.2699764349260727E-01
   309   29.355000             179200  9.3145392615198763E-01
   310   29.450000             179200  9.3402468970826413E-01
   311   29.545000             179200  9.3482579170230085E-01
   312   29.640000             179200  9.3410474069971761E-01
   313   29.735000             179200  9.3220174380198084E-01
   314   29.830000             179200  9.2948984760806530E-01
   315   29.925000             179200  9.2632365785767246E-01
   316   30.020000             179200  9.2299508241999906E-01
   317   30.115000             179200  9.1971856857339984E-01
   318   30.210000             179200  9.1667004486413739E-01
   319   30.305000             179200  9.1403378147116510E-01
   320   30.400000             179200  9.1200458397836726E-01
   321   30.495000             179200  9.1075763500213980E-01
   322   30.590000             179200  9.1043911178094883E-01
   323   30.685000             179200  9.1119248300830014E-01
   324   30.780000             179200  9.1318468422057086E-01
   325   30.875000             179200  9.1657556483006064E-01
   326   30.970000             179200  9.2142381386371686E-01
   327   31.065000             179200  9.2760752130970991E-01
   328   31.160000             179200  9.3481633210140935E-01
   329   31.255000             179200  9.4261236164516282E-01
   330   31.350000             179200  9.5053895227898877E-01
   331   31.445000             179200  9.5822464733848689E-01
   332   31.540000             179200  9.6543075016050639E-01
   333   31.635000             179200  9.7204594576772585E-01
   334   31.730000             179200  9.7806034378311368E-01
   335   31.825000             179200  9.8352906498540782E-01
   336   31.920000             179200  9.8852005304233914E-01
   337   32.015000             179200  9.9305941947787379E-01
   338   32.110000             179200  9.9708915882391969E-01
   339   32.205000             179200  1.0004395689662162E+00
   340   32.300000             179200  1.0028236654903071E+00
   341   32.395000             179200  1.0038634501547670E+00
   342   32.490000             179200  1.0031492540612534E+00
   343   32.585000             179200  1.0003149480833837E+00
   344   32.680000             179200  9.9509975496028313E-01
   345   32.775000             179200  9.8738145787285969E-01
   346   32.870000             179200  9.7718145124935041E-01
   347   32.965000             179200  9.6465266534592842E-01
   348   33.060000             179200  9.5006054549759600E-01
   349   33.155000             179200  9.3376642254576303E-01
   350   33.250000             179200  9.1622713143296242E-01
   351   33.345000             179200  8.9800169687016729E-01
   352   33.440000             179200  8.7973642699897592E-01
   353   33.535000             179200  8.6211701219763559E-01
   354   33.630000             179200  8.4579988427292119E-01
   355   33.725000             179200  8.3134823596331098E-01
   356   33.820000             179200  8.1919046633874948E-01
   357   33.915000             179200  8.0959520210335278E-01
   358   34.010000             179200  8.0266672344798140E-01
   359   34.105000             179200  7.9837830126244214E-01
   360   34.200000             179200  7.9663112906812050E-01
   361   34.295000             179200  7.9729218441126126E-01
   362   34.390000             179200  8.0019225722280096E-01
   363   34.485000             179200  8.0511139658273256E-01
   364   34.580000             179200  8.1177649334123214E-01
   365   34.675000             179200  8.1987284701888730E-01
   366   34.770000             179200  8.2905347061139723E-01
   367   34.865000             179200  8.3895075596545621E-01
   368   34.960000             179200  8.4920291095340283E-01
   369   35.055000             179200  8.5947009478716452E-01
   370   35.150000             179200  8.6943087890537429E-01
   371   35.245000             179200  8.7878055181466053E-01
   372   35.340000             179200  8.8723347052708246E-01
   373   35.435000             179200  8.9453680572320171E-01
   374   35.530000             179200  9.0049470954468536E-01
   375   35.625000             179200  9.0497700928078983E-01
   376   35.720000             179200  9.0791939652772968E-01
   377   35.815000             179200  9.0932076382620819E-01
   378   35.910000             179200  9.0923035285244969E-01
   379   36.005000             179200  9.0775224650604680E-01
   380   36.100000             179200  9.0506878601940988E-01
   381   36.195000             179200  9.0144362536754885E-01
   382   36.290000             179200  8.9719605706928240E-01
   383   36.385000             179200  8.9266633686910979E-01
   384   36.480000             179200  8.8817395430031365E-01
   385   36.575000             179200  8.8396426805654249E-01
   386   36.670000             179200  8.8016435904500101E-01
   387   36.765000             179200  8.7677109056990654E-01
   388   36.860000             179200  8.7367214654402614E-01
   389   36.955000             179200  8.7069253237454269E-01
   390   37.050000             179200  8.6765017265982569E-01
   391   37.145000             179200  8.6439087803350634E-01
   392   37.240000             179200  8.6079540076501260E-01
   393   37.335000             179200  8.5678468306582301E-01
   394   37.430000             179200  8.5233528180804075E-01
   395   37.525000             179200  8.4749058228772611E-01
   396   37.620000             179200  8.4235508331214837E-01
   397   37.715000             179200  8.3707283603589766E-01
   398   37.810000             179200  8.3180187582218434E-01
   399   37.905000             179200  8.2669215783849315E-01
   400   38.000000             179200  8.2185772405087176E-01
   401   38.095000             179200  8.1734995722950243E-01
   402   38.190000             179200  8.1315234452349883E-01
   403   38.285000             179200  8.0919341813049683E-01
   404   38.380000             179200  8.0536449450942582E-01
   405   38.475000             179200  8.0153839776609714E-01
   406   38.570000             179200  7.9759277528125794E-01
   407   38.665000             179200  7.9343974452449850E-01
   408   38.760000             179200  7.8905070153990331E-01
   409   38.855000             179200  7.8445594226554327E-01
   410   38.950000             179200  7.7972571528258283E-01
   411   39.045000             179200  7.7495486910826517E-01
   412   39.140000             179200  7.7023656398680629E-01
   413   39.235000             179200  7.6562552206730827E-01
   414   39.330000             179200  7.6113567514956160E-01
   415   39.425000             179200  7.5677768617347208E-01
   416   39.520000             179200  7.5260116062016613E-01
   417   39.615000             179200  7.4871539029070067E-01
   418   39.710000             179200  7.4527447951757342E-01
   419   39.805000             179200  7.4243681560702623E-01
   420   39.900000             179200  7.4032972599779878E-01
   421   39.995000             179200  7.3904067062809942E-01
   422   40.090000             179200  7.3861892394879991E-01
