! EM field energy per field component
  Iter        Time                          B1                      B2                      B3                      E1                      E2                      E3
     0   0.0000000      0.0000000000000000E+00  0.0000000000000000E+00  0.0000000000000000E+00  0.0000000000000000E+00  0.0000000000000000E+00  0.0000000000000000E+00
     1  0.95000000E-01  0.0000000000000000E+00  2.1414902289372626E-10  1.8052019938328322E-10  2.4386243645039575E-09  1.9448336705495377E-09  2.4238979346454570E-09
     2  0.19000000      0.0000000000000000E+00  2.3781154606730145E-09  2.0068650889732839E-09  9.6050731011320140E-09  5.3832860470642826E-09  6.7405217108324565E-09
     3  0.28500000      0.0000000000000000E+00  6.9823679991934988E-09  6.0104726394812155E-09  2.1065720608090675E-08  7.9165385720605430E-09  9.9949215574604083E-09
     4  0.38000000      0.0000000000000000E+00  1.1632445381243098E-08  1.0400195397729265E-08  3.6131943956601444E-08  9.9195413185500032E-09  1.2774305918849701E-08
     5  0.47500000      0.0000000000000000E+00  1.4957682986514804E-08  1.3647178655708739E-08  5.3903618954298230E-08  1.2223163174827817E-08  1.5458107258399457E-08
     6  0.57000000      0.0000000000000000E+00  1.7785841201432571E-08  1.5793529690091888E-08  7.3325831939819438E-08  1.4758112133836266E-08  1.7145569625524112E-08
     7  0.66500000      0.0000000000000000E+00  2.1380834007831546E-08  1.7673750029490693E-08  9.3255065830977882E-08  1.6890843264328250E-08  1.7024583323977607E-08
     8  0.76000000      0.0000000000000000E+00  2.5682563961816058E-08  1.9549064390455089E-08  1.1253062653328440E-07  1.8766755501375656E-08  1.5670455747068405E-08
     9  0.85500000      0.0000000000000000E+00  2.9366557655778667E-08  2.1803659508991437E-08  1.3004675731912450E-07  2.0166650548895530E-08  1.4690715516547744E-08
    10  0.95000000      0.0000000000000000E+00  3.1399021357599985E-08  2.4814475669248222E-08  1.4482084052749188E-07  2.0506438999209089E-08  1.4936133300044519E-08
    11   1.0450000      0.0000000000000000E+00  3.1793103210427841E-08  2.7800330332046577E-08  1.5605347770640535E-07  2.0400176246590270E-08  1.5903387331321442E-08
    12   1.1400000      0.0000000000000000E+00  3.1160837175788699E-08  3.0086267850979411E-08  1.6317639822274605E-07  2.0554852239680142E-08  1.6364807530267860E-08
    13   1.2350000      0.0000000000000000E+00  2.9372963311345607E-08  3.2409568478445321E-08  1.6588529402456744E-07  2.0623224544064877E-08  1.6160281536579468E-08
    14   1.3300000      0.0000000000000000E+00  2.5911861440750417E-08  3.6023809636896118E-08  1.6415567156459524E-07  1.9993970842391727E-08  1.6055020701710039E-08
    15   1.4250000      0.0000000000000000E+00  2.1885457997272161E-08  4.1494394040300114E-08  1.5824068130802356E-07  1.8138484867105076E-08  1.5354087155391024E-08
    16   1.5200000      0.0000000000000000E+00  1.9086263658673173E-08  4.7714927883134022E-08  1.4865120785544722E-07  1.5500495463412452E-08  1.2870045674230368E-08
    17   1.6150000      0.0000000000000000E+00  1.7405483577102520E-08  5.2756616044549258E-08  1.3611982198435927E-07  1.3318566112341195E-08  9.7953142389069896E-09
    18   1.7100000      0.0000000000000000E+00  1.6038971642921012E-08  5.5861291729288264E-08  1.2155077939040259E-07  1.2253397643747161E-08  7.9017513450384296E-09
    19   1.8050000      0.0000000000000000E+00  1.5512264999828653E-08  5.8011913970414075E-08  1.0595963559661900E-07  1.1849481067275480E-08  6.8900764323212879E-09
    20   1.9000000      0.0000000000000000E+00  1.6235740688892710E-08  6.0764511098822621E-08  9.0406275017737678E-08  1.1117697309194291E-08  6.2454254894517091E-09
    21   1.9950000      0.0000000000000000E+00  1.7607293973983927E-08  6.4455328030281020E-08  7.5925860922064366E-08  1.0239200461019624E-08  6.2686734559268515E-09
    22   2.0900000      0.0000000000000000E+00  1.8861801044990754E-08  6.8713074685806676E-08  6.3462248828932583E-08  9.9801712741668358E-09  7.1048738810934836E-09
    23   2.1850000      0.0000000000000000E+00  1.9383552346168684E-08  7.3917690775875656E-08  5.3808101296049149E-08  1.0063187277219107E-08  8.7679512979016369E-09
    24   2.2800000      0.0000000000000000E+00  1.9239919245584851E-08  8.0634007434810908E-08  4.7555583364066515E-08  9.7553274455965037E-09  1.0859078678028157E-08
    25   2.3750000      0.0000000000000000E+00  1.9461096963585384E-08  8.8302969631469958E-08  4.5060630517456626E-08  9.4349699675612075E-09  1.2291977216518373E-08
    26   2.4700000      0.0000000000000000E+00  2.0657430326164445E-08  9.6228899958837576E-08  4.6423070602503840E-08  9.5698050602290814E-09  1.2747428328787497E-08
    27   2.5650000      0.0000000000000000E+00  2.2173503309376214E-08  1.0473682208320198E-07  5.1483683625851609E-08  9.5556040198948543E-09  1.3274684723459514E-08
    28   2.6600000      0.0000000000000000E+00  2.3496421027391857E-08  1.1404194969068163E-07  5.9838297772064220E-08  9.4526599135148833E-09  1.4304788139487136E-08
    29   2.7550000      0.0000000000000000E+00  2.5109977735915913E-08  1.2409134039746493E-07  7.0867721121086460E-08  1.0011456561316989E-08  1.4463448743948992E-08
    30   2.8500000      0.0000000000000000E+00  2.6239858722506984E-08  1.3518801143251238E-07  8.3781582018666152E-08  1.1101336538368137E-08  1.3685039644893781E-08
    31   2.9450000      0.0000000000000000E+00  2.4820510910888591E-08  1.4705258438373214E-07  9.7672843538097324E-08  1.1778489509622859E-08  1.3889915227564925E-08
    32   3.0400000      0.0000000000000000E+00  2.0856617875481912E-08  1.5752842543552270E-07  1.1157940397996451E-07  1.1961003890388605E-08  1.5268038739492487E-08
    33   3.1350000      0.0000000000000000E+00  1.6358296186340656E-08  1.6414441635302397E-07  1.2454865237935124E-07  1.2744610679828206E-08  1.6416439171671963E-08
    34   3.2300000      0.0000000000000000E+00  1.2899629076076835E-08  1.6794392079732295E-07  1.3570064209602982E-07  1.4171057555078473E-08  1.6715625733688896E-08
    35   3.3250000      0.0000000000000000E+00  1.1084619748283561E-08  1.7337566399465104E-07  1.4428563187661397E-07  1.5431526048620849E-08  1.6151580386083487E-08
    36   3.4200000      0.0000000000000000E+00  1.0733940171199278E-08  1.8454757924721366E-07  1.4973237967180545E-07  1.6546999219470464E-08  1.4901259733599713E-08
    37   3.5150000      0.0000000000000000E+00  1.1198916797918234E-08  2.0310274299190121E-07  1.5168428496175493E-07  1.7306123181034144E-08  1.3258496453565596E-08
    38   3.6100000      0.0000000000000000E+00  1.2103315925783862E-08  2.2731127144882880E-07  1.5002085250239066E-07  1.7585011875320349E-08  1.1268815616397814E-08
    39   3.7050000      0.0000000000000000E+00  1.3600672861809684E-08  2.5356352085609547E-07  1.4486317754083691E-07  1.7629234055531020E-08  8.6030358631380220E-09
    40   3.8000000      0.0000000000000000E+00  1.4941906937948218E-08  2.7932587775841210E-07  1.3656343271045607E-07  1.7051121281738587E-08  6.3010775384835245E-09
    41   3.8950000      0.0000000000000000E+00  1.4806959850045455E-08  3.0362886835483861E-07  1.2567914470298966E-07  1.5378912546985985E-08  6.2886402689421734E-09
    42   3.9900000      0.0000000000000000E+00  1.3909150633128669E-08  3.2599352724092058E-07  1.1293397450764587E-07  1.2906725189962456E-08  7.9020157483426207E-09
    43   4.0850000      0.0000000000000000E+00  1.3819025759407633E-08  3.4616598049561900E-07  9.9167903085465900E-08  1.0710035298484730E-08  9.2732265632569209E-09
    44   4.1800000      0.0000000000000000E+00  1.4377713614942908E-08  3.6530579368504056E-07  8.5280223079252805E-08  9.2811553023268595E-09  1.0578942458029921E-08
    45   4.2750000      0.0000000000000000E+00  1.4989899308422211E-08  3.8574246262266085E-07  7.2169257803917112E-08  8.2576631319382363E-09  1.2437317906880723E-08
    46   4.3700000      0.0000000000000000E+00  1.6117468126826258E-08  4.0876860206417168E-07  6.0672857819294115E-08  7.9160259141227122E-09  1.4130964622134504E-08
    47   4.4650000      0.0000000000000000E+00  1.8271042833660281E-08  4.3481418700947598E-07  5.1513624269599317E-08  8.4309314720938056E-09  1.4711096530184947E-08
    48   4.5600000      0.0000000000000000E+00  2.0891641948069308E-08  4.6491236960608475E-07  4.5252269365645843E-08  9.1101495217669252E-09  1.4307249922881853E-08
    49   4.6550000      0.0000000000000000E+00  2.2989464461858119E-08  4.9998244315718097E-07  4.2252277484236638E-08  1.0213880955218008E-08  1.3530530848205599E-08
    50   4.7500000      0.0000000000000000E+00  2.3921675120836999E-08  5.3992245881923878E-07  4.2658188293937483E-08  1.2734534544759648E-08  1.2852206502621717E-08
    51   4.8450000      0.0000000000000000E+00  2.3589382700387982E-08  5.8366473477770901E-07  4.6388855605851098E-08  1.6332175128486752E-08  1.2632014607071258E-08
    52   4.9400000      0.0000000000000000E+00  2.2921854880335396E-08  6.2952955404237274E-07  5.3145702971260946E-08  1.9193813285789856E-08  1.2341793555165341E-08
    53   5.0350000      0.0000000000000000E+00  2.2733605781249265E-08  6.7542631452850745E-07  6.2435406161455630E-08  2.0693378596370415E-08  1.1603523816898428E-08
    54   5.1300000      0.0000000000000000E+00  2.2341045368594201E-08  7.2005379353463840E-07  7.3605300865289610E-08  2.2400494961968576E-08  1.1666725548734131E-08
    55   5.2250000      0.0000000000000000E+00  2.1447434799581208E-08  7.6472406348273636E-07  8.5889068110752977E-08  2.5417830264843454E-08  1.2857049482904704E-08
    56   5.3200000      0.0000000000000000E+00  2.1064379960950932E-08  8.1264927884828273E-07  9.8459409849675184E-08  2.8899602841277662E-08  1.3393768450590055E-08
    57   5.4150000      0.0000000000000000E+00  2.1090336388823103E-08  8.6604140483043079E-07  1.1048416901733138E-07  3.1538526915781473E-08  1.2713731443143844E-08
    58   5.5100000      0.0000000000000000E+00  2.0255562276310177E-08  9.2470887234265808E-07  1.2118208147817427E-07  3.2829104641970164E-08  1.1988487715552689E-08
    59   5.6050000      0.0000000000000000E+00  1.8575093935095259E-08  9.8720305946564538E-07  1.2987452089339124E-07  3.2786603595808160E-08  1.1515370570764769E-08
    60   5.7000000      0.0000000000000000E+00  1.7367589330186292E-08  1.0524661075688989E-06  1.3602967648153960E-07  3.2340723977990580E-08  1.0679707598418133E-08
    61   5.7950000      0.0000000000000000E+00  1.7378577383349646E-08  1.1222033142933959E-06  1.3929617462171700E-07  3.2209804463581402E-08  9.6790934508258615E-09
    62   5.8900000      0.0000000000000000E+00  1.8180714938470194E-08  1.2011411235842219E-06  1.3952410517126642E-07  3.2025531770158630E-08  9.5046259627743277E-09
    63   5.9850000      0.0000000000000000E+00  1.8806315445414927E-08  1.2936672352593173E-06  1.3677209081055506E-07  3.1479392077110074E-08  1.1030640153108100E-08
    64   6.0800000      0.0000000000000000E+00  1.9097028233716690E-08  1.4008543875951724E-06  1.3130031446966023E-07  3.0296762148450128E-08  1.3630360851569615E-08
    65   6.1750000      0.0000000000000000E+00  1.9785797678366341E-08  1.5190876890783812E-06  1.2354999897313059E-07  2.8101274047690098E-08  1.5580794341949420E-08
    66   6.2700000      0.0000000000000000E+00  2.1217029899336891E-08  1.6401984847551210E-06  1.1411055970159340E-07  2.5340163258445832E-08  1.5912648276454711E-08
    67   6.3650000      0.0000000000000000E+00  2.2528197479478605E-08  1.7546818129327976E-06  1.0367700532327910E-07  2.3234403616457636E-08  1.5414677967959923E-08
    68   6.4600000      0.0000000000000000E+00  2.2921257287616932E-08  1.8576699374130475E-06  9.3000848215312683E-08  2.2385622359132789E-08  1.5188313613444045E-08
    69   6.5550000      0.0000000000000000E+00  2.3962355938796801E-08  1.9539252478159806E-06  8.2837822315716688E-08  2.1554279580674624E-08  1.3566996479127325E-08
    70   6.6500000      0.0000000000000000E+00  2.6589402184045621E-08  2.0555860145969487E-06  7.3896122478871990E-08  1.9958577032560133E-08  9.4668036222016252E-09
    71   6.7450000      0.0000000000000000E+00  2.7700393086053458E-08  2.1741617524313033E-06  6.6788626040315602E-08  2.0468029077658840E-08  6.8393072061250114E-09
    72   6.8400000      0.0000000000000000E+00  2.5583409732216109E-08  2.3169564279562282E-06  6.1992088227199282E-08  2.4413137058366555E-08  7.8889974450691271E-09
    73   6.9350000      0.0000000000000000E+00  2.2376712946083862E-08  2.4848442626903587E-06  5.9816098791384731E-08  2.9425776339559666E-08  1.0183120481884102E-08
    74   7.0300000      0.0000000000000000E+00  1.9700202645992406E-08  2.6713135075791631E-06  6.0383778119657415E-08  3.3463092406497665E-08  1.1957222578042025E-08
    75   7.1250000      0.0000000000000000E+00  1.7374719393687277E-08  2.8674985315444964E-06  6.3625584369209264E-08  3.6132510684499705E-08  1.3174617704301494E-08
    76   7.2200000      0.0000000000000000E+00  1.4821652760130795E-08  3.0686363527268156E-06  6.9286659257752269E-08  3.8110109601595258E-08  1.4025737139537324E-08
    77   7.3150000      0.0000000000000000E+00  1.2234956821234646E-08  3.2771367946993432E-06  7.6946967407680339E-08  3.9521817667578846E-08  1.3987618951520766E-08
    78   7.4100000      0.0000000000000000E+00  1.0412984329307339E-08  3.4989892831692559E-06  8.6052503954583890E-08  4.0769858377253759E-08  1.2390590424728078E-08
    79   7.5050000      0.0000000000000000E+00  9.6219479234794009E-09  3.7383212502716872E-06  9.5955402556613517E-08  4.2499207794521734E-08  9.8417540662301967E-09
    80   7.6000000      0.0000000000000000E+00  9.3917632239104989E-09  3.9949646434539110E-06  1.0596013954185339E-07  4.4180738465090637E-08  7.9881775970088294E-09
    81   7.6950000      0.0000000000000000E+00  9.1758045734948116E-09  4.2650778929686956E-06  1.1537267134675693E-07  4.5448533580057684E-08  8.1970860975431791E-09
    82   7.7900000      0.0000000000000000E+00  9.2699163863798983E-09  4.5455646232183094E-06  1.2354899315805864E-07  4.7058203347268704E-08  1.0086596241239875E-08
    83   7.8850000      0.0000000000000000E+00  1.0254149917079394E-08  4.8386056647148212E-06  1.2993974405513577E-07  4.9707898141361128E-08  1.2173304273499706E-08
    84   7.9800000      0.0000000000000000E+00  1.1332977860005777E-08  5.1510324221743181E-06  1.3412764713895333E-07  5.3588473277989250E-08  1.4414576425868040E-08
    85   8.0750000      0.0000000000000000E+00  1.1635748058421465E-08  5.4907720007855012E-06  1.3585536036572313E-07  5.7996072819488344E-08  1.7150754942748524E-08
    86   8.1700000      0.0000000000000000E+00  1.2267996241223335E-08  5.8636442730885650E-06  1.3504196266758586E-07  6.1716607336502724E-08  1.8807769068862877E-08
    87   8.2650000      0.0000000000000000E+00  1.4439082142418982E-08  6.2714951396861994E-06  1.3178692904323346E-07  6.4472721775310172E-08  1.8080870785609149E-08
    88   8.3600000      0.0000000000000000E+00  1.7440552161826591E-08  6.7121447691491936E-06  1.2636153430592867E-07  6.6926668494734012E-08  1.6193128256432673E-08
    89   8.4550000      0.0000000000000000E+00  2.0458576356002884E-08  7.1804400366809906E-06  1.1918813873673391E-07  6.9922178075539172E-08  1.4349562214466422E-08
    90   8.5500000      0.0000000000000000E+00  2.3479845141340950E-08  7.6711378219428637E-06  1.1080889740716915E-07  7.3174229512929272E-08  1.2591455760630032E-08
    91   8.6450000      0.0000000000000000E+00  2.6316822828326353E-08  8.1817035334159304E-06  1.0184638485959981E-07  7.6231111680923707E-08  1.0977726136417044E-08
    92   8.7400000      0.0000000000000000E+00  2.8598747458388670E-08  8.7142938247237051E-06  9.2958662033618814E-08  7.9974216138937016E-08  9.5617985225450460E-09
    93   8.8350000      0.0000000000000000E+00  2.9846799640308576E-08  9.2771927038685173E-06  8.4791957047171674E-08  8.5503174285192212E-08  8.5339402897509043E-09
    94   8.9300000      0.0000000000000000E+00  2.9539552661716890E-08  9.8836109482248483E-06  7.7934497873715376E-08  9.2529246671245936E-08  8.4605168627436697E-09
    95   9.0250000      0.0000000000000000E+00  2.8123781236060221E-08  1.0546727939571003E-05  7.2874630275160126E-08  1.0043540653892695E-07  9.0518256890876146E-09
    96   9.1200000      0.0000000000000000E+00  2.6895944081817622E-08  1.1275181501460792E-05  6.9966266558201917E-08  1.0939405177265147E-07  9.0771569872395508E-09
    97   9.2150000      0.0000000000000000E+00  2.6130315947961788E-08  1.2072720091253928E-05  6.9403885516636123E-08  1.1872584751849896E-07  8.4030584192892808E-09
    98   9.3100000      0.0000000000000000E+00  2.4715129358674409E-08  1.2938509164446862E-05  7.1208926911144615E-08  1.2710711705980153E-07  8.5687810653036844E-09
    99   9.4050000      0.0000000000000000E+00  2.2790783798296014E-08  1.3866495358065963E-05  7.5228386507580246E-08  1.3434932803487421E-07  9.6824592106670873E-09
   100   9.5000000      0.0000000000000000E+00  2.1883592573584270E-08  1.4845660268455386E-05  8.1145777538812894E-08  1.4119660088236581E-07  1.0139254952886086E-08
   101   9.5950000      0.0000000000000000E+00  2.1805419743131810E-08  1.5862500287255367E-05  8.8503673002745804E-08  1.4801515534376901E-07  1.0254301723461243E-08
   102   9.6900000      0.0000000000000000E+00  2.1097449012081305E-08  1.6906688292597875E-05  9.6736323957178154E-08  1.5487277382132953E-07  1.1466329687800007E-08
   103   9.7850000      0.0000000000000000E+00  1.9297232122990261E-08  1.7979219941006412E-05  1.0520997040031337E-07  1.6333071345052127E-07  1.3713253294901555E-08
   104   9.8800000      0.0000000000000000E+00  1.6760091445740300E-08  1.9100173381112107E-05  1.1326805442985947E-07  1.7537615951362835E-07  1.6138418626599422E-08
   105   9.9750000      0.0000000000000000E+00  1.4143457613707106E-08  2.0307228111639340E-05  1.2027814719783557E-07  1.9106709920815439E-07  1.7959984029989795E-08
   106   10.070000      0.0000000000000000E+00  1.2290354096563313E-08  2.1640500480919944E-05  1.2567727119088615E-07  2.0950101599632819E-07  1.8651210108561765E-08
   107   10.165000      0.0000000000000000E+00  1.1712847677352837E-08  2.3124919565272091E-05  1.2901248959461791E-07  2.2904466881673239E-07  1.8318162388793348E-08
   108   10.260000      0.0000000000000000E+00  1.2385910418002308E-08  2.4761537582151214E-05  1.2997394756318759E-07  2.4757541148530454E-07  1.7568024706148988E-08
   109   10.355000      0.0000000000000000E+00  1.4624006072390909E-08  2.6532420672348897E-05  1.2841817765505371E-07  2.6421080638485373E-07  1.6044720112405430E-08
   110   10.450000      0.0000000000000000E+00  1.8499408554924821E-08  2.8416494786011499E-05  1.2437985765386991E-07  2.7898045791881655E-07  1.2949151038032856E-08
   111   10.545000      0.0000000000000000E+00  2.1925698717273396E-08  3.0403754451060301E-05  1.1807113372986556E-07  2.9205833106222708E-07  9.8790710630502141E-09
   112   10.640000      0.0000000000000000E+00  2.2812933802406850E-08  3.2498690307668164E-05  1.0986838515131802E-07  3.0370902469267556E-07  8.7551895683170326E-09
   113   10.735000      0.0000000000000000E+00  2.1824790997698113E-08  3.4714244501687173E-05  1.0028759036089686E-07  3.1508176174961973E-07  8.7711886010148416E-09
   114   10.830000      0.0000000000000000E+00  2.0469235817012513E-08  3.7065116804995945E-05  8.9949989023999191E-08  3.2790373425975712E-07  8.7040673827159946E-09
   115   10.925000      0.0000000000000000E+00  1.9117763991953750E-08  3.9565760921377155E-05  7.9540222935864516E-08  3.4282717144963782E-07  8.8022445934499441E-09
   116   11.020000      0.0000000000000000E+00  1.7773907052524011E-08  4.2229996603454159E-05  6.9759847161162178E-08  3.6020475575528970E-07  9.4276205285198325E-09
   117   11.115000      0.0000000000000000E+00  1.6842237545749345E-08  4.5071292543579702E-05  6.1279419381655735E-08  3.8094477495708071E-07  1.0057132002384819E-08
   118   11.210000      0.0000000000000000E+00  1.6538577301246726E-08  4.8104513147366625E-05  5.4692466248705159E-08  4.0485378424311089E-07  1.0135221498208261E-08
   119   11.305000      0.0000000000000000E+00  1.6522489357977102E-08  5.1346535577082106E-05  5.0474497613530834E-08  4.3107465363668973E-07  9.7265712693332274E-09
   120   11.400000      0.0000000000000000E+00  1.6275380259536590E-08  5.4816114386495134E-05  4.8949837052486214E-08  4.6002434550514287E-07  9.1575630660821767E-09
   121   11.495000      0.0000000000000000E+00  1.5047583259871389E-08  5.8533787888123704E-05  5.0268471994769891E-08  4.9293365687263630E-07  9.3567018173104781E-09
   122   11.590000      0.0000000000000000E+00  1.2898913560119751E-08  6.2519661015008465E-05  5.4394595621577451E-08  5.2944821164138154E-07  1.0732786706682002E-08
   123   11.685000      0.0000000000000000E+00  1.1434171116172081E-08  6.6788521227338537E-05  6.1107606127779745E-08  5.6744613277866004E-07  1.2054021025203254E-08
   124   11.780000      0.0000000000000000E+00  1.1474456612548618E-08  7.1347619838450172E-05  7.0015761455843489E-08  6.0617977872236223E-07  1.2972358630805431E-08
   125   11.875000      0.0000000000000000E+00  1.2165830355336227E-08  7.6203317305844958E-05  8.0581602861726784E-08  6.4721025969888124E-07  1.4812756967010888E-08
   126   11.970000      0.0000000000000000E+00  1.3502256751087019E-08  8.1371327553799233E-05  9.2157225049694025E-08  6.9228819124161368E-07  1.7249100224508849E-08
   127   12.065000      0.0000000000000000E+00  1.6303079094741160E-08  8.6879825562600425E-05  1.0402717650272489E-07  7.4200592183880861E-07  1.8504902757011312E-08
   128   12.160000      0.0000000000000000E+00  2.0048396512895575E-08  9.2764168010944534E-05  1.1545615444675395E-07  7.9634626240448894E-07  1.8272266328224194E-08
   129   12.255000      0.0000000000000000E+00  2.3331784214662211E-08  9.9061158865791079E-05  1.2573798448897635E-07  8.5463617869181330E-07  1.7414461243257891E-08
   130   12.350000      0.0000000000000000E+00  2.5637612648885527E-08  1.0580614838615602E-04  1.3424263414270495E-07  9.1646703982534859E-07  1.6078938329165442E-08
   131   12.445000      0.0000000000000000E+00  2.7361308284476940E-08  1.1303276191403869E-04  1.4045813677908840E-07  9.8230959963239892E-07  1.3910687048805933E-08
   132   12.540000      0.0000000000000000E+00  2.8963004311193890E-08  1.2077448399039033E-04  1.4402486605844010E-07  1.0520755998973765E-06  1.0936900897639816E-08
   133   12.635000      0.0000000000000000E+00  3.0151859022374232E-08  1.2906621821897140E-04  1.4475949002114936E-07  1.1252215995129832E-06  8.2987232262032602E-09
   134   12.730000      0.0000000000000000E+00  3.0252214962642549E-08  1.3794634499115114E-04  1.4266712180076523E-07  1.2011325750365255E-06  7.4240665826230890E-09
   135   12.825000      0.0000000000000000E+00  2.9334109230637372E-08  1.4745558992475304E-04  1.3794067009344253E-07  1.2785414980482727E-06  8.2724061924287232E-09
   136   12.920000      0.0000000000000000E+00  2.8209625103532581E-08  1.5762778522744725E-04  1.3094754535094987E-07  1.3560977859640162E-06  9.2269545971887068E-09
   137   13.015000      0.0000000000000000E+00  2.6913912552071558E-08  1.6847882642301532E-04  1.2220494253789941E-07  1.4341511962732390E-06  9.0651212259311785E-09
   138   13.110000      0.0000000000000000E+00  2.3428029588171730E-08  1.8000854670934606E-04  1.1234510046733833E-07  1.5157732579558930E-06  9.3816798054755963E-09
   139   13.205000      0.0000000000000000E+00  1.7223779244103598E-08  1.9222263011157514E-04  1.0207266474531454E-07  1.6045320516364616E-06  1.1153576878246332E-08
   140   13.300000      0.0000000000000000E+00  1.1983969968620793E-08  2.0516005495348991E-04  9.2117250733711742E-08  1.7018014412129875E-06  1.1246116183209333E-08
   141   13.395000      0.0000000000000000E+00  9.7696009709393048E-09  2.1890137533844261E-04  8.3184246945314542E-08  1.8108897511774262E-06  9.0696041017210707E-09
   142   13.490000      0.0000000000000000E+00  8.8591737085634858E-09  2.3355742930773488E-04  7.5907339797308254E-08  1.9376301452567694E-06  8.2638802750433078E-09
   143   13.585000      0.0000000000000000E+00  8.4981589406635359E-09  2.4925056549801843E-04  7.0805856984214273E-08  2.0846400662169448E-06  1.0084116313875727E-08
   144   13.680000      0.0000000000000000E+00  9.3294873626637110E-09  2.6609705382642663E-04  6.8250201353839987E-08  2.2506317993442515E-06  1.3176792745709259E-08
   145   13.775000      0.0000000000000000E+00  1.1554122852812062E-08  2.8420028810126064E-04  6.8437390068529510E-08  2.4320086191655719E-06  1.6031380398105338E-08
   146   13.870000      0.0000000000000000E+00  1.4413591802968950E-08  3.0365148588094209E-04  7.1378139815577022E-08  2.6250855949306738E-06  1.8119433232899366E-08
   147   13.965000      0.0000000000000000E+00  1.7051449646991117E-08  3.2453089261386104E-04  7.6896358426598328E-08  2.8259279405773068E-06  1.9431028069492521E-08
   148   14.060000      0.0000000000000000E+00  1.9624725698775047E-08  3.4690512510965853E-04  8.4641550679265228E-08  3.0308729647600831E-06  1.9366334873121453E-08
   149   14.155000      0.0000000000000000E+00  2.2853146471797107E-08  3.7082557563422966E-04  9.4112847741613653E-08  3.2386250187353624E-06  1.7222008065762311E-08
   150   14.250000      0.0000000000000000E+00  2.6804318558337720E-08  3.9633707844595001E-04  1.0469296564912729E-07  3.4494620212192299E-06  1.3330600534686792E-08
   151   14.345000      0.0000000000000000E+00  3.0270810725110455E-08  4.2349480077959477E-04  1.1569000222800386E-07  3.6646095256663618E-06  9.5038360976811110E-09
   152   14.440000      0.0000000000000000E+00  3.1827471101035406E-08  4.5238200827891388E-04  1.2638405920513871E-07  3.8871342754187641E-06  7.6655392814326434E-09
   153   14.535000      0.0000000000000000E+00  3.1643387595234439E-08  4.8312113725353383E-04  1.3607565580867689E-07  4.1213456787684797E-06  7.4536348369381832E-09
   154   14.630000      0.0000000000000000E+00  3.0240036375314254E-08  5.1586977704771780E-04  1.4413270989778736E-07  4.3718157682996140E-06  7.7731623199397180E-09
   155   14.725000      0.0000000000000000E+00  2.6832382181716027E-08  5.5080303576639114E-04  1.5003293090488505E-07  4.6424029981627683E-06  9.1375613870439309E-09
   156   14.820000      0.0000000000000000E+00  2.1323987130315799E-08  5.8809510745862442E-04  1.5339888043358732E-07  4.9349732017240699E-06  1.1596189720432464E-08
   157   14.915000      0.0000000000000000E+00  1.5668643417890833E-08  6.2791221542035289E-04  1.5402326654163304E-07  5.2502235955800586E-06  1.3218475397193049E-08
   158   15.010000      0.0000000000000000E+00  1.1387204458750277E-08  6.7041997109637162E-04  1.5188257986627996E-07  5.5891237540155701E-06  1.3073738690048173E-08
   159   15.105000      0.0000000000000000E+00  8.5486921037324379E-09  7.1579489654104611E-04  1.4713811940480958E-07  5.9540724131996280E-06  1.2052398326703129E-08
   160   15.200000      0.0000000000000000E+00  7.0185677492008197E-09  7.6422949502977710E-04  1.4012472661550105E-07  6.3477268006173456E-06  1.0984437088720709E-08
   161   15.295000      0.0000000000000000E+00  6.6029790886282613E-09  8.1592827108212035E-04  1.3132775033363192E-07  6.7713327221748214E-06  1.0442139189265869E-08
   162   15.390000      0.0000000000000000E+00  7.1261844434299588E-09  8.7110038511389431E-04  1.2135080659304487E-07  7.2259651590426255E-06  1.0592277836666813E-08
   163   15.485000      0.0000000000000000E+00  8.5573889613884366E-09  9.2995808397944703E-04  1.1087553527625377E-07  7.7139408730850653E-06  1.1015030790883710E-08
   164   15.580000      0.0000000000000000E+00  1.0252942743681722E-08  9.9272321423249528E-04  1.0061607579803581E-07  8.2378939038249990E-06  1.1830392358593658E-08
   165   15.675000      0.0000000000000000E+00  1.1280844841280126E-08  1.0596377218300966E-03  9.1271505548115645E-08  8.7999896645650695E-06  1.3635115916386130E-08
   166   15.770000      0.0000000000000000E+00  1.2099537430047953E-08  1.1309767483918540E-03  8.3479400653631289E-08  9.4032914263112917E-06  1.5735545363998185E-08
   167   15.865000      0.0000000000000000E+00  1.4332055497967394E-08  1.2070652320234254E-03  7.7774377089071678E-08  1.0050506138096292E-05  1.6326825297657603E-08
   168   15.960000      0.0000000000000000E+00  1.8062702477542775E-08  1.2882847466447777E-03  7.4553908206336635E-08  1.0740882807538879E-05  1.5471916538352331E-08
   169   16.055000      0.0000000000000000E+00  2.1816097657227246E-08  1.3750498969145788E-03  7.4053491144923224E-08  1.1470100005980653E-05  1.4874107383828800E-08
   170   16.150000      0.0000000000000000E+00  2.5390067334262824E-08  1.4677532800119561E-03  7.6332853034036453E-08  1.2232432297747784E-05  1.4236147939876268E-08
   171   16.245000      0.0000000000000000E+00  2.9106391133568352E-08  1.5667080085361301E-03  8.1274399882420020E-08  1.3023079900453089E-05  1.2477277674265960E-08
   172   16.340000      0.0000000000000000E+00  3.1988246529785837E-08  1.6721318222775033E-03  8.8593650708429803E-08  1.3839978449594200E-05  1.0285944539115653E-08
   173   16.435000      0.0000000000000000E+00  3.2961079137209195E-08  1.7841979440703416E-03  9.7860132801651470E-08  1.4687428121944185E-05  8.7771385799640371E-09
   174   16.530000      0.0000000000000000E+00  3.1885602494306806E-08  1.9031381064628804E-03  1.0852855353039525E-07  1.5578140945973523E-05  8.3904460467742902E-09
   175   16.625000      0.0000000000000000E+00  2.9378845707041848E-08  2.0293443827705698E-03  1.1997873682687654E-07  1.6528934242772944E-05  9.0197739364663679E-09
   176   16.720000      0.0000000000000000E+00  2.6601819655605441E-08  2.1634061522365299E-03  1.3156021338445200E-07  1.7555333845758032E-05  9.9727793999137037E-09
   177   16.815000      0.0000000000000000E+00  2.4581712765604506E-08  2.3060597552932174E-03  1.4263784082722300E-07  1.8666979657334303E-05  1.0479350651475976E-08
   178   16.910000      0.0000000000000000E+00  2.3110824901135040E-08  2.4580825689946659E-03  1.5263680135199744E-07  1.9863971715754047E-05  1.0910905507167147E-08
   179   17.005000      0.0000000000000000E+00  2.1493941933064825E-08  2.6201885085889534E-03  1.6108398463531702E-07  2.1138678764481023E-05  1.2089793519280399E-08
   180   17.100000      0.0000000000000000E+00  2.0579736139974939E-08  2.7929745995841798E-03  1.6764156685544735E-07  2.2480265594076230E-05  1.2824362671480096E-08
   181   17.195000      0.0000000000000000E+00  2.1000110876596076E-08  2.9769309131521629E-03  1.7213366540193267E-07  2.3878855823530524E-05  1.2131613299784198E-08
   182   17.290000      0.0000000000000000E+00  2.1238641856000648E-08  3.1724913782070529E-03  1.7456139537379315E-07  2.5328360863076866E-05  1.1655088153489389E-08
   183   17.385000      0.0000000000000000E+00  2.0106158493490380E-08  3.3800925750851075E-03  1.7510658909747835E-07  2.6828583942560299E-05  1.2627681483130262E-08
   184   17.480000      0.0000000000000000E+00  1.8276149878850253E-08  3.6002202716853855E-03  1.7412158591533377E-07  2.8386681466954107E-05  1.4185613049210461E-08
   185   17.575000      0.0000000000000000E+00  1.6677491626051271E-08  3.8334424702269262E-03  1.7210621679345058E-07  3.0014863860157948E-05  1.5373641028479240E-08
   186   17.670000      0.0000000000000000E+00  1.5491297111979425E-08  4.0804320301723197E-03  1.6967820524572126E-07  3.1727380740093407E-05  1.6156499994085050E-08
   187   17.765000      0.0000000000000000E+00  1.4724258302278677E-08  4.3419798585982439E-03  1.6753835342114275E-07  3.3539604668545301E-05  1.6575842008362897E-08
   188   17.860000      0.0000000000000000E+00  1.4559627270463807E-08  4.6189948551205928E-03  1.6642756269450565E-07  3.5464602465188277E-05  1.6264446068702137E-08
   189   17.955000      0.0000000000000000E+00  1.5004133461065572E-08  4.9124755736425236E-03  1.6708539215647564E-07  3.7508323658247475E-05  1.5035413167642923E-08
   190   18.050000      0.0000000000000000E+00  1.6099557882644591E-08  5.2234445554570560E-03  1.7020579282758017E-07  3.9668368672276193E-05  1.2673166188026318E-08
   191   18.145000      0.0000000000000000E+00  1.7369537301184356E-08  5.5528653518779744E-03  1.7639126659060772E-07  4.1936413731944923E-05  9.6706665679076031E-09
   192   18.240000      0.0000000000000000E+00  1.7520451518823065E-08  5.9015876680942438E-03  1.8611106087221015E-07  4.4301475936594370E-05  7.7549723272642172E-09
   193   18.335000      0.0000000000000000E+00  1.6533730344512805E-08  6.2703582804144800E-03  1.9966728697727156E-07  4.6752208789348734E-05  7.2875422870879192E-09
   194   18.430000      0.0000000000000000E+00  1.5842506904756254E-08  6.6598894995681980E-03  2.1717905678686188E-07  4.9280537770713840E-05  6.9094467076856975E-09
   195   18.525000      0.0000000000000000E+00  1.5568398252067673E-08  7.0709327220013218E-03  2.3858267616343482E-07  5.1884252041116974E-05  6.8570607393007969E-09
   196   18.620000      0.0000000000000000E+00  1.4849076556247186E-08  7.5043002634478748E-03  2.6364521496639912E-07  5.4565351341085216E-05  8.3472972138449246E-09
   197   18.715000      0.0000000000000000E+00  1.4057115687325651E-08  7.9608272289879347E-03  2.9197758647241863E-07  5.7327504647085298E-05  1.0750380678249206E-08
   198   18.810000      0.0000000000000000E+00  1.4045035628094692E-08  8.4413236559302256E-03  3.2307482747864903E-07  6.0176116852334484E-05  1.2608378140465073E-08
   199   18.905000      0.0000000000000000E+00  1.4580621391556076E-08  8.9465733627627671E-03  3.5635492379388682E-07  6.3117806071918874E-05  1.3691622581654313E-08
   200   19.000000      0.0000000000000000E+00  1.4926702219493566E-08  9.4773856468311699E-03  3.9118172577539667E-07  6.6158063453272001E-05  1.4506946956335531E-08
   201   19.095000      0.0000000000000000E+00  1.4973350711198211E-08  1.0034662931005712E-02  4.2692257325978472E-07  6.9299599744553799E-05  1.5215068841875472E-08
   202   19.190000      0.0000000000000000E+00  1.5547507982404525E-08  1.0619444643852258E-02  4.6301537648855138E-07  7.2539483815645497E-05  1.5253342800205565E-08
   203   19.285000      0.0000000000000000E+00  1.7476743629248318E-08  1.1232887268125576E-02  4.9900782939410276E-07  7.5866832387969094E-05  1.4123888297124312E-08
   204   19.380000      0.0000000000000000E+00  2.0228931006328448E-08  1.1876146555195949E-02  5.3458822148715266E-07  7.9262549394664434E-05  1.2716705565791308E-08
   205   19.475000      0.0000000000000000E+00  2.2323660193461487E-08  1.2550177552141245E-02  5.6958756472548691E-07  8.2701156368912630E-05  1.2619439891851366E-08
   206   19.570000      0.0000000000000000E+00  2.3191993819924499E-08  1.3255550410562145E-02  6.0399856954986981E-07  8.6156367409113570E-05  1.4138396054557587E-08
   207   19.665000      0.0000000000000000E+00  2.4331141649805590E-08  1.3992414059241821E-02  6.3796809016161955E-07  8.9610194540967771E-05  1.4974323565962444E-08
   208   19.760000      0.0000000000000000E+00  2.6236537798275706E-08  1.4760656351808338E-02  6.7180716472997862E-07  9.3060475173562031E-05  1.3976835416418424E-08
   209   19.855000      0.0000000000000000E+00  2.6518858068760601E-08  1.5560179693743148E-02  7.0597529768865109E-07  9.6521486476500325E-05  1.3827446173972513E-08
   210   19.950000      0.0000000000000000E+00  2.5134028418818648E-08  1.6391146232277491E-02  7.4108582134376399E-07  1.0001325223222395E-04  1.4608738583018483E-08
   211   20.045000      0.0000000000000000E+00  2.4981249162361999E-08  1.7254069782846371E-02  7.7789913909543112E-07  1.0355284506022404E-04  1.3033409598690378E-08
   212   20.140000      0.0000000000000000E+00  2.6271153589858610E-08  1.8149720573580098E-02  8.1715166404400874E-07  1.0715313011198749E-04  9.4138519340669437E-09
   213   20.235000      0.0000000000000000E+00  2.7103524898366948E-08  1.9078895560823823E-02  8.5948530657396736E-07  1.1081801812327257E-04  6.4431536499365192E-09
   214   20.330000      0.0000000000000000E+00  2.6465249085349514E-08  2.0042163634859524E-02  9.0536189369218430E-07  1.1454030246638211E-04  5.6338668771579086E-09
   215   20.425000      0.0000000000000000E+00  2.4780542091015432E-08  2.1039730036772904E-02  9.5513737401517546E-07  1.1830541426616290E-04  6.6951748669541528E-09
   216   20.520000      0.0000000000000000E+00  2.2935379284363722E-08  2.2071490826738038E-02  1.0090431942505871E-06  1.2209742440349113E-04  8.5322541236471811E-09
   217   20.615000      0.0000000000000000E+00  2.1086238536079566E-08  2.3137198895702739E-02  1.0672007971775319E-06  1.2590134889212115E-04  1.0725534956452423E-08
   218   20.710000      0.0000000000000000E+00  1.9087422208773990E-08  2.4236580713678662E-02  1.1295805090247845E-06  1.2970004243863641E-04  1.3132514637585370E-08
   219   20.805000      0.0000000000000000E+00  1.7362016299252332E-08  2.5369318026493372E-02  1.1959121590869880E-06  1.3347358580352965E-04  1.5056507811052095E-08
   220   20.900000      0.0000000000000000E+00  1.6863861406677167E-08  2.6534966137821660E-02  1.2659053313708734E-06  1.3720164683506445E-04  1.5356278688034521E-08
   221   20.995000      0.0000000000000000E+00  1.7872394964227383E-08  2.7732917419450515E-02  1.3392763593917724E-06  1.4086670610840703E-04  1.3693502668003362E-08
   222   21.090000      0.0000000000000000E+00  1.8875637724289459E-08  2.8962428787030006E-02  1.4156861231317577E-06  1.4445862046519924E-04  1.1914688955921853E-08
   223   21.185000      0.0000000000000000E+00  1.8530176421135071E-08  3.0222684225272401E-02  1.4947637965144565E-06  1.4797752889021405E-04  1.1722010147160663E-08
   224   21.280000      0.0000000000000000E+00  1.7496273047446121E-08  3.1512896431499647E-02  1.5760531795556779E-06  1.5143326301832985E-04  1.2409735313365616E-08
   225   21.375000      0.0000000000000000E+00  1.6426519095194464E-08  3.2832443904372448E-02  1.6591396164726042E-06  1.5484148616822267E-04  1.3294800715919286E-08
   226   21.470000      0.0000000000000000E+00  1.4805950880332770E-08  3.4180935095191038E-02  1.7436900787142965E-06  1.5821641770493691E-04  1.5107141949962908E-08
   227   21.565000      0.0000000000000000E+00  1.3079979676239577E-08  3.5558060820018091E-02  1.8295112088782959E-06  1.6156674870988275E-04  1.7319922381780252E-08
   228   21.660000      0.0000000000000000E+00  1.2703637761924871E-08  3.6963280107114943E-02  1.9168092814996729E-06  1.6489849911487640E-04  1.8099639104703288E-08
   229   21.755000      0.0000000000000000E+00  1.4058426549373484E-08  3.8395610287000226E-02  2.0062708938356649E-06  1.6822371412928409E-04  1.6837925476638215E-08
   230   21.850000      0.0000000000000000E+00  1.6476020338898184E-08  3.9853726699456526E-02  2.0990012938950344E-06  1.7156260812930147E-04  1.3999754439228494E-08
   231   21.945000      0.0000000000000000E+00  1.8854115881834829E-08  4.1336261036927058E-02  2.1965982282388139E-06  1.7493316067483103E-04  1.0632478673368891E-08
   232   22.040000      0.0000000000000000E+00  2.0168170733583164E-08  4.2842008058438887E-02  2.3009472160358037E-06  1.7834024090539598E-04  8.0450417181087855E-09
   233   22.135000      0.0000000000000000E+00  2.0467207157019550E-08  4.4369893559282218E-02  2.4138616908774906E-06  1.8177570088421009E-04  6.6107588391404541E-09
   234   22.230000      0.0000000000000000E+00  2.0540292194831883E-08  4.5918837808547330E-02  2.5367844343753746E-06  1.8522674457283552E-04  5.9136164484083773E-09
   235   22.325000      0.0000000000000000E+00  2.0312529340039845E-08  4.7487691986075081E-02  2.6709466448951795E-06  1.8868304818771273E-04  6.3728979876488302E-09
   236   22.420000      0.0000000000000000E+00  1.9100357671264998E-08  4.9075256894294317E-02  2.8171668351996740E-06  1.9214129174916476E-04  8.7699150655710269E-09
   237   22.515000      0.0000000000000000E+00  1.7580986130831418E-08  5.0680305662574844E-02  2.9754946775835966E-06  1.9560934253378128E-04  1.1899473809442503E-08
   238   22.610000      0.0000000000000000E+00  1.7100918431529788E-08  5.2301557388410164E-02  3.1451822849621859E-06  1.9911029221134945E-04  1.3573255991834077E-08
   239   22.705000      0.0000000000000000E+00  1.7087171221769843E-08  5.3937597841955245E-02  3.3249410535255402E-06  2.0268287619105917E-04  1.4168785722659818E-08
   240   22.800000      0.0000000000000000E+00  1.6504371795616187E-08  5.5586771500418998E-02  3.5129855860054563E-06  2.0637518020004167E-04  1.4921790376088332E-08
   241   22.895000      0.0000000000000000E+00  1.5929145136636056E-08  5.7247059196696350E-02  3.7077946162573716E-06  2.1022893864982453E-04  1.5306168171804264E-08
   242   22.990000      0.0000000000000000E+00  1.6052525474891959E-08  5.8916013968861237E-02  3.9082045007592074E-06  2.1426849323721896E-04  1.4769357465106247E-08
   243   23.085000      0.0000000000000000E+00  1.6656481849648782E-08  6.0590874542566620E-02  4.1129397841807614E-06  2.1850145629405727E-04  1.3698467720502912E-08
   244   23.180000      0.0000000000000000E+00  1.7140869493581483E-08  6.2268902260478654E-02  4.3213861013896446E-06  2.2292618003422481E-04  1.2710787967320085E-08
   245   23.275000      0.0000000000000000E+00  1.6862024356063164E-08  6.3947801227385484E-02  4.5340856226016442E-06  2.2752640029321085E-04  1.2427560052579743E-08
   246   23.370000      0.0000000000000000E+00  1.5668251905671128E-08  6.5625997065487204E-02  4.7527463787509571E-06  2.3226032950322638E-04  1.3012018572835367E-08
   247   23.465000      0.0000000000000000E+00  1.4509701300537442E-08  6.7302600333639065E-02  4.9799255454933350E-06  2.3705592855089686E-04  1.3499227444770843E-08
   248   23.560000      0.0000000000000000E+00  1.4421869165771023E-08  6.8977074017772338E-02  5.2189781957721444E-06  2.4182556626530682E-04  1.2850957996757452E-08
   249   23.655000      0.0000000000000000E+00  1.4764343193060697E-08  7.0648833305771833E-02  5.4741958926722087E-06  2.4647140814090763E-04  1.2105591925241706E-08
   250   23.750000      0.0000000000000000E+00  1.4991839853738994E-08  7.2317040168366695E-02  5.7497612432759817E-06  2.5087957789774438E-04  1.2123629001890095E-08
   251   23.845000      0.0000000000000000E+00  1.6253491405637637E-08  7.3980672524818741E-02  6.0495540075874167E-06  2.5489490590634780E-04  1.1483696634693812E-08
   252   23.940000      0.0000000000000000E+00  1.8804322848849089E-08  7.5638647094287983E-02  6.3780148930267699E-06  2.5831108116818947E-04  9.7362939205639562E-09
   253   24.035000      0.0000000000000000E+00  2.1144612439402895E-08  7.7289711200245373E-02  6.7405036666452371E-06  2.6089477828801396E-04  8.4492337531243101E-09
   254   24.130000      0.0000000000000000E+00  2.2268515353268838E-08  7.8932107223218195E-02  7.1430637103221903E-06  2.6244104838542368E-04  8.5485482616423257E-09
   255   24.225000      0.0000000000000000E+00  2.2457690813805167E-08  8.0563318568271897E-02  7.5905309485660378E-06  2.6282283725430979E-04  9.5131769877863630E-09
   256   24.320000      0.0000000000000000E+00  2.2216197878111230E-08  8.2180140932791412E-02  8.0849065965793291E-06  2.6200262792384335E-04  1.0664362132677543E-08
   257   24.415000      0.0000000000000000E+00  2.1677024798924808E-08  8.3778991787817406E-02  8.6236828630267242E-06  2.6001629035449355E-04  1.1865000560266339E-08
   258   24.510000      0.0000000000000000E+00  2.0944599632299886E-08  8.5356169674977805E-02  9.1991076954422073E-06  2.5694872574995271E-04  1.3007738540980143E-08
   259   24.605000      0.0000000000000000E+00  1.9998045136580604E-08  8.6907952811291683E-02  9.7998446695392575E-06  2.5291670289118937E-04  1.4162194840536342E-08
   260   24.700000      0.0000000000000000E+00  1.9086481572995727E-08  8.8430538550580168E-02  1.0411315235494113E-05  2.4806299234356004E-04  1.5092637621502125E-08
   261   24.795000      0.0000000000000000E+00  1.8951614339635538E-08  8.9919873953646867E-02  1.1017967533744005E-05  2.4255941202715815E-04  1.4840702677617250E-08
   262   24.890000      0.0000000000000000E+00  1.9159897885535231E-08  9.1371422522953813E-02  1.1602651503171143E-05  2.3661452745709125E-04  1.3873507954935509E-08
   263   24.985000      0.0000000000000000E+00  1.8480776088986694E-08  9.2779940399159044E-02  1.2146298968369547E-05  2.3047183785336202E-04  1.3780210318905753E-08
   264   25.080000      0.0000000000000000E+00  1.7417506368056408E-08  9.4139455787530690E-02  1.2632772910764235E-05  2.2438647025951549E-04  1.4070085348900433E-08
   265   25.175000      0.0000000000000000E+00  1.7117076686176340E-08  9.5443521860996139E-02  1.3049758441561945E-05  2.1858965394462788E-04  1.3367619396613735E-08
   266   25.270000      0.0000000000000000E+00  1.6940006828695068E-08  9.6685584652570364E-02  1.3390642672086947E-05  2.1326841190161434E-04  1.2317632386118123E-08
   267   25.365000      0.0000000000000000E+00  1.5792656460580710E-08  9.7859314247151843E-02  1.3654016321621153E-05  2.0855928511325455E-04  1.2007409000505335E-08
   268   25.460000      0.0000000000000000E+00  1.3952590330241024E-08  9.8958841981569845E-02  1.3843283230310168E-05  2.0456657012181387E-04  1.2047119028481968E-08
   269   25.555000      0.0000000000000000E+00  1.2343334410400295E-08  9.9978973598685281E-02  1.3967861206032632E-05  2.0138054472518819E-04  1.1598383784021556E-08
   270   25.650000      0.0000000000000000E+00  1.1346344860059076E-08  1.0091550631714251E-01  1.4041839391141289E-05  1.9906606884360467E-04  1.0636590582166219E-08
   271   25.745000      0.0000000000000000E+00  1.0708075454042609E-08  1.0176559294217620E-01  1.4085020385177492E-05  1.9765061809325394E-04  9.8513341576597585E-09
   272   25.840000      0.0000000000000000E+00  1.0271838540724579E-08  1.0252794847838841E-01  1.4119129755178444E-05  1.9711251160249127E-04  9.7046050927790587E-09
   273   25.935000      0.0000000000000000E+00  1.0652259817721082E-08  1.0320268423313866E-01  1.4161971635063244E-05  1.9739907293041365E-04  9.4629935684988725E-09
   274   26.030000      0.0000000000000000E+00  1.2280531476967626E-08  1.0379082737841626E-01  1.4231582440065063E-05  1.9845502111401326E-04  8.3318281934035816E-09
   275   26.125000      0.0000000000000000E+00  1.4103298832843168E-08  1.0429380941440863E-01  1.4350200639933429E-05  2.0023385746989944E-04  7.0483025506767770E-09
   276   26.220000      0.0000000000000000E+00  1.3911317935883360E-08  1.0471316314038059E-01  1.4540666734818295E-05  2.0268899081015459E-04  7.9489198032741560E-09
   277   26.315000      0.0000000000000000E+00  1.1687953437143876E-08  1.0505049679661876E-01  1.4819968369519868E-05  2.0575317688680436E-04  1.1276045070016728E-08
   278   26.410000      0.0000000000000000E+00  1.0443275254548419E-08  1.0530766080619802E-01  1.5194550793777711E-05  2.0932401699457544E-04  1.3759843706393875E-08
   279   26.505000      0.0000000000000000E+00  1.0709647516433903E-08  1.0548697222692992E-01  1.5663627897416101E-05  2.1326003272294019E-04  1.5077711492720076E-08
   280   26.600000      0.0000000000000000E+00  1.0449884961736525E-08  1.0559142332744104E-01  1.6226718206850912E-05  2.1737623125022681E-04  1.7841964819219191E-08
   281   26.695000      0.0000000000000000E+00  1.0570953892630869E-08  1.0562479408578440E-01  1.6884622267799415E-05  2.2144122649494428E-04  2.0700007645673647E-08
   282   26.790000      0.0000000000000000E+00  1.3148404363455425E-08  1.0559155713024078E-01  1.7637043570727674E-05  2.2518991690930495E-04  2.0903170865006434E-08
   283   26.885000      0.0000000000000000E+00  1.7913122296010978E-08  1.0549655389845203E-01  1.8481925349727376E-05  2.2834907571543715E-04  1.8440188263784872E-08
   284   26.980000      0.0000000000000000E+00  2.2938593925952976E-08  1.0534452963308978E-01  1.9420186049844056E-05  2.3065444432210803E-04  1.5126740197340562E-08
   285   27.075000      0.0000000000000000E+00  2.6550410865687420E-08  1.0513973554457884E-01  2.0455889902252955E-05  2.3186449265126245E-04  1.2675863335027875E-08
   286   27.170000      0.0000000000000000E+00  2.8604438329611496E-08  1.0488572227924951E-01  2.1594091816567357E-05  2.3176637764006655E-04  1.1207909512353869E-08
   287   27.265000      0.0000000000000000E+00  2.9604815018581832E-08  1.0458528464616540E-01  2.2836080604963022E-05  2.3019288584147946E-04  1.0329311223995561E-08
   288   27.360000      0.0000000000000000E+00  2.9771619991909824E-08  1.0424045473960658E-01  2.4178778672720183E-05  2.2704953809754878E-04  1.0014347404553167E-08
   289   27.455000      0.0000000000000000E+00  2.9073425384480333E-08  1.0385254491401966E-01  2.5610799893904782E-05  2.2234756115207226E-04  1.0413329405338451E-08
   290   27.550000      0.0000000000000000E+00  2.7880269161824578E-08  1.0342234490297222E-01  2.7116632437804522E-05  2.1622353017502420E-04  1.1134710780272224E-08
   291   27.645000      0.0000000000000000E+00  2.7417779170471995E-08  1.0295042814545588E-01  2.8671790119147261E-05  2.0892688440334170E-04  1.0715455105865043E-08
   292   27.740000      0.0000000000000000E+00  2.8116431333189489E-08  1.0243735381099649E-01  3.0247619058876119E-05  2.0082054741541637E-04  8.6951508991702299E-09
   293   27.835000      0.0000000000000000E+00  2.8619939221183260E-08  1.0188371474181593E-01  3.1814959563084654E-05  1.9238295154652536E-04  6.9530141669885153E-09
   294   27.930000      0.0000000000000000E+00  2.8167093372591784E-08  1.0129021508091296E-01  3.3347930654400669E-05  1.8418086241971289E-04  6.6398336951073435E-09
   295   28.025000      0.0000000000000000E+00  2.7352065307887632E-08  1.0065793175864146E-01  3.4829076219815637E-05  1.7679664910660064E-04  7.0535852852675286E-09
   296   28.120000      0.0000000000000000E+00  2.5958464706118841E-08  9.9988641646085286E-02  3.6251306871380448E-05  1.7075113133403099E-04  8.2655769393717376E-09
   297   28.215000      0.0000000000000000E+00  2.3186245984687433E-08  9.9284992843101758E-02  3.7610292251132949E-05  1.6646870421780513E-04  1.1010528558303983E-08
   298   28.310000      0.0000000000000000E+00  1.9635342981302304E-08  9.8550513274837909E-02  3.8903578988148966E-05  1.6426502024487408E-04  1.4471453910161173E-08
   299   28.405000      0.0000000000000000E+00  1.6666698600042159E-08  9.7789580612221413E-02  4.0149952348719835E-05  1.6433781419834812E-04  1.7264506280255337E-08
   300   28.500000      0.0000000000000000E+00  1.5342235793321640E-08  9.7007445416663743E-02  4.1391355467072739E-05  1.6676130980656283E-04  1.8468485812814662E-08
   301   28.595000      0.0000000000000000E+00  1.6047741693862400E-08  9.6210261147541443E-02  4.2683485099424813E-05  1.7149637139400568E-04  1.7733843290913719E-08
   302   28.690000      0.0000000000000000E+00  1.7886078441355600E-08  9.5405036798260456E-02  4.4090466233948021E-05  1.7840034572758160E-04  1.5920652365889678E-08
   303   28.785000      0.0000000000000000E+00  1.9340711233306882E-08  9.4599420065968359E-02  4.5706369013123781E-05  1.8724551544230971E-04  1.4415276457554449E-08
   304   28.880000      0.0000000000000000E+00  1.9976764469818916E-08  9.3801301224337288E-02  4.7648869140027840E-05  1.9772289748055968E-04  1.3310214016778628E-08
   305   28.975000      0.0000000000000000E+00  2.0175876690890548E-08  9.3018389059311563E-02  5.0033780218820242E-05  2.0945295639391212E-04  1.1965495350113415E-08
   306   29.070000      0.0000000000000000E+00  1.9428715625211714E-08  9.2257883542381444E-02  5.2955196186013775E-05  2.2199663080978117E-04  1.1158964025244794E-08
   307   29.165000      0.0000000000000000E+00  1.7171087428345987E-08  9.1526217479773464E-02  5.6494359764597573E-05  2.3488667862592530E-04  1.1969100886864604E-08
   308   29.260000      0.0000000000000000E+00  1.4864866983654418E-08  9.0828745293079050E-02  6.0715400727630810E-05  2.4766239890965813E-04  1.2907991901930009E-08
   309   29.355000      0.0000000000000000E+00  1.4059750923006834E-08  9.0169336971520284E-02  6.5661533902363313E-05  2.5989568262556952E-04  1.2242219128045474E-08
   310   29.450000      0.0000000000000000E+00  1.4291984915021128E-08  8.9549998378850970E-02  7.1350845128203991E-05  2.7119585071951757E-04  1.0667042311645923E-08
   311   29.545000      0.0000000000000000E+00  1.4842491292846980E-08  8.8970705244871814E-02  7.7764925261009476E-05  2.8120032448476355E-04  9.1412516013741767E-09
   312   29.640000      0.0000000000000000E+00  1.5727467447295831E-08  8.8429520279112647E-02  8.4816629525593122E-05  2.8956775393452686E-04  7.7896538894460037E-09
   313   29.735000      0.0000000000000000E+00  1.7019830005606691E-08  8.7922913396419777E-02  9.2341887243713275E-05  2.9599427751580970E-04  6.6606567758008434E-09
   314   29.830000      0.0000000000000000E+00  1.8616911101900153E-08  8.7446259287615680E-02  1.0013008380788634E-04  3.0024650437973313E-04  5.8547728869976221E-09
   315   29.925000      0.0000000000000000E+00  2.0078204714527105E-08  8.6994516228533214E-02  1.0791123014077187E-04  3.0219133624922675E-04  5.7279202080966981E-09
   316   30.020000      0.0000000000000000E+00  2.0557434285936660E-08  8.6562965698707070E-02  1.1533871653984869E-04  3.0180196428535510E-04  7.0916239014343386E-09
   317   30.115000      0.0000000000000000E+00  1.9864284722646542E-08  8.6147795172404618E-02  1.2203525246965385E-04  2.9916140410982009E-04  1.0113421031609899E-08
   318   30.210000      0.0000000000000000E+00  1.9442820646592635E-08  8.5746482118410031E-02  1.2767113353193135E-04  2.9449412358429792E-04  1.3033958189784641E-08
   319   30.305000      0.0000000000000000E+00  2.0154747570631075E-08  8.5358103521153458E-02  1.3199598045383299E-04  2.8818692973231447E-04  1.4766560291288664E-08
   320   30.400000      0.0000000000000000E+00  2.0876578733592922E-08  8.4983598354698042E-02  1.3485445544193572E-04  2.8077486206002462E-04  1.6621372117500050E-08
   321   30.495000      0.0000000000000000E+00  2.1270946885657281E-08  8.4625876542515854E-02  1.3620709802837798E-04  2.7289627579266476E-04  1.8745918763123575E-08
   322   30.590000      0.0000000000000000E+00  2.2306688323217468E-08  8.4289624184265902E-02  1.3613336407770823E-04  2.6524913074228268E-04  1.9596709694808259E-08
   323   30.685000      0.0000000000000000E+00  2.4008355599633099E-08  8.3980910903834444E-02  1.3484060411084474E-04  2.5857734339967541E-04  1.8878031746222221E-08
   324   30.780000      0.0000000000000000E+00  2.5416552815998545E-08  8.3706853106806089E-02  1.3264763512577275E-04  2.5367131743372836E-04  1.7688900272894982E-08
   325   30.875000      0.0000000000000000E+00  2.6098574205493810E-08  8.3475446057656208E-02  1.2995936326804368E-04  2.5134571913917783E-04  1.6679523068675606E-08
   326   30.970000      0.0000000000000000E+00  2.6362074441998294E-08  8.3295384561126784E-02  1.2722689073465336E-04  2.5237563548124981E-04  1.5587013556869447E-08
   327   31.065000      0.0000000000000000E+00  2.6389679829980808E-08  8.3175532319093345E-02  1.2490347428682349E-04  2.5740463166042761E-04  1.4190058352128492E-08
   328   31.160000      0.0000000000000000E+00  2.6174799362291387E-08  8.3124022709567827E-02  1.2337437568541061E-04  2.6685555829532792E-04  1.2483742936595592E-08
   329   31.255000      0.0000000000000000E+00  2.5562624442890954E-08  8.3147375256853215E-02  1.2290203683830344E-04  2.8086663487739968E-04  1.0783593138818973E-08
   330   31.350000      0.0000000000000000E+00  2.4262125083521332E-08  8.3250075185893377E-02  1.2360156007671901E-04  2.9924666635710364E-04  9.9033065520343816E-09
   331   31.445000      0.0000000000000000E+00  2.3169755091186855E-08  8.3434619550117939E-02  1.2542476509105413E-04  3.2148494493662393E-04  9.3330945165567564E-09
   332   31.540000      0.0000000000000000E+00  2.3586356568737501E-08  8.3701624489192120E-02  1.2816341332109289E-04  3.4682277185568011E-04  7.9163168992139977E-09
   333   31.635000      0.0000000000000000E+00  2.4852445220646950E-08  8.4049791195390050E-02  1.3146966373600509E-04  3.7436079295918422E-04  6.6400290823305449E-09
   334   31.730000      0.0000000000000000E+00  2.5719171009720271E-08  8.4475993678494787E-02  1.3488204251459521E-04  4.0313563680176675E-04  6.8944155227257216E-09
   335   31.825000      0.0000000000000000E+00  2.6586331623309758E-08  8.4975819546028453E-02  1.3786991109788433E-04  4.3213998687811065E-04  7.8097014060816147E-09
   336   31.920000      0.0000000000000000E+00  2.8006329506184198E-08  8.5544419535135238E-02  1.3993112802394909E-04  4.6034824247316163E-04  8.3324796243267189E-09
   337   32.015000      0.0000000000000000E+00  2.9308617657590745E-08  8.6177129876631883E-02  1.4068123394276444E-04  4.8679570527667706E-04  8.9564153055907642E-09
   338   32.110000      0.0000000000000000E+00  2.9736466961211839E-08  8.6869577117130420E-02  1.3991127220277109E-04  5.1068909350275821E-04  1.0352749232078317E-08
   339   32.205000      0.0000000000000000E+00  2.9482088306784101E-08  8.7617538944889134E-02  1.3763377297361249E-04  5.3151221146762514E-04  1.2182385705553446E-08
   340   32.300000      0.0000000000000000E+00  2.9305139044031272E-08  8.8417035800443203E-02  1.3410151397607770E-04  5.4907155474257213E-04  1.3545906761574767E-08
   341   32.395000      0.0000000000000000E+00  2.9501933221664178E-08  8.9264807406402455E-02  1.2977217528830232E-04  5.6348129224646380E-04  1.4054387869390697E-08
   342   32.490000      0.0000000000000000E+00  2.9309808947841363E-08  9.0158831030364706E-02  1.2523666212666448E-04  5.7513378648621190E-04  1.4477547642710446E-08
   343   32.585000      0.0000000000000000E+00  2.7992644826708806E-08  9.1098515600356714E-02  1.2114334363153402E-04  5.8466917743646462E-04  1.5448505127369875E-08
   344   32.680000      0.0000000000000000E+00  2.6114578952227965E-08  9.2084561165800299E-02  1.1812217185148979E-04  5.9291385608055489E-04  1.6179289245483871E-08
   345   32.775000      0.0000000000000000E+00  2.5097645054686485E-08  9.3118739875147058E-02  1.1670573293537548E-04  6.0079009933209141E-04  1.5066315601419709E-08
   346   32.870000      0.0000000000000000E+00  2.4634728707425842E-08  9.4203779558959255E-02  1.1724972381897037E-04  6.0921064813418066E-04  1.2733715739015347E-08
   347   32.965000      0.0000000000000000E+00  2.2565395355024140E-08  9.5343240656918238E-02  1.1988571077565275E-04  6.1898387882522801E-04  1.2287297386582834E-08
   348   33.060000      0.0000000000000000E+00  1.9569522969202126E-08  9.6541283163248781E-02  1.2452685954856112E-04  6.3075414418662008E-04  1.3213435494661986E-08
   349   33.155000      0.0000000000000000E+00  1.8109909335405634E-08  9.7802361740834509E-02  1.3090237870015163E-04  6.4495790082778708E-04  1.2464561041614934E-08
   350   33.250000      0.0000000000000000E+00  1.7154309012138543E-08  9.9131001151679415E-02  1.3861709592318823E-04  6.6180101824511858E-04  1.1297378445137656E-08
   351   33.345000      0.0000000000000000E+00  1.4978292946786566E-08  1.0053171983860948E-01  1.4721972435987531E-04  6.8122464667986192E-04  1.1888516200626307E-08
   352   33.440000      0.0000000000000000E+00  1.2698753294434756E-08  1.0200898822775671E-01  1.5627053704873501E-04  7.0286623253834959E-04  1.3210272563738829E-08
   353   33.535000      0.0000000000000000E+00  1.2242705058247314E-08  1.0356704857774307E-01  1.6538862610559376E-04  7.2604512256879976E-04  1.3418389837898161E-08
   354   33.630000      0.0000000000000000E+00  1.4201107241413264E-08  1.0520939628801761E-01  1.7427725552676178E-04  7.4979661975028468E-04  1.1840597666054929E-08
   355   33.725000      0.0000000000000000E+00  1.7315057591497660E-08  1.0693787413067411E-01  1.8271793075979060E-04  7.7295924298085357E-04  9.6666992804616779E-09
   356   33.820000      0.0000000000000000E+00  2.0140690556818507E-08  1.0875164941218879E-01  1.9055905781188115E-04  7.9430279114794532E-04  8.1619094186075451E-09
   357   33.915000      0.0000000000000000E+00  2.2184015954807848E-08  1.1064651273151523E-01  1.9770264196279077E-04  8.1266281649370578E-04  7.6242801221729528E-09
   358   34.010000      0.0000000000000000E+00  2.3528572445501165E-08  1.1261483814023535E-01  2.0410663477305439E-04  8.2702230656948254E-04  7.8275364468447784E-09
   359   34.105000      0.0000000000000000E+00  2.3979971253514361E-08  1.1464611817120006E-01  2.0980449057857932E-04  8.3653578734951448E-04  8.7896868448228253E-09
   360   34.200000      0.0000000000000000E+00  2.2793180906715523E-08  1.1672762307076348E-01  2.1489364491162835E-04  8.4053445194744798E-04  1.1166376589875607E-08
   361   34.295000      0.0000000000000000E+00  2.0347782412423761E-08  1.1884482698904422E-01  2.1952014498762926E-04  8.3856180139196259E-04  1.4533773028270400E-08
   362   34.390000      0.0000000000000000E+00  1.8798039391390932E-08  1.2098155726246983E-01  2.2385025541156990E-04  8.3040491093908466E-04  1.6643774412444771E-08
   363   34.485000      0.0000000000000000E+00  1.9254809204647678E-08  1.2312014372392124E-01  2.2807144134334877E-04  8.1611583881995410E-04  1.6662886513133441E-08
   364   34.580000      0.0000000000000000E+00  2.0875040575772465E-08  1.2524188270332326E-01  2.3240122797632637E-04  7.9599239180342101E-04  1.5864296758657236E-08
   365   34.675000      0.0000000000000000E+00  2.3122146418522904E-08  1.2732789699628114E-01  2.3709769720206168E-04  7.7053109009742851E-04  1.4704898279412944E-08
   366   34.770000      0.0000000000000000E+00  2.5961412756640657E-08  1.2936024348065062E-01  2.4241368489265206E-04  7.4037341614462127E-04  1.2799795982559213E-08
   367   34.865000      0.0000000000000000E+00  2.8459301314280465E-08  1.3132300072353928E-01  2.4855544398212501E-04  7.0627527733613195E-04  1.0996391137489966E-08
   368   34.960000      0.0000000000000000E+00  2.9716162884130017E-08  1.3320303503459455E-01  2.5565278696874970E-04  6.6911628855000267E-04  1.0295168140584043E-08
   369   35.055000      0.0000000000000000E+00  2.9714040246239661E-08  1.3499027919059264E-01  2.6373866427156605E-04  6.2993083803291716E-04  1.0832969309969995E-08
   370   35.150000      0.0000000000000000E+00  2.9023749719235434E-08  1.3667770705390306E-01  2.7276239521108013E-04  5.8993048852603214E-04  1.2154100641107879E-08
   371   35.245000      0.0000000000000000E+00  2.8767420183358989E-08  1.3826118792201525E-01  2.8261449335465144E-04  5.5047023049757313E-04  1.3036231561276613E-08
   372   35.340000      0.0000000000000000E+00  2.9630150154098536E-08  1.3973921040819845E-01  2.9314010896405382E-04  5.1298095875829954E-04  1.2578333118487863E-08
   373   35.435000      0.0000000000000000E+00  3.0725295201654057E-08  1.4111244332700976E-01  3.0417848835469566E-04  4.7886967037264958E-04  1.1559219961673250E-08
   374   35.530000      0.0000000000000000E+00  3.0826865959584642E-08  1.4238326693935016E-01  3.1557323035642858E-04  4.4939346683372285E-04  1.1124605173622311E-08
   375   35.625000      0.0000000000000000E+00  3.0326218790539052E-08  1.4355548720557773E-01  3.2715632611885951E-04  4.2551316036485418E-04  1.0674685181828543E-08
   376   35.720000      0.0000000000000000E+00  2.9970006486144778E-08  1.4463419290768736E-01  3.3869868040435164E-04  4.0776516740229280E-04  9.4972282171134096E-09
   377   35.815000      0.0000000000000000E+00  2.8765878177089590E-08  1.4562553529430297E-01  3.4988567096871866E-04  3.9620314770267878E-04  9.2274591153020584E-09
   378   35.910000      0.0000000000000000E+00  2.6022452482243949E-08  1.4653633529289778E-01  3.6030556547142039E-04  3.9042008973924234E-04  1.1038207520647061E-08
   379   36.005000      0.0000000000000000E+00  2.3119066047281820E-08  1.4737358839628950E-01  3.6946703347317259E-04  3.8962756533831135E-04  1.3267294478958784E-08
   380   36.100000      0.0000000000000000E+00  2.1134494160286084E-08  1.4814393872487572E-01  3.7684865574379427E-04  3.9275146425969931E-04  1.4537945620537912E-08
   381   36.195000      0.0000000000000000E+00  1.9946681739817625E-08  1.4885319426189478E-01  3.8202489656626688E-04  3.9855161832894840E-04  1.4939388896720029E-08
   382   36.290000      0.0000000000000000E+00  1.9376275115977163E-08  1.4950597936732121E-01  3.8475788703531055E-04  4.0574580442596204E-04  1.4703619620225109E-08
   383   36.385000      0.0000000000000000E+00  1.9407947631970938E-08  1.5010565091918282E-01  3.8507720648982724E-04  4.1310770224527627E-04  1.3957307516947011E-08
   384   36.480000      0.0000000000000000E+00  2.0130033279261624E-08  1.5065450271130856E-01  3.8332997458646526E-04  4.1955368507014024E-04  1.2678619606569727E-08
   385   36.575000      0.0000000000000000E+00  2.1697250019837653E-08  1.5115411096519840E-01  3.8007537990043447E-04  4.2423311979116336E-04  1.0667324576667935E-08
   386   36.670000      0.0000000000000000E+00  2.3568971566112632E-08  1.5160577296250466E-01  3.7595631034751954E-04  4.2664467397905042E-04  8.4187040963836350E-09
   387   36.765000      0.0000000000000000E+00  2.4213649838489645E-08  1.5201101622129504E-01  3.7155586166629135E-04  4.2673669180482278E-04  7.6166629303851031E-09
   388   36.860000      0.0000000000000000E+00  2.3267847046222354E-08  1.5237215833663986E-01  3.6735950967348011E-04  4.2490306067426522E-04  8.6391021198944563E-09
   389   36.955000      0.0000000000000000E+00  2.2281133028085328E-08  1.5269276853779290E-01  3.6374904965986071E-04  4.2191318488635763E-04  9.5626500264862176E-09
   390   37.050000      0.0000000000000000E+00  2.1597057117479909E-08  1.5297788080640853E-01  3.6100072314778747E-04  4.1880617688169947E-04  1.0004030639446723E-08
   391   37.145000      0.0000000000000000E+00  2.0165498892751506E-08  1.5323402618676379E-01  3.5924421610125873E-04  4.1676101711623245E-04  1.1200187316586557E-08
   392   37.240000      0.0000000000000000E+00  1.8145400841592630E-08  1.5346918521221584E-01  3.5845427616002754E-04  4.1696206762205064E-04  1.2877983955626488E-08
   393   37.335000      0.0000000000000000E+00  1.6726804600965209E-08  1.5369260175088839E-01  3.5847969927471472E-04  4.2045067032237644E-04  1.3761116175046458E-08
   394   37.430000      0.0000000000000000E+00  1.6471256363187387E-08  1.5391427125848303E-01  3.5915047276329095E-04  4.2804555466599103E-04  1.3589221412390627E-08
   395   37.525000      0.0000000000000000E+00  1.7084193841847496E-08  1.5414421336056294E-01  3.6033407779076989E-04  4.4032089378698183E-04  1.3110723007129713E-08
   396   37.620000      0.0000000000000000E+00  1.8146037673806078E-08  1.5439186892921297E-01  3.6197164255059736E-04  4.5758692586714885E-04  1.2865795103809253E-08
   397   37.715000      0.0000000000000000E+00  1.9291654594822389E-08  1.5466579037448228E-01  3.6405889187463502E-04  4.7979202899427935E-04  1.3013239485088335E-08
   398   37.810000      0.0000000000000000E+00  2.0464131995670583E-08  1.5497335326188133E-01  3.6655605490094141E-04  5.0646214714051131E-04  1.3391130835980205E-08
   399   37.905000      0.0000000000000000E+00  2.2119967718309779E-08  1.5532020245230868E-01  3.6927983998417220E-04  5.3676756964229422E-04  1.3350945234271849E-08
   400   38.000000      0.0000000000000000E+00  2.3953567623986800E-08  1.5570961062091165E-01  3.7182179343528307E-04  5.6963886908558065E-04  1.3314797145911984E-08
   401   38.095000      0.0000000000000000E+00  2.5424409614393526E-08  1.5614207633239621E-01  3.7349684323201662E-04  6.0386693013547276E-04  1.4020903191550950E-08
   402   38.190000      0.0000000000000000E+00  2.7501230152135485E-08  1.5661515607949317E-01  3.7344775778165725E-04  6.3816123671515696E-04  1.4189928636427084E-08
   403   38.285000      0.0000000000000000E+00  3.0811874207168236E-08  1.5712335574856073E-01  3.7091056934832891E-04  6.7127529329443500E-04  1.2764195050294990E-08
   404   38.380000      0.0000000000000000E+00  3.3896468578682293E-08  1.5765806744919819E-01  3.6550077125295299E-04  7.0220607114506904E-04  1.1150829423095128E-08
   405   38.475000      0.0000000000000000E+00  3.5555967011398678E-08  1.5820769510512017E-01  3.5742899795915045E-04  7.3037870825016712E-04  1.0512675190364175E-08
   406   38.570000      0.0000000000000000E+00  3.6345478179494645E-08  1.5875810066152335E-01  3.4769540818544071E-04  7.5574762717639803E-04  1.0176403366039515E-08
   407   38.665000      0.0000000000000000E+00  3.6975525556742789E-08  1.5929332762361259E-01  3.3784186084405876E-04  7.7881709717934249E-04  9.4754508463431895E-09
   408   38.760000      0.0000000000000000E+00  3.7107920034231829E-08  1.5979643953229819E-01  3.2952043165982976E-04  8.0057574521650860E-04  8.8745298347585949E-09
   409   38.855000      0.0000000000000000E+00  3.6030833728470744E-08  1.6025039105888558E-01  3.2416114046629040E-04  8.2236085235301158E-04  9.1028938433584450E-09
   410   38.950000      0.0000000000000000E+00  3.3879665916391200E-08  1.6063893525806602E-01  3.2296530080896729E-04  8.4564829887028817E-04  1.0002258586780308E-08
   411   39.045000      0.0000000000000000E+00  3.1888697533847830E-08  1.6094744194781196E-01  3.2692559384072431E-04  8.7182592522120977E-04  1.0477164413132206E-08
   412   39.140000      0.0000000000000000E+00  3.1026523909893731E-08  1.6116350942629853E-01  3.3673064922689830E-04  9.0201752921828656E-04  9.9409409206425921E-09
   413   39.235000      0.0000000000000000E+00  3.0679594163978091E-08  1.6127735583391384E-01  3.5276719749076119E-04  9.3697485920450423E-04  9.3908234467722919E-09
   414   39.330000      0.0000000000000000E+00  2.9493641847611306E-08  1.6128211976050874E-01  3.7516907477345854E-04  9.7697725925259440E-04  1.0276798694349220E-08
   415   39.425000      0.0000000000000000E+00  2.7913404143428433E-08  1.6117415364965884E-01  4.0386640151925655E-04  1.0217604319503338E-03  1.1889479877237726E-08
   416   39.520000      0.0000000000000000E+00  2.7945484602287884E-08  1.6095314827251650E-01  4.3847574717964879E-04  1.0704512181728227E-03  1.1804879215262043E-08
   417   39.615000      0.0000000000000000E+00  2.8822444127549084E-08  1.6062197290587196E-01  4.7824612246513931E-04  1.1216085697634288E-03  1.1232193805958923E-08
   418   39.710000      0.0000000000000000E+00  2.8425820395923424E-08  1.6018640209035137E-01  5.2216306719452151E-04  1.1733097058708810E-03  1.2891895645134775E-08
   419   39.805000      0.0000000000000000E+00  2.8009683748624725E-08  1.5965481087945707E-01  5.6894657142136592E-04  1.2233118060866720E-03  1.4748401404563004E-08
   420   39.900000      0.0000000000000000E+00  2.8931764941589281E-08  1.5903761156622884E-01  6.1699559972206895E-04  1.2692672152926233E-03  1.4480635340635246E-08
   421   39.995000      0.0000000000000000E+00  2.9717535608833501E-08  1.5834633581125290E-01  6.6450835760066551E-04  1.3090233694632056E-03  1.3483853462080563E-08
   422   40.090000      0.0000000000000000E+00  2.9038210978925155E-08  1.5759278325494303E-01  7.0968235671838454E-04  1.3409121370760923E-03  1.3266473692542972E-08
