! Kinetic energy for species "positrons-up"
  Iter        Time          Total Par.             Kin. Energy
     0   0.0000000              76800  2.8285344860887063E-01
     1  0.95000000E-01          76800  2.8285343213081682E-01
     2  0.19000000              76800  2.8285338348195355E-01
     3  0.28500000              76800  2.8285330454219981E-01
     4  0.38000000              76800  2.8285319748919058E-01
     5  0.47500000              76800  2.8285306446326852E-01
     6  0.57000000              76800  2.8285290769677884E-01
     7  0.66500000              76800  2.8285272979051623E-01
     8  0.76000000              76800  2.8285253388133164E-01
     9  0.85500000              76800  2.8285232355284218E-01
    10  0.95000000              76800  2.8285210249954446E-01
    11   1.0450000              76800  2.8285187420420593E-01
    12   1.1400000              76800  2.8285164190581169E-01
    13   1.2350000              76800  2.8285140887852805E-01
    14   1.3300000              76800  2.8285117878076782E-01
    15   1.4250000              76800  2.8285095564176660E-01
    16   1.5200000              76800  2.8285074325984294E-01
    17   1.6150000              76800  2.8285054457789605E-01
    18   1.7100000              76800  2.8285036188394796E-01
    19   1.8050000              76800  2.8285019757090235E-01
    20   1.9000000              76800  2.8285005422277520E-01
    21   1.9950000              76800  2.8284993389037349E-01
    22   2.0900000              76800  2.8284983795592217E-01
    23   2.1850000              76800  2.8284976795811767E-01
    24   2.2800000              76800  2.8284972574371037E-01
    25   2.3750000              76800  2.8284971230823447E-01
    26   2.4700000              76800  2.8284972719055679E-01
    27   2.5650000              76800  2.8284976950808594E-01
    28   2.6600000              76800  2.8284983881916287E-01
    29   2.7550000              76800  2.8284993435922678E-01
    30   2.8500000              76800  2.8285005432823596E-01
    31   2.9450000              76800  2.8285019689400576E-01
    32   3.0400000              76800  2.8285036113528284E-01
    33   3.1350000              76800  2.8285054584989577E-01
    34   3.2300000              76800  2.8285074789584430E-01
    35   3.3250000              76800  2.8285096256814773E-01
    36   3.4200000              76800  2.8285118512802271E-01
    37   3.5150000              76800  2.8285141135934072E-01
    38   3.6100000              76800  2.8285163735019631E-01
    39   3.7050000              76800  2.8285185964525467E-01
    40   3.8000000              76800  2.8285207547383329E-01
    41   3.8950000              76800  2.8285228247587907E-01
    42   3.9900000              76800  2.8285247833713556E-01
    43   4.0850000              76800  2.8285266040630846E-01
    44   4.1800000              76800  2.8285282489104807E-01
    45   4.2750000              76800  2.8285296658805004E-01
    46   4.3700000              76800  2.8285308043052326E-01
    47   4.4650000              76800  2.8285316360831680E-01
    48   4.5600000              76800  2.8285321593777152E-01
    49   4.6550000              76800  2.8285323872955326E-01
    50   4.7500000              76800  2.8285323396959544E-01
    51   4.8450000              76800  2.8285320365677652E-01
    52   4.9400000              76800  2.8285314807275602E-01
    53   5.0350000              76800  2.8285306448277187E-01
    54   5.1300000              76800  2.8285294923154902E-01
    55   5.2250000              76800  2.8285280205200447E-01
    56   5.3200000              76800  2.8285262769614317E-01
    57   5.4150000              76800  2.8285243336617227E-01
    58   5.5100000              76800  2.8285222532025001E-01
    59   5.6050000              76800  2.8285200721254056E-01
    60   5.7000000              76800  2.8285177990033528E-01
    61   5.7950000              76800  2.8285154253040423E-01
    62   5.8900000              76800  2.8285129490518096E-01
    63   5.9850000              76800  2.8285103947638712E-01
    64   6.0800000              76800  2.8285078125618096E-01
    65   6.1750000              76800  2.8285052645020159E-01
    66   6.2700000              76800  2.8285028176975663E-01
    67   6.3650000              76800  2.8285005432314952E-01
    68   6.4600000              76800  2.8284985010836949E-01
    69   6.5550000              76800  2.8284967093366126E-01
    70   6.6500000              76800  2.8284951313460194E-01
    71   6.7450000              76800  2.8284937098731039E-01
    72   6.8400000              76800  2.8284924233467279E-01
    73   6.9350000              76800  2.8284913087656816E-01
    74   7.0300000              76800  2.8284904343100398E-01
    75   7.1250000              76800  2.8284898560276206E-01
    76   7.2200000              76800  2.8284895942794475E-01
    77   7.3150000              76800  2.8284896333083070E-01
    78   7.4100000              76800  2.8284899305006833E-01
    79   7.5050000              76800  2.8284904319471421E-01
    80   7.6000000              76800  2.8284910941516717E-01
    81   7.6950000              76800  2.8284918971419315E-01
    82   7.7900000              76800  2.8284928381989238E-01
    83   7.8850000              76800  2.8284939184569513E-01
    84   7.9800000              76800  2.8284951325645252E-01
    85   8.0750000              76800  2.8284964542096391E-01
    86   8.1700000              76800  2.8284978210316314E-01
    87   8.2650000              76800  2.8284991423628092E-01
    88   8.3600000              76800  2.8285003374009771E-01
    89   8.4550000              76800  2.8285013727610397E-01
    90   8.5500000              76800  2.8285022605571886E-01
    91   8.6450000              76800  2.8285030199127120E-01
    92   8.7400000              76800  2.8285036411683440E-01
    93   8.8350000              76800  2.8285040721739374E-01
    94   8.9300000              76800  2.8285042187087234E-01
    95   9.0250000              76800  2.8285039668408668E-01
    96   9.1200000              76800  2.8285032332735971E-01
    97   9.2150000              76800  2.8285020018096152E-01
    98   9.3100000              76800  2.8285003042983281E-01
    99   9.4050000              76800  2.8284981750216581E-01
   100   9.5000000              76800  2.8284956345912893E-01
   101   9.5950000              76800  2.8284927049552699E-01
   102   9.6900000              76800  2.8284894135991800E-01
   103   9.7850000              76800  2.8284857679185310E-01
   104   9.8800000              76800  2.8284817268724943E-01
   105   9.9750000              76800  2.8284772074012954E-01
   106   10.070000              76800  2.8284721303517796E-01
   107   10.165000              76800  2.8284664737334381E-01
   108   10.260000              76800  2.8284602933461511E-01
   109   10.355000              76800  2.8284536920426728E-01
   110   10.450000              76800  2.8284467572274696E-01
   111   10.545000              76800  2.8284395191618539E-01
   112   10.640000              76800  2.8284319659699486E-01
   113   10.735000              76800  2.8284240866253318E-01
   114   10.830000              76800  2.8284158872286824E-01
   115   10.925000              76800  2.8284073775632912E-01
   116   11.020000              76800  2.8283985647397952E-01
   117   11.115000              76800  2.8283894585435876E-01
   118   11.210000              76800  2.8283800614285137E-01
   119   11.305000              76800  2.8283703449319775E-01
   120   11.400000              76800  2.8283602480847270E-01
   121   11.495000              76800  2.8283497108161454E-01
   122   11.590000              76800  2.8283387080708455E-01
   123   11.685000              76800  2.8283272469518800E-01
   124   11.780000              76800  2.8283153336104910E-01
   125   11.875000              76800  2.8283029455327685E-01
   126   11.970000              76800  2.8282900269162708E-01
   127   12.065000              76800  2.8282764964427842E-01
   128   12.160000              76800  2.8282622492131337E-01
   129   12.255000              76800  2.8282471512372176E-01
   130   12.350000              76800  2.8282310539012534E-01
   131   12.445000              76800  2.8282138444996713E-01
   132   12.540000              76800  2.8281954797576675E-01
   133   12.635000              76800  2.8281759342065571E-01
   134   12.730000              76800  2.8281551041047936E-01
   135   12.825000              76800  2.8281327905734893E-01
   136   12.920000              76800  2.8281087953511364E-01
   137   13.015000              76800  2.8280830169368631E-01
   138   13.110000              76800  2.8280554393350876E-01
   139   13.205000              76800  2.8280260351613662E-01
   140   13.300000              76800  2.8279946747802798E-01
   141   13.395000              76800  2.8279610982298642E-01
   142   13.490000              76800  2.8279249606051754E-01
   143   13.585000              76800  2.8278859227326725E-01
   144   13.680000              76800  2.8278437087385588E-01
   145   13.775000              76800  2.8277980720360352E-01
   146   13.870000              76800  2.8277487314771554E-01
   147   13.965000              76800  2.8276953951647238E-01
   148   14.060000              76800  2.8276378643165462E-01
   149   14.155000              76800  2.8275760764661262E-01
   150   14.250000              76800  2.8275100180084201E-01
   151   14.345000              76800  2.8274396017583880E-01
   152   14.440000              76800  2.8273646142350706E-01
   153   14.535000              76800  2.8272847200120321E-01
   154   14.630000              76800  2.8271994823231228E-01
   155   14.725000              76800  2.8271084146407427E-01
   156   14.820000              76800  2.8270110594308129E-01
   157   14.915000              76800  2.8269070277300140E-01
   158   15.010000              76800  2.8267959608905718E-01
   159   15.105000              76800  2.8266774611191609E-01
   160   15.200000              76800  2.8265510588344656E-01
   161   15.295000              76800  2.8264162365646134E-01
   162   15.390000              76800  2.8262724797161842E-01
   163   15.485000              76800  2.8261193031309073E-01
   164   15.580000              76800  2.8259562184307241E-01
   165   15.675000              76800  2.8257826652104090E-01
   166   15.770000              76800  2.8255979689403499E-01
   167   15.865000              76800  2.8254013393910354E-01
   168   15.960000              76800  2.8251918615917260E-01
   169   16.055000              76800  2.8249684908670519E-01
   170   16.150000              76800  2.8247301580724293E-01
   171   16.245000              76800  2.8244760019567960E-01
   172   16.340000              76800  2.8242055282961420E-01
   173   16.435000              76800  2.8239184709006737E-01
   174   16.530000              76800  2.8236143914099338E-01
   175   16.625000              76800  2.8232923064120863E-01
   176   16.720000              76800  2.8229506035517882E-01
   177   16.815000              76800  2.8225872706373012E-01
   178   16.910000              76800  2.8222002525100842E-01
   179   17.005000              76800  2.8217877199624064E-01
   180   17.100000              76800  2.8213481612223223E-01
   181   17.195000              76800  2.8208803435890217E-01
   182   17.290000              76800  2.8203832146549912E-01
   183   17.385000              76800  2.8198557540109859E-01
   184   17.480000              76800  2.8192967901638566E-01
   185   17.575000              76800  2.8187048755409538E-01
   186   17.670000              76800  2.8180782861857862E-01
   187   17.765000              76800  2.8174150536983655E-01
   188   17.860000              76800  2.8167129113426542E-01
   189   17.955000              76800  2.8159692426173827E-01
   190   18.050000              76800  2.8151812335423149E-01
   191   18.145000              76800  2.8143462328248037E-01
   192   18.240000              76800  2.8134620756351969E-01
   193   18.335000              76800  2.8125271176582184E-01
   194   18.430000              76800  2.8115399277721825E-01
   195   18.525000              76800  2.8104988585025309E-01
   196   18.620000              76800  2.8094018683853217E-01
   197   18.715000              76800  2.8082467512274645E-01
   198   18.810000              76800  2.8070314713755279E-01
   199   18.905000              76800  2.8057542058350571E-01
   200   19.000000              76800  2.8044131022636243E-01
   201   19.095000              76800  2.8030060476617746E-01
   202   19.190000              76800  2.8015305742403701E-01
   203   19.285000              76800  2.7999838689108053E-01
   204   19.380000              76800  2.7983630190262432E-01
   205   19.475000              76800  2.7966656634588866E-01
   206   19.570000              76800  2.7948907402973555E-01
   207   19.665000              76800  2.7930386036883942E-01
   208   19.760000              76800  2.7911102757994838E-01
   209   19.855000              76800  2.7891064779469255E-01
   210   19.950000              76800  2.7870271068531910E-01
   211   20.045000              76800  2.7848711041928664E-01
   212   20.140000              76800  2.7826364763433598E-01
   213   20.235000              76800  2.7803207582394029E-01
   214   20.330000              76800  2.7779221423206524E-01
   215   20.425000              76800  2.7754404718070824E-01
   216   20.520000              76800  2.7728769702550082E-01
   217   20.615000              76800  2.7702328998610726E-01
   218   20.710000              76800  2.7675086981121721E-01
   219   20.805000              76800  2.7647045253857061E-01
   220   20.900000              76800  2.7618212960324418E-01
   221   20.995000              76800  2.7588608114631957E-01
   222   21.090000              76800  2.7558250168889398E-01
   223   21.185000              76800  2.7527153830282891E-01
   224   21.280000              76800  2.7495325636536266E-01
   225   21.375000              76800  2.7462757775468966E-01
   226   21.470000              76800  2.7429423346848103E-01
   227   21.565000              76800  2.7395285166504252E-01
   228   21.660000              76800  2.7360318178720455E-01
   229   21.755000              76800  2.7324524115019710E-01
   230   21.850000              76800  2.7287920396171406E-01
   231   21.945000              76800  2.7250514034697249E-01
   232   22.040000              76800  2.7212287132138246E-01
   233   22.135000              76800  2.7173202468125640E-01
   234   22.230000              76800  2.7133214480659490E-01
   235   22.325000              76800  2.7092275091189066E-01
   236   22.420000              76800  2.7050337644569833E-01
   237   22.515000              76800  2.7007360725973872E-01
   238   22.610000              76800  2.6963306823699817E-01
   239   22.705000              76800  2.6918136604478943E-01
   240   22.800000              76800  2.6871807574884810E-01
   241   22.895000              76800  2.6824283298836293E-01
   242   22.990000              76800  2.6775545520665583E-01
   243   23.085000              76800  2.6725594988597645E-01
   244   23.180000              76800  2.6674439267730488E-01
   245   23.275000              76800  2.6622080776547968E-01
   246   23.370000              76800  2.6568512315777315E-01
   247   23.465000              76800  2.6513716638206830E-01
   248   23.560000              76800  2.6457672611945149E-01
   249   23.655000              76800  2.6400375906957274E-01
   250   23.750000              76800  2.6341866074603792E-01
   251   23.845000              76800  2.6282236891563221E-01
   252   23.940000              76800  2.6221624218539147E-01
   253   24.035000              76800  2.6160192591184667E-01
   254   24.130000              76800  2.6098139697777206E-01
   255   24.225000              76800  2.6035705688776356E-01
   256   24.320000              76800  2.5973165227785799E-01
   257   24.415000              76800  2.5910809960882453E-01
   258   24.510000              76800  2.5848945311186622E-01
   259   24.605000              76800  2.5787901920025502E-01
   260   24.700000              76800  2.5728041866980950E-01
   261   24.795000              76800  2.5669754195294464E-01
   262   24.890000              76800  2.5613450123908332E-01
   263   24.985000              76800  2.5559561619411153E-01
   264   25.080000              76800  2.5508533099373476E-01
   265   25.175000              76800  2.5460802321464965E-01
   266   25.270000              76800  2.5416783345882299E-01
   267   25.365000              76800  2.5376862480925444E-01
   268   25.460000              76800  2.5341402470600194E-01
   269   25.555000              76800  2.5310743281559911E-01
   270   25.650000              76800  2.5285194500020569E-01
   271   25.745000              76800  2.5265021459231168E-01
   272   25.840000              76800  2.5250430966349219E-01
   273   25.935000              76800  2.5241565138591937E-01
   274   26.030000              76800  2.5238508495880507E-01
   275   26.125000              76800  2.5241305720795937E-01
   276   26.220000              76800  2.5249978392289335E-01
   277   26.315000              76800  2.5264527404990966E-01
   278   26.410000              76800  2.5284920866489080E-01
   279   26.505000              76800  2.5311076980901626E-01
   280   26.600000              76800  2.5342850516014659E-01
   281   26.695000              76800  2.5380025695115793E-01
   282   26.790000              76800  2.5422312737619812E-01
   283   26.885000              76800  2.5469349690297216E-01
   284   26.980000              76800  2.5520716271352201E-01
   285   27.075000              76800  2.5575952629386389E-01
   286   27.170000              76800  2.5634567426972732E-01
   287   27.265000              76800  2.5696034008253399E-01
   288   27.360000              76800  2.5759787206003942E-01
   289   27.455000              76800  2.5825225841037436E-01
   290   27.550000              76800  2.5891714484779921E-01
   291   27.645000              76800  2.5958587258566884E-01
   292   27.740000              76800  2.6025160845122730E-01
   293   27.835000              76800  2.6090750679254804E-01
   294   27.930000              76800  2.6154682949558083E-01
   295   28.025000              76800  2.6216303726061363E-01
   296   28.120000              76800  2.6274988059524773E-01
   297   28.215000              76800  2.6330145354863027E-01
   298   28.310000              76800  2.6381220800638727E-01
   299   28.405000              76800  2.6427704471004043E-01
   300   28.500000              76800  2.6469150429186161E-01
   301   28.595000              76800  2.6505191471222811E-01
   302   28.690000              76800  2.6535537799422176E-01
   303   28.785000              76800  2.6559970269304078E-01
   304   28.880000              76800  2.6578346601016178E-01
   305   28.975000              76800  2.6590615809048734E-01
   306   29.070000              76800  2.6596824084549303E-01
   307   29.165000              76800  2.6597109916874501E-01
   308   29.260000              76800  2.6591704357493195E-01
   309   29.355000              76800  2.6580944878640866E-01
   310   29.450000              76800  2.6565289158598437E-01
   311   29.545000              76800  2.6545314283957666E-01
   312   29.640000              76800  2.6521707435373043E-01
   313   29.735000              76800  2.6495259535723636E-01
   314   29.830000              76800  2.6466851077704362E-01
   315   29.925000              76800  2.6437417059707269E-01
   316   30.020000              76800  2.6407902973658109E-01
   317   30.115000              76800  2.6379231886824467E-01
   318   30.210000              76800  2.6352276787824036E-01
   319   30.305000              76800  2.6327821024227671E-01
   320   30.400000              76800  2.6306515448228263E-01
   321   30.495000              76800  2.6288855001516542E-01
   322   30.590000              76800  2.6275177571092895E-01
   323   30.685000              76800  2.6265668369618245E-01
   324   30.780000              76800  2.6260361394671811E-01
   325   30.875000              76800  2.6259141827445920E-01
   326   30.970000              76800  2.6261759111203020E-01
   327   31.065000              76800  2.6267858913171699E-01
   328   31.160000              76800  2.6277029005798547E-01
   329   31.255000              76800  2.6288842130085355E-01
   330   31.350000              76800  2.6302875159698075E-01
   331   31.445000              76800  2.6318699721175021E-01
   332   31.540000              76800  2.6335866680229686E-01
   333   31.635000              76800  2.6353910167273370E-01
   334   31.730000              76800  2.6372364841249779E-01
   335   31.825000              76800  2.6390761462891765E-01
   336   31.920000              76800  2.6408595781572081E-01
   337   32.015000              76800  2.6425307821474353E-01
   338   32.110000              76800  2.6440294113023888E-01
   339   32.205000              76800  2.6452931877187175E-01
   340   32.300000              76800  2.6462585906350533E-01
   341   32.395000              76800  2.6468598036032409E-01
   342   32.490000              76800  2.6470283036214831E-01
   343   32.585000              76800  2.6466947890730658E-01
   344   32.680000              76800  2.6457924910536401E-01
   345   32.775000              76800  2.6442594974894651E-01
   346   32.870000              76800  2.6420393544954984E-01
   347   32.965000              76800  2.6390814355829739E-01
   348   33.060000              76800  2.6353420046854953E-01
   349   33.155000              76800  2.6307856882578690E-01
   350   33.250000              76800  2.6253869654340650E-01
   351   33.345000              76800  2.6191318720018003E-01
   352   33.440000              76800  2.6120196920425409E-01
   353   33.535000              76800  2.6040638835718194E-01
   354   33.630000              76800  2.5952924701805785E-01
   355   33.725000              76800  2.5857490597209098E-01
   356   33.820000              76800  2.5754945679232150E-01
   357   33.915000              76800  2.5646084567523164E-01
   358   34.010000              76800  2.5531882354544239E-01
   359   34.105000              76800  2.5413469900138802E-01
   360   34.200000              76800  2.5292096238910433E-01
   361   34.295000              76800  2.5169082533206555E-01
   362   34.390000              76800  2.5045775248227409E-01
   363   34.485000              76800  2.4923509585629919E-01
   364   34.580000              76800  2.4803585782986884E-01
   365   34.675000              76800  2.4687247897597653E-01
   366   34.770000              76800  2.4575657839245668E-01
   367   34.865000              76800  2.4469867644978416E-01
   368   34.960000              76800  2.4370797019476342E-01
   369   35.055000              76800  2.4279219535030694E-01
   370   35.150000              76800  2.4195751574126453E-01
   371   35.245000              76800  2.4120843773424777E-01
   372   35.340000              76800  2.4054786970593778E-01
   373   35.435000              76800  2.3997737968903105E-01
   374   35.530000              76800  2.3949744103971016E-01
   375   35.625000              76800  2.3910744391341257E-01
   376   35.720000              76800  2.3880557259278451E-01
   377   35.815000              76800  2.3858882054026942E-01
   378   35.910000              76800  2.3845318404616128E-01
   379   36.005000              76800  2.3839378366446995E-01
   380   36.100000              76800  2.3840483443002336E-01
   381   36.195000              76800  2.3847968563874872E-01
   382   36.290000              76800  2.3861107420508454E-01
   383   36.385000              76800  2.3879143074881420E-01
   384   36.480000              76800  2.3901300423304223E-01
   385   36.575000              76800  2.3926788478482977E-01
   386   36.670000              76800  2.3954815269357194E-01
   387   36.765000              76800  2.3984613409086669E-01
   388   36.860000              76800  2.4015446741411908E-01
   389   36.955000              76800  2.4046593348262954E-01
   390   37.050000              76800  2.4077331864119175E-01
   391   37.145000              76800  2.4106944807461553E-01
   392   37.240000              76800  2.4134730111268016E-01
   393   37.335000              76800  2.4160015915036617E-01
   394   37.430000              76800  2.4182190650827828E-01
   395   37.525000              76800  2.4200750602583737E-01
   396   37.620000              76800  2.4215339041269038E-01
   397   37.715000              76800  2.4225742507821335E-01
   398   37.810000              76800  2.4231856013948189E-01
   399   37.905000              76800  2.4233652704187653E-01
   400   38.000000              76800  2.4231147768432243E-01
   401   38.095000              76800  2.4224333344901183E-01
   402   38.190000              76800  2.4213116924512315E-01
   403   38.285000              76800  2.4197308479910909E-01
   404   38.380000              76800  2.4176650288136986E-01
   405   38.475000              76800  2.4150866858595552E-01
   406   38.570000              76800  2.4119736718834711E-01
   407   38.665000              76800  2.4083180069309940E-01
   408   38.760000              76800  2.4041326074017891E-01
   409   38.855000              76800  2.3994535358587732E-01
   410   38.950000              76800  2.3943395349605059E-01
   411   39.045000              76800  2.3888710630764107E-01
   412   39.140000              76800  2.3831485999480817E-01
   413   39.235000              76800  2.3772894009643486E-01
   414   39.330000              76800  2.3714226502330726E-01
   415   39.425000              76800  2.3656844166060939E-01
   416   39.520000              76800  2.3602141574136240E-01
   417   39.615000              76800  2.3551522107266629E-01
   418   39.710000              76800  2.3506363522694912E-01
   419   39.805000              76800  2.3467974949160081E-01
   420   39.900000              76800  2.3437565873985389E-01
   421   39.995000              76800  2.3416230724232803E-01
   422   40.090000              76800  2.3404926605699075E-01
