! Kinetic energy for species "electrons-down"
  Iter        Time          Total Par.             Kin. Energy
     0   0.0000000              76800  2.8268887995123104E-01
     1  0.95000000E-01          76800  2.8268886345931382E-01
     2  0.19000000              76800  2.8268881503036686E-01
     3  0.28500000              76800  2.8268873708093595E-01
     4  0.38000000              76800  2.8268863205815209E-01
     5  0.47500000              76800  2.8268850190048811E-01
     6  0.57000000              76800  2.8268834850385838E-01
     7  0.66500000              76800  2.8268817421180070E-01
     8  0.76000000              76800  2.8268798176339649E-01
     9  0.85500000              76800  2.8268777414781909E-01
    10  0.95000000              76800  2.8268755481444663E-01
    11   1.0450000              76800  2.8268732785939943E-01
    12   1.1400000              76800  2.8268709762923916E-01
    13   1.2350000              76800  2.8268686810016874E-01
    14   1.3300000              76800  2.8268664283960487E-01
    15   1.4250000              76800  2.8268642532214350E-01
    16   1.5200000              76800  2.8268621867072541E-01
    17   1.6150000              76800  2.8268602504218993E-01
    18   1.7100000              76800  2.8268584591774820E-01
    19   1.8050000              76800  2.8268568341880185E-01
    20   1.9000000              76800  2.8268554105420085E-01
    21   1.9950000              76800  2.8268542276314268E-01
    22   2.0900000              76800  2.8268533123325945E-01
    23   2.1850000              76800  2.8268526724540810E-01
    24   2.2800000              76800  2.8268523037350812E-01
    25   2.3750000              76800  2.8268522000806334E-01
    26   2.4700000              76800  2.8268523583229904E-01
    27   2.5650000              76800  2.8268527772476681E-01
    28   2.6600000              76800  2.8268534562514991E-01
    29   2.7550000              76800  2.8268543962657350E-01
    30   2.8500000              76800  2.8268555968586023E-01
    31   2.9450000              76800  2.8268570460967918E-01
    32   3.0400000              76800  2.8268587141229318E-01
    33   3.1350000              76800  2.8268605602363178E-01
    34   3.2300000              76800  2.8268625449243279E-01
    35   3.3250000              76800  2.8268646340362014E-01
    36   3.4200000              76800  2.8268667963302119E-01
    37   3.5150000              76800  2.8268690017619386E-01
    38   3.6100000              76800  2.8268712208032254E-01
    39   3.7050000              76800  2.8268734216223967E-01
    40   3.8000000              76800  2.8268755676883062E-01
    41   3.8950000              76800  2.8268776223336700E-01
    42   3.9900000              76800  2.8268795574421346E-01
    43   4.0850000              76800  2.8268813515911545E-01
    44   4.1800000              76800  2.8268829751345348E-01
    45   4.2750000              76800  2.8268843849886754E-01
    46   4.3700000              76800  2.8268855431396039E-01
    47   4.4650000              76800  2.8268864332318150E-01
    48   4.5600000              76800  2.8268870469906110E-01
    49   4.6550000              76800  2.8268873616501933E-01
    50   4.7500000              76800  2.8268873489460378E-01
    51   4.8450000              76800  2.8268870053520395E-01
    52   4.9400000              76800  2.8268863559212365E-01
    53   5.0350000              76800  2.8268854263873766E-01
    54   5.1300000              76800  2.8268842283890838E-01
    55   5.2250000              76800  2.8268827764170118E-01
    56   5.3200000              76800  2.8268811024448637E-01
    57   5.4150000              76800  2.8268792428584227E-01
    58   5.5100000              76800  2.8268772171073520E-01
    59   5.6050000              76800  2.8268750262028586E-01
    60   5.7000000              76800  2.8268726731514204E-01
    61   5.7950000              76800  2.8268701855844036E-01
    62   5.8900000              76800  2.8268676180053437E-01
    63   5.9850000              76800  2.8268650310946963E-01
    64   6.0800000              76800  2.8268624721599472E-01
    65   6.1750000              76800  2.8268599770931724E-01
    66   6.2700000              76800  2.8268575844497568E-01
    67   6.3650000              76800  2.8268553401371088E-01
    68   6.4600000              76800  2.8268532857613082E-01
    69   6.5550000              76800  2.8268514405933753E-01
    70   6.6500000              76800  2.8268497950273996E-01
    71   6.7450000              76800  2.8268483267654448E-01
    72   6.8400000              76800  2.8268470278234503E-01
    73   6.9350000              76800  2.8268459164532850E-01
    74   7.0300000              76800  2.8268450249819088E-01
    75   7.1250000              76800  2.8268443793473141E-01
    76   7.2200000              76800  2.8268439898489994E-01
    77   7.3150000              76800  2.8268438577184807E-01
    78   7.4100000              76800  2.8268439854076383E-01
    79   7.5050000              76800  2.8268443751789263E-01
    80   7.6000000              76800  2.8268450140035822E-01
    81   7.6950000              76800  2.8268458600088997E-01
    82   7.7900000              76800  2.8268468491988546E-01
    83   7.8850000              76800  2.8268479228478582E-01
    84   7.9800000              76800  2.8268490508055277E-01
    85   8.0750000              76800  2.8268502260057504E-01
    86   8.1700000              76800  2.8268514371153763E-01
    87   8.2650000              76800  2.8268526517210435E-01
    88   8.3600000              76800  2.8268538269657617E-01
    89   8.4550000              76800  2.8268549259390979E-01
    90   8.5500000              76800  2.8268559118608766E-01
    91   8.6450000              76800  2.8268567330492422E-01
    92   8.7400000              76800  2.8268573315361589E-01
    93   8.8350000              76800  2.8268576632805886E-01
    94   8.9300000              76800  2.8268576901367043E-01
    95   9.0250000              76800  2.8268573565204819E-01
    96   9.1200000              76800  2.8268566008767576E-01
    97   9.2150000              76800  2.8268553948262209E-01
    98   9.3100000              76800  2.8268537517220405E-01
    99   9.4050000              76800  2.8268516940935190E-01
   100   9.5000000              76800  2.8268492314834798E-01
   101   9.5950000              76800  2.8268463738812172E-01
   102   9.6900000              76800  2.8268431429152940E-01
   103   9.7850000              76800  2.8268395479565783E-01
   104   9.8800000              76800  2.8268355528076300E-01
   105   9.9750000              76800  2.8268310753614567E-01
   106   10.070000              76800  2.8268260238026333E-01
   107   10.165000              76800  2.8268203445685353E-01
   108   10.260000              76800  2.8268140563647415E-01
   109   10.355000              76800  2.8268072461436533E-01
   110   10.450000              76800  2.8268000218025180E-01
   111   10.545000              76800  2.8267924582669918E-01
   112   10.640000              76800  2.8267845815268838E-01
   113   10.735000              76800  2.8267763877646745E-01
   114   10.830000              76800  2.8267678627923892E-01
   115   10.925000              76800  2.8267589884537347E-01
   116   11.020000              76800  2.8267497446109685E-01
   117   11.115000              76800  2.8267401118526414E-01
   118   11.210000              76800  2.8267300796715134E-01
   119   11.305000              76800  2.8267196587697574E-01
   120   11.400000              76800  2.8267088744509838E-01
   121   11.495000              76800  2.8266977314101843E-01
   122   11.590000              76800  2.8266861891650374E-01
   123   11.685000              76800  2.8266741850363697E-01
   124   11.780000              76800  2.8266616763975105E-01
   125   11.875000              76800  2.8266486457018686E-01
   126   11.970000              76800  2.8266350645222249E-01
   127   12.065000              76800  2.8266208672981624E-01
   128   12.160000              76800  2.8266059634949570E-01
   129   12.255000              76800  2.8265902590223208E-01
   130   12.350000              76800  2.8265736572719430E-01
   131   12.445000              76800  2.8265560553405089E-01
   132   12.540000              76800  2.8265373528917298E-01
   133   12.635000              76800  2.8265174532423892E-01
   134   12.730000              76800  2.8264962397168530E-01
   135   12.825000              76800  2.8264735570209754E-01
   136   12.920000              76800  2.8264492403110175E-01
   137   13.015000              76800  2.8264231795338446E-01
   138   13.110000              76800  2.8263953438806805E-01
   139   13.205000              76800  2.8263657121242353E-01
   140   13.300000              76800  2.8263341577454448E-01
   141   13.395000              76800  2.8263004011906079E-01
   142   13.490000              76800  2.8262640752614343E-01
   143   13.585000              76800  2.8262248293199571E-01
   144   13.680000              76800  2.8261823716831619E-01
   145   13.775000              76800  2.8261364389919669E-01
   146   13.870000              76800  2.8260867618967123E-01
   147   13.965000              76800  2.8260330768776903E-01
   148   14.060000              76800  2.8259751645827241E-01
   149   14.155000              76800  2.8259128694541297E-01
   150   14.250000              76800  2.8258460821630027E-01
   151   14.345000              76800  2.8257746911640880E-01
   152   14.440000              76800  2.8256985160566028E-01
   153   14.535000              76800  2.8256172535182933E-01
   154   14.630000              76800  2.8255304841771028E-01
   155   14.725000              76800  2.8254377468173986E-01
   156   14.820000              76800  2.8253386099366679E-01
   157   14.915000              76800  2.8252326715229742E-01
   158   15.010000              76800  2.8251195064871437E-01
   159   15.105000              76800  2.8249986373047825E-01
   160   15.200000              76800  2.8248695623352194E-01
   161   15.295000              76800  2.8247318017712864E-01
   162   15.390000              76800  2.8245849030087283E-01
   163   15.485000              76800  2.8244284022805499E-01
   164   15.580000              76800  2.8242617914172280E-01
   165   15.675000              76800  2.8240845110651430E-01
   166   15.770000              76800  2.8238959301186106E-01
   167   15.865000              76800  2.8236952816947986E-01
   168   15.960000              76800  2.8234816066958995E-01
   169   16.055000              76800  2.8232537983777994E-01
   170   16.150000              76800  2.8230107819075501E-01
   171   16.245000              76800  2.8227517441007877E-01
   172   16.340000              76800  2.8224762383595065E-01
   173   16.435000              76800  2.8221840201246856E-01
   174   16.530000              76800  2.8218746529108057E-01
   175   16.625000              76800  2.8215471352051569E-01
   176   16.720000              76800  2.8211998177215936E-01
   177   16.815000              76800  2.8208306603314037E-01
   178   16.910000              76800  2.8204376225565353E-01
   179   17.005000              76800  2.8200189283164412E-01
   180   17.100000              76800  2.8195731132125806E-01
   181   17.195000              76800  2.8190989459133675E-01
   182   17.290000              76800  2.8185953300843519E-01
   183   17.385000              76800  2.8180611926810334E-01
   184   17.480000              76800  2.8174953412354009E-01
   185   17.575000              76800  2.8168963554220666E-01
   186   17.670000              76800  2.8162625756839355E-01
   187   17.765000              76800  2.8155921099565573E-01
   188   17.860000              76800  2.8148827473110694E-01
   189   17.955000              76800  2.8141318713859981E-01
   190   18.050000              76800  2.8133366014873318E-01
   191   18.145000              76800  2.8124941883572974E-01
   192   18.240000              76800  2.8116023963824677E-01
   193   18.335000              76800  2.8106595772596571E-01
   194   18.430000              76800  2.8096643682194677E-01
   195   18.525000              76800  2.8086152312648272E-01
   196   18.620000              76800  2.8075102165188104E-01
   197   18.715000              76800  2.8063471452263788E-01
   198   18.810000              76800  2.8051239466983918E-01
   199   18.905000              76800  2.8038387368960194E-01
   200   19.000000              76800  2.8024896119925630E-01
   201   19.095000              76800  2.8010744321809478E-01
   202   19.190000              76800  2.7995907202276171E-01
   203   19.285000              76800  2.7980356522154515E-01
   204   19.380000              76800  2.7964062904508347E-01
   205   19.475000              76800  2.7947002349660499E-01
   206   19.570000              76800  2.7929163759355169E-01
   207   19.665000              76800  2.7910550066950346E-01
   208   19.760000              76800  2.7891170633964230E-01
   209   19.855000              76800  2.7871031492449716E-01
   210   19.950000              76800  2.7850130163833658E-01
   211   20.045000              76800  2.7828454439603523E-01
   212   20.140000              76800  2.7805982632006809E-01
   213   20.235000              76800  2.7782688321883020E-01
   214   20.330000              76800  2.7758551810102222E-01
   215   20.425000              76800  2.7733570144612774E-01
   216   20.520000              76800  2.7707754432812937E-01
   217   20.615000              76800  2.7681116481433782E-01
   218   20.710000              76800  2.7653660284436177E-01
   219   20.805000              76800  2.7625387637958687E-01
   220   20.900000              76800  2.7596308636815103E-01
   221   20.995000              76800  2.7566443011116498E-01
   222   21.090000              76800  2.7535812263727200E-01
   223   21.185000              76800  2.7504433023698527E-01
   224   21.280000              76800  2.7472313804455339E-01
   225   21.375000              76800  2.7439449598454707E-01
   226   21.470000              76800  2.7405817728549686E-01
   227   21.565000              76800  2.7371386535040787E-01
   228   21.660000              76800  2.7336137263837834E-01
   229   21.755000              76800  2.7300078409615602E-01
   230   21.850000              76800  2.7263234431245376E-01
   231   21.945000              76800  2.7225619062892692E-01
   232   22.040000              76800  2.7187220035921966E-01
   233   22.135000              76800  2.7148004498512984E-01
   234   22.230000              76800  2.7107930536873676E-01
   235   22.325000              76800  2.7066953444318093E-01
   236   22.420000              76800  2.7025029384769561E-01
   237   22.515000              76800  2.6982118548050360E-01
   238   22.610000              76800  2.6938183366322838E-01
   239   22.705000              76800  2.6893182632624202E-01
   240   22.800000              76800  2.6847070261143791E-01
   241   22.895000              76800  2.6799804920814740E-01
   242   22.990000              76800  2.6751362657240968E-01
   243   23.085000              76800  2.6701738135830233E-01
   244   23.180000              76800  2.6650932873272598E-01
   245   23.275000              76800  2.6598943737231068E-01
   246   23.370000              76800  2.6545758950819998E-01
   247   23.465000              76800  2.6491358099958051E-01
   248   23.560000              76800  2.6435718679320003E-01
   249   23.655000              76800  2.6378837293363622E-01
   250   23.750000              76800  2.6320757385383498E-01
   251   23.845000              76800  2.6261579959815595E-01
   252   23.940000              76800  2.6201451143392862E-01
   253   24.035000              76800  2.6140547831217942E-01
   254   24.130000              76800  2.6079080880849992E-01
   255   24.225000              76800  2.6017303094591226E-01
   256   24.320000              76800  2.5955500128493064E-01
   257   24.415000              76800  2.5893972194621945E-01
   258   24.510000              76800  2.5833030373222554E-01
   259   24.605000              76800  2.5773007686591004E-01
   260   24.700000              76800  2.5714264965890993E-01
   261   24.795000              76800  2.5657186055463355E-01
   262   24.890000              76800  2.5602172668535300E-01
   263   24.985000              76800  2.5549642661477756E-01
   264   25.080000              76800  2.5500021815566543E-01
   265   25.175000              76800  2.5453725216063960E-01
   266   25.270000              76800  2.5411141608569043E-01
   267   25.365000              76800  2.5372631321393807E-01
   268   25.460000              76800  2.5338531885299703E-01
   269   25.555000              76800  2.5309159520462265E-01
   270   25.650000              76800  2.5284801987276723E-01
   271   25.745000              76800  2.5265705597312166E-01
   272   25.840000              76800  2.5252062064607783E-01
   273   25.935000              76800  2.5244002912048058E-01
   274   26.030000              76800  2.5241606622440121E-01
   275   26.125000              76800  2.5244916548373819E-01
   276   26.220000              76800  2.5253958195200649E-01
   277   26.315000              76800  2.5268742654964232E-01
   278   26.410000              76800  2.5289254919078896E-01
   279   26.505000              76800  2.5315435758426419E-01
   280   26.600000              76800  2.5347166945388971E-01
   281   26.695000              76800  2.5384263098943693E-01
   282   26.790000              76800  2.5426466128199904E-01
   283   26.885000              76800  2.5473443913984106E-01
   284   26.980000              76800  2.5524801416023035E-01
   285   27.075000              76800  2.5580096920177420E-01
   286   27.170000              76800  2.5638847193942271E-01
   287   27.265000              76800  2.5700521742137505E-01
   288   27.360000              76800  2.5764540436843669E-01
   289   27.455000              76800  2.5830278798253914E-01
   290   27.550000              76800  2.5897072542192207E-01
   291   27.645000              76800  2.5964223593675584E-01
   292   27.740000              76800  2.6031015219560172E-01
   293   27.835000              76800  2.6096731900861064E-01
   294   27.930000              76800  2.6160676307092356E-01
   295   28.025000              76800  2.6222182209645639E-01
   296   28.120000              76800  2.6280623629789457E-01
   297   28.215000              76800  2.6335417713807152E-01
   298   28.310000              76800  2.6386024701593924E-01
   299   28.405000              76800  2.6431955843279786E-01
   300   28.500000              76800  2.6472790072870878E-01
   301   28.595000              76800  2.6508184245353628E-01
   302   28.690000              76800  2.6537866488737516E-01
   303   28.785000              76800  2.6561627598183668E-01
   304   28.880000              76800  2.6579331392252803E-01
   305   28.975000              76800  2.6590936859432202E-01
   306   29.070000              76800  2.6596509084420106E-01
   307   29.165000              76800  2.6596214470017188E-01
   308   29.260000              76800  2.6590317812730013E-01
   309   29.355000              76800  2.6579191092431509E-01
   310   29.450000              76800  2.6563319227702270E-01
   311   29.545000              76800  2.6543287980502073E-01
   312   29.640000              76800  2.6519764874316343E-01
   313   29.735000              76800  2.6493487152788753E-01
   314   29.830000              76800  2.6465244021305290E-01
   315   29.925000              76800  2.6435841770851543E-01
   316   30.020000              76800  2.6406069206848942E-01
   317   30.115000              76800  2.6376683153724911E-01
   318   30.210000              76800  2.6348401147764533E-01
   319   30.305000              76800  2.6321880717292723E-01
   320   30.400000              76800  2.6297693862259630E-01
   321   30.495000              76800  2.6276317366985058E-01
   322   30.590000              76800  2.6258140669660290E-01
   323   30.685000              76800  2.6243472813205221E-01
   324   30.780000              76800  2.6232535318757544E-01
   325   30.875000              76800  2.6225443333194898E-01
   326   30.970000              76800  2.6222189675735064E-01
   327   31.065000              76800  2.6222647534912841E-01
   328   31.160000              76800  2.6226592220411421E-01
   329   31.255000              76800  2.6233726997738882E-01
   330   31.350000              76800  2.6243693740660545E-01
   331   31.445000              76800  2.6256066012427243E-01
   332   31.540000              76800  2.6270346110129167E-01
   333   31.635000              76800  2.6285985310082266E-01
   334   31.730000              76800  2.6302419326386983E-01
   335   31.825000              76800  2.6319087395391616E-01
   336   31.920000              76800  2.6335423574800465E-01
   337   32.015000              76800  2.6350846175016296E-01
   338   32.110000              76800  2.6364767481282791E-01
   339   32.205000              76800  2.6376608501329440E-01
   340   32.300000              76800  2.6385790868454151E-01
   341   32.395000              76800  2.6391708575409423E-01
   342   32.490000              76800  2.6393711697508421E-01
   343   32.585000              76800  2.6391121715737526E-01
   344   32.680000              76800  2.6383265345513496E-01
   345   32.775000              76800  2.6369501924905747E-01
   346   32.870000              76800  2.6349238458810309E-01
   347   32.965000              76800  2.6321946769744003E-01
   348   33.060000              76800  2.6287185925200884E-01
   349   33.155000              76800  2.6244620170816807E-01
   350   33.250000              76800  2.6194028914460132E-01
   351   33.345000              76800  2.6135311745206063E-01
   352   33.440000              76800  2.6068488862576378E-01
   353   33.535000              76800  2.5993695504459191E-01
   354   33.630000              76800  2.5911176661928537E-01
   355   33.725000              76800  2.5821295151663476E-01
   356   33.820000              76800  2.5724552844990783E-01
   357   33.915000              76800  2.5621610496827041E-01
   358   34.010000              76800  2.5513292925150799E-01
   359   34.105000              76800  2.5400578364599918E-01
   360   34.200000              76800  2.5284575526830400E-01
   361   34.295000              76800  2.5166486344588301E-01
   362   34.390000              76800  2.5047563487744906E-01
   363   34.485000              76800  2.4929078731126161E-01
   364   34.580000              76800  2.4812303230693605E-01
   365   34.675000              76800  2.4698487754902793E-01
   366   34.770000              76800  2.4588833126077386E-01
   367   34.865000              76800  2.4484449812880521E-01
   368   34.960000              76800  2.4386314108214419E-01
   369   35.055000              76800  2.4295231908423792E-01
   370   35.150000              76800  2.4211814793852499E-01
   371   35.245000              76800  2.4136472999785974E-01
   372   35.340000              76800  2.4069433058008799E-01
   373   35.435000              76800  2.4010776527217653E-01
   374   35.530000              76800  2.3960478555255044E-01
   375   35.625000              76800  2.3918432398234968E-01
   376   35.720000              76800  2.3884469160020602E-01
   377   35.815000              76800  2.3858389523762652E-01
   378   35.910000              76800  2.3840001654517048E-01
   379   36.005000              76800  2.3829136516529109E-01
   380   36.100000              76800  2.3825631723731255E-01
   381   36.195000              76800  2.3829307014296783E-01
   382   36.290000              76800  2.3839946379793867E-01
   383   36.385000              76800  2.3857272451564143E-01
   384   36.480000              76800  2.3880903068774950E-01
   385   36.575000              76800  2.3910307459696001E-01
   386   36.670000              76800  2.3944777844241300E-01
   387   36.765000              76800  2.3983422198190282E-01
   388   36.860000              76800  2.4025182148741320E-01
   389   36.955000              76800  2.4068871652323354E-01
   390   37.050000              76800  2.4113220290933046E-01
   391   37.145000              76800  2.4156910506347756E-01
   392   37.240000              76800  2.4198608707947905E-01
   393   37.335000              76800  2.4236990385652235E-01
   394   37.430000              76800  2.4270762777543353E-01
   395   37.525000              76800  2.4298684702249859E-01
   396   37.620000              76800  2.4319581085331901E-01
   397   37.715000              76800  2.4332353944234539E-01
   398   37.810000              76800  2.4336009613861734E-01
   399   37.905000              76800  2.4329720146347719E-01
   400   38.000000              76800  2.4312908134948563E-01
   401   38.095000              76800  2.4285328207226764E-01
   402   38.190000              76800  2.4247124625537225E-01
   403   38.285000              76800  2.4198862819213710E-01
   404   38.380000              76800  2.4141526782695288E-01
   405   38.475000              76800  2.4076463696253170E-01
   406   38.570000              76800  2.4005273038759969E-01
   407   38.665000              76800  2.3929674465020839E-01
   408   38.760000              76800  2.3851405478538526E-01
   409   38.855000              76800  2.3772157517072084E-01
   410   38.950000              76800  2.3693520412621583E-01
   411   39.045000              76800  2.3616933565346046E-01
   412   39.140000              76800  2.3543672106497737E-01
   413   39.235000              76800  2.3474871630309202E-01
   414   39.330000              76800  2.3411555011418345E-01
   415   39.425000              76800  2.3354635885099528E-01
   416   39.520000              76800  2.3304913528619370E-01
   417   39.615000              76800  2.3263060010507738E-01
   418   39.710000              76800  2.3229587742028723E-01
   419   39.805000              76800  2.3204817731936556E-01
   420   39.900000              76800  2.3188880002848114E-01
   421   39.995000              76800  2.3181748197462704E-01
   422   40.090000              76800  2.3183273251168068E-01
