! Kinetic energy for species "positrons-down"
  Iter        Time          Total Par.             Kin. Energy
     0   0.0000000              76800  2.8279549643296964E-01
     1  0.95000000E-01          76800  2.8279550907535944E-01
     2  0.19000000              76800  2.8279554730846479E-01
     3  0.28500000              76800  2.8279561164319933E-01
     4  0.38000000              76800  2.8279570193941428E-01
     5  0.47500000              76800  2.8279581702266149E-01
     6  0.57000000              76800  2.8279595507373045E-01
     7  0.66500000              76800  2.8279611403984772E-01
     8  0.76000000              76800  2.8279629159230268E-01
     9  0.85500000              76800  2.8279648500003629E-01
    10  0.95000000              76800  2.8279669127875878E-01
    11   1.0450000              76800  2.8279690734653967E-01
    12   1.1400000              76800  2.8279712988814221E-01
    13   1.2350000              76800  2.8279735512667026E-01
    14   1.3300000              76800  2.8279757888351031E-01
    15   1.4250000              76800  2.8279779709868513E-01
    16   1.5200000              76800  2.8279800653429754E-01
    17   1.6150000              76800  2.8279820490902102E-01
    18   1.7100000              76800  2.8279839002577367E-01
    19   1.8050000              76800  2.8279855862640163E-01
    20   1.9000000              76800  2.8279870630520931E-01
    21   1.9950000              76800  2.8279882883346996E-01
    22   2.0900000              76800  2.8279892360555980E-01
    23   2.1850000              76800  2.8279898972077200E-01
    24   2.2800000              76800  2.8279902698924742E-01
    25   2.3750000              76800  2.8279903532910844E-01
    26   2.4700000              76800  2.8279901493225923E-01
    27   2.5650000              76800  2.8279896632906931E-01
    28   2.6600000              76800  2.8279888989660290E-01
    29   2.7550000              76800  2.8279878550276694E-01
    30   2.8500000              76800  2.8279865338099647E-01
    31   2.9450000              76800  2.8279849594416961E-01
    32   3.0400000              76800  2.8279831824966339E-01
    33   3.1350000              76800  2.8279812582453678E-01
    34   3.2300000              76800  2.8279792199233222E-01
    35   3.3250000              76800  2.8279770757949824E-01
    36   3.4200000              76800  2.8279748313878977E-01
    37   3.5150000              76800  2.8279725139045897E-01
    38   3.6100000              76800  2.8279701752149605E-01
    39   3.7050000              76800  2.8279678723789675E-01
    40   3.8000000              76800  2.8279656490040272E-01
    41   3.8950000              76800  2.8279635347748844E-01
    42   3.9900000              76800  2.8279615547153003E-01
    43   4.0850000              76800  2.8279597336590884E-01
    44   4.1800000              76800  2.8279580946199628E-01
    45   4.2750000              76800  2.8279566567134679E-01
    46   4.3700000              76800  2.8279554360609371E-01
    47   4.4650000              76800  2.8279544479796004E-01
    48   4.5600000              76800  2.8279537056844295E-01
    49   4.6550000              76800  2.8279532174747835E-01
    50   4.7500000              76800  2.8279529900454209E-01
    51   4.8450000              76800  2.8279530342288950E-01
    52   4.9400000              76800  2.8279533608823737E-01
    53   5.0350000              76800  2.8279539697017997E-01
    54   5.1300000              76800  2.8279548445259478E-01
    55   5.2250000              76800  2.8279559551455141E-01
    56   5.3200000              76800  2.8279572616859572E-01
    57   5.4150000              76800  2.8279587291346153E-01
    58   5.5100000              76800  2.8279603462584424E-01
    59   5.6050000              76800  2.8279621224741397E-01
    60   5.7000000              76800  2.8279640567105041E-01
    61   5.7950000              76800  2.8279661070247658E-01
    62   5.8900000              76800  2.8279681915873905E-01
    63   5.9850000              76800  2.8279702247798616E-01
    64   6.0800000              76800  2.8279721565527416E-01
    65   6.1750000              76800  2.8279739759892625E-01
    66   6.2700000              76800  2.8279756852111870E-01
    67   6.3650000              76800  2.8279772814443382E-01
    68   6.4600000              76800  2.8279787521429106E-01
    69   6.5550000              76800  2.8279800632549129E-01
    70   6.6500000              76800  2.8279811510848846E-01
    71   6.7450000              76800  2.8279819429302072E-01
    72   6.8400000              76800  2.8279823938906679E-01
    73   6.9350000              76800  2.8279825019961319E-01
    74   7.0300000              76800  2.8279822925625836E-01
    75   7.1250000              76800  2.8279817954314418E-01
    76   7.2200000              76800  2.8279810276519157E-01
    77   7.3150000              76800  2.8279799763382640E-01
    78   7.4100000              76800  2.8279785966108018E-01
    79   7.5050000              76800  2.8279768497065094E-01
    80   7.6000000              76800  2.8279747560512852E-01
    81   7.6950000              76800  2.8279723991236394E-01
    82   7.7900000              76800  2.8279698676617920E-01
    83   7.8850000              76800  2.8279671992741900E-01
    84   7.9800000              76800  2.8279643805676208E-01
    85   8.0750000              76800  2.8279613886308153E-01
    86   8.1700000              76800  2.8279582237478862E-01
    87   8.2650000              76800  2.8279549114111124E-01
    88   8.3600000              76800  2.8279514917026932E-01
    89   8.4550000              76800  2.8279480193355627E-01
    90   8.5500000              76800  2.8279445673221049E-01
    91   8.6450000              76800  2.8279412068309318E-01
    92   8.7400000              76800  2.8279379681326916E-01
    93   8.8350000              76800  2.8279348287179168E-01
    94   8.9300000              76800  2.8279317478624544E-01
    95   9.0250000              76800  2.8279287077922832E-01
    96   9.1200000              76800  2.8279257204881975E-01
    97   9.2150000              76800  2.8279228048706462E-01
    98   9.3100000              76800  2.8279199670901051E-01
    99   9.4050000              76800  2.8279172090980387E-01
   100   9.5000000              76800  2.8279145553286233E-01
   101   9.5950000              76800  2.8279120585050821E-01
   102   9.6900000              76800  2.8279097679183396E-01
   103   9.7850000              76800  2.8279076856764396E-01
   104   9.8800000              76800  2.8279057409633596E-01
   105   9.9750000              76800  2.8279037993840278E-01
   106   10.070000              76800  2.8279017157981473E-01
   107   10.165000              76800  2.8278994051583473E-01
   108   10.260000              76800  2.8278968715528985E-01
   109   10.355000              76800  2.8278941661707541E-01
   110   10.450000              76800  2.8278913149276952E-01
   111   10.545000              76800  2.8278882806676470E-01
   112   10.640000              76800  2.8278849815109786E-01
   113   10.735000              76800  2.8278813315714135E-01
   114   10.830000              76800  2.8278772618324804E-01
   115   10.925000              76800  2.8278727148823551E-01
   116   11.020000              76800  2.8278676352683274E-01
   117   11.115000              76800  2.8278619677437344E-01
   118   11.210000              76800  2.8278556526291887E-01
   119   11.305000              76800  2.8278486097020961E-01
   120   11.400000              76800  2.8278407285243662E-01
   121   11.495000              76800  2.8278318908081018E-01
   122   11.590000              76800  2.8278220182456520E-01
   123   11.685000              76800  2.8278111026231889E-01
   124   11.780000              76800  2.8277991798706903E-01
   125   11.875000              76800  2.8277862620921168E-01
   126   11.970000              76800  2.8277722923843257E-01
   127   12.065000              76800  2.8277571677562602E-01
   128   12.160000              76800  2.8277407954975387E-01
   129   12.255000              76800  2.8277231128009833E-01
   130   12.350000              76800  2.8277040591109426E-01
   131   12.445000              76800  2.8276835553520346E-01
   132   12.540000              76800  2.8276615201015681E-01
   133   12.635000              76800  2.8276378881295572E-01
   134   12.730000              76800  2.8276125992138346E-01
   135   12.825000              76800  2.8275855849139819E-01
   136   12.920000              76800  2.8275567920348588E-01
   137   13.015000              76800  2.8275262215904257E-01
   138   13.110000              76800  2.8274939240275748E-01
   139   13.205000              76800  2.8274599305963088E-01
   140   13.300000              76800  2.8274241667168920E-01
   141   13.395000              76800  2.8273864165960944E-01
   142   13.490000              76800  2.8273463692210993E-01
   143   13.585000              76800  2.8273037054315342E-01
   144   13.680000              76800  2.8272581539084995E-01
   145   13.775000              76800  2.8272094915053370E-01
   146   13.870000              76800  2.8271575265757148E-01
   147   13.965000              76800  2.8271020974541516E-01
   148   14.060000              76800  2.8270430727842921E-01
   149   14.155000              76800  2.8269803359930823E-01
   150   14.250000              76800  2.8269137586657800E-01
   151   14.345000              76800  2.8268431685849399E-01
   152   14.440000              76800  2.8267683137104183E-01
   153   14.535000              76800  2.8266888344171892E-01
   154   14.630000              76800  2.8266042676165920E-01
   155   14.725000              76800  2.8265140992739701E-01
   156   14.820000              76800  2.8264178434406728E-01
   157   14.915000              76800  2.8263150824840710E-01
   158   15.010000              76800  2.8262054245761187E-01
   159   15.105000              76800  2.8260884197014763E-01
   160   15.200000              76800  2.8259635198560218E-01
   161   15.295000              76800  2.8258301136956293E-01
   162   15.390000              76800  2.8256875817318594E-01
   163   15.485000              76800  2.8255353076167067E-01
   164   15.580000              76800  2.8253726481455177E-01
   165   15.675000              76800  2.8251989090897878E-01
   166   15.770000              76800  2.8250133344176420E-01
   167   15.865000              76800  2.8248150755785595E-01
   168   15.960000              76800  2.8246031549783113E-01
   169   16.055000              76800  2.8243765000365179E-01
   170   16.150000              76800  2.8241340790634828E-01
   171   16.245000              76800  2.8238750563012727E-01
   172   16.340000              76800  2.8235988368411302E-01
   173   16.435000              76800  2.8233049350321165E-01
   174   16.530000              76800  2.8229927120325587E-01
   175   16.625000              76800  2.8226611177698102E-01
   176   16.720000              76800  2.8223085880344856E-01
   177   16.815000              76800  2.8219331687333299E-01
   178   16.910000              76800  2.8215328125951261E-01
   179   17.005000              76800  2.8211056958646413E-01
   180   17.100000              76800  2.8206503802890243E-01
   181   17.195000              76800  2.8201657305745237E-01
   182   17.290000              76800  2.8196506737319715E-01
   183   17.385000              76800  2.8191040027651920E-01
   184   17.480000              76800  2.8185243245901287E-01
   185   17.575000              76800  2.8179100486733522E-01
   186   17.670000              76800  2.8172593039026789E-01
   187   17.765000              76800  2.8165698576314435E-01
   188   17.860000              76800  2.8158391806720251E-01
   189   17.955000              76800  2.8150646517282651E-01
   190   18.050000              76800  2.8142437637606216E-01
   191   18.145000              76800  2.8133742342388013E-01
   192   18.240000              76800  2.8124539973694607E-01
   193   18.335000              76800  2.8114810689499120E-01
   194   18.430000              76800  2.8104533286535444E-01
   195   18.525000              76800  2.8093683990950025E-01
   196   18.620000              76800  2.8082237892113615E-01
   197   18.715000              76800  2.8070171649190806E-01
   198   18.810000              76800  2.8057464108147517E-01
   199   18.905000              76800  2.8044094301086031E-01
   200   19.000000              76800  2.8030039672802076E-01
   201   19.095000              76800  2.8015275781997317E-01
   202   19.190000              76800  2.7999775636684071E-01
   203   19.285000              76800  2.7983508650294525E-01
   204   19.380000              76800  2.7966442582248519E-01
   205   19.475000              76800  2.7948549492369557E-01
   206   19.570000              76800  2.7929811599810894E-01
   207   19.665000              76800  2.7910222571667620E-01
   208   19.760000              76800  2.7889783412958513E-01
   209   19.855000              76800  2.7868495085203682E-01
   210   19.950000              76800  2.7846351676549408E-01
   211   20.045000              76800  2.7823338334624198E-01
   212   20.140000              76800  2.7799435495567337E-01
   213   20.235000              76800  2.7774626325371254E-01
   214   20.330000              76800  2.7748902064746706E-01
   215   20.425000              76800  2.7722262306394335E-01
   216   20.520000              76800  2.7694711994883692E-01
   217   20.615000              76800  2.7666259177335012E-01
   218   20.710000              76800  2.7636915381956179E-01
   219   20.805000              76800  2.7606696790228352E-01
   220   20.900000              76800  2.7575623496548768E-01
   221   20.995000              76800  2.7543716967405840E-01
   222   21.090000              76800  2.7510999996696772E-01
   223   21.185000              76800  2.7477501906048046E-01
   224   21.280000              76800  2.7443263855768790E-01
   225   21.375000              76800  2.7408335720283811E-01
   226   21.470000              76800  2.7372766340912003E-01
   227   21.565000              76800  2.7336599522616273E-01
   228   21.660000              76800  2.7299879757222978E-01
   229   21.755000              76800  2.7262658082920321E-01
   230   21.850000              76800  2.7224991174482038E-01
   231   21.945000              76800  2.7186939262640630E-01
   232   22.040000              76800  2.7148569713331761E-01
   233   22.135000              76800  2.7109963573067347E-01
   234   22.230000              76800  2.7071216003864373E-01
   235   22.325000              76800  2.7032428504067807E-01
   236   22.420000              76800  2.6993700644146196E-01
   237   22.515000              76800  2.6955127724170347E-01
   238   22.610000              76800  2.6916805493181378E-01
   239   22.705000              76800  2.6878838173391295E-01
   240   22.800000              76800  2.6841343740623119E-01
   241   22.895000              76800  2.6804454977969272E-01
   242   22.990000              76800  2.6768317916657780E-01
   243   23.085000              76800  2.6733086484509533E-01
   244   23.180000              76800  2.6698911153266314E-01
   245   23.275000              76800  2.6665925242100175E-01
   246   23.370000              76800  2.6634235455203281E-01
   247   23.465000              76800  2.6603922656488549E-01
   248   23.560000              76800  2.6575049562158221E-01
   249   23.655000              76800  2.6547661846678783E-01
   250   23.750000              76800  2.6521774512483842E-01
   251   23.845000              76800  2.6497353496678860E-01
   252   23.940000              76800  2.6474311495011194E-01
   253   24.035000              76800  2.6452523468514155E-01
   254   24.130000              76800  2.6431847555213700E-01
   255   24.225000              76800  2.6412136824632793E-01
   256   24.320000              76800  2.6393241076658702E-01
   257   24.415000              76800  2.6375004429099802E-01
   258   24.510000              76800  2.6357261738822768E-01
   259   24.605000              76800  2.6339832641605071E-01
   260   24.700000              76800  2.6322521263406584E-01
   261   24.795000              76800  2.6305124896633447E-01
   262   24.890000              76800  2.6287448996748869E-01
   263   24.985000              76800  2.6269325975355018E-01
   264   25.080000              76800  2.6250628583937419E-01
   265   25.175000              76800  2.6231272446491599E-01
   266   25.270000              76800  2.6211208354365212E-01
   267   25.365000              76800  2.6190405835352781E-01
   268   25.460000              76800  2.6168835999518297E-01
   269   25.555000              76800  2.6146462670532700E-01
   270   25.650000              76800  2.6123237344823225E-01
   271   25.745000              76800  2.6099090559973487E-01
   272   25.840000              76800  2.6073926995257002E-01
   273   25.935000              76800  2.6047639393736755E-01
   274   26.030000              76800  2.6020132376879412E-01
   275   26.125000              76800  2.5991333250529314E-01
   276   26.220000              76800  2.5961186321887869E-01
   277   26.315000              76800  2.5929646852511468E-01
   278   26.410000              76800  2.5896682947492483E-01
   279   26.505000              76800  2.5862278769515984E-01
   280   26.600000              76800  2.5826433558770673E-01
   281   26.695000              76800  2.5789161562388707E-01
   282   26.790000              76800  2.5750500295196427E-01
   283   26.885000              76800  2.5710524163680648E-01
   284   26.980000              76800  2.5669358665662595E-01
   285   27.075000              76800  2.5627190739280015E-01
   286   27.170000              76800  2.5584271708142947E-01
   287   27.265000              76800  2.5540917560481557E-01
   288   27.360000              76800  2.5497515648554481E-01
   289   27.455000              76800  2.5454532150910070E-01
   290   27.550000              76800  2.5412504004357239E-01
   291   27.645000              76800  2.5372012774229602E-01
   292   27.740000              76800  2.5333660189846868E-01
   293   27.835000              76800  2.5298058096027110E-01
   294   27.930000              76800  2.5265817490447129E-01
   295   28.025000              76800  2.5237522409515983E-01
   296   28.120000              76800  2.5213700630623692E-01
   297   28.215000              76800  2.5194809471502339E-01
   298   28.310000              76800  2.5181233793643826E-01
   299   28.405000              76800  2.5173278381404240E-01
   300   28.500000              76800  2.5171148109701103E-01
   301   28.595000              76800  2.5174929515738975E-01
   302   28.690000              76800  2.5184588304244709E-01
   303   28.785000              76800  2.5199982203460969E-01
   304   28.880000              76800  2.5220876657066521E-01
   305   28.975000              76800  2.5246954613356865E-01
   306   29.070000              76800  2.5277823075613082E-01
   307   29.165000              76800  2.5313021303553129E-01
   308   29.260000              76800  2.5352031506743611E-01
   309   29.355000              76800  2.5394294832842312E-01
   310   29.450000              76800  2.5439235391015053E-01
   311   29.545000              76800  2.5486285131934222E-01
   312   29.640000              76800  2.5534895006983488E-01
   313   29.735000              76800  2.5584529622144625E-01
   314   29.830000              76800  2.5634659579674957E-01
   315   29.925000              76800  2.5684758503697680E-01
   316   30.020000              76800  2.5734295687109238E-01
   317   30.115000              76800  2.5782721751748994E-01
   318   30.210000              76800  2.5829458309289516E-01
   319   30.305000              76800  2.5873896831143051E-01
   320   30.400000              76800  2.5915403071919524E-01
   321   30.495000              76800  2.5953328326934111E-01
   322   30.590000              76800  2.5987032576015090E-01
   323   30.685000              76800  2.6015915438375664E-01
   324   30.780000              76800  2.6039443550609342E-01
   325   30.875000              76800  2.6057165672523852E-01
   326   30.970000              76800  2.6068719599621182E-01
   327   31.065000              76800  2.6073847215142026E-01
   328   31.160000              76800  2.6072422387234317E-01
   329   31.255000              76800  2.6064475368363815E-01
   330   31.350000              76800  2.6050194064862076E-01
   331   31.445000              76800  2.6029903929690468E-01
   332   31.540000              76800  2.6004047831143329E-01
   333   31.635000              76800  2.5973174898020296E-01
   334   31.730000              76800  2.5937927192166799E-01
   335   31.825000              76800  2.5899013878713728E-01
   336   31.920000              76800  2.5857175351112166E-01
   337   32.015000              76800  2.5813152320853849E-01
   338   32.110000              76800  2.5767674297101739E-01
   339   32.205000              76800  2.5721463387040111E-01
   340   32.300000              76800  2.5675236693096837E-01
   341   32.395000              76800  2.5629697466614143E-01
   342   32.490000              76800  2.5585516709135858E-01
   343   32.585000              76800  2.5543310996777840E-01
   344   32.680000              76800  2.5503628448299343E-01
   345   32.775000              76800  2.5466949560370061E-01
   346   32.870000              76800  2.5433689733376369E-01
   347   32.965000              76800  2.5404192521106617E-01
   348   33.060000              76800  2.5378720305376323E-01
   349   33.155000              76800  2.5357447800559274E-01
   350   33.250000              76800  2.5340451463481972E-01
   351   33.345000              76800  2.5327691470775199E-01
   352   33.440000              76800  2.5318998145710458E-01
   353   33.535000              76800  2.5314077178753280E-01
   354   33.630000              76800  2.5312536096392424E-01
   355   33.725000              76800  2.5313920847783594E-01
   356   33.820000              76800  2.5317751187840792E-01
   357   33.915000              76800  2.5323544418273009E-01
   358   34.010000              76800  2.5330817992020782E-01
   359   34.105000              76800  2.5339079940548470E-01
   360   34.200000              76800  2.5347831331415827E-01
   361   34.295000              76800  2.5356596756906702E-01
   362   34.390000              76800  2.5364973238063654E-01
   363   34.485000              76800  2.5372665873122868E-01
   364   34.580000              76800  2.5379486458973705E-01
   365   34.675000              76800  2.5385319689646707E-01
   366   34.770000              76800  2.5390079126402793E-01
   367   34.865000              76800  2.5393669104008010E-01
   368   34.960000              76800  2.5395962486846002E-01
   369   35.055000              76800  2.5396801777579536E-01
   370   35.150000              76800  2.5396012941258450E-01
   371   35.245000              76800  2.5393415151777299E-01
   372   35.340000              76800  2.5388821310060417E-01
   373   35.435000              76800  2.5382036578612860E-01
   374   35.530000              76800  2.5372862954646513E-01
   375   35.625000              76800  2.5361104830334563E-01
   376   35.720000              76800  2.5346569492259219E-01
   377   35.815000              76800  2.5329058424304846E-01
   378   35.910000              76800  2.5308354584354015E-01
   379   36.005000              76800  2.5284224083209117E-01
   380   36.100000              76800  2.5256437079066785E-01
   381   36.195000              76800  2.5224791562695792E-01
   382   36.290000              76800  2.5189129480108569E-01
   383   36.385000              76800  2.5149359769988677E-01
   384   36.480000              76800  2.5105507733819787E-01
   385   36.575000              76800  2.5057776324113823E-01
   386   36.670000              76800  2.5006580891046909E-01
   387   36.765000              76800  2.4952546001898585E-01
   388   36.860000              76800  2.4896478776240588E-01
   389   36.955000              76800  2.4839333074811581E-01
   390   37.050000              76800  2.4782173451869743E-01
   391   37.145000              76800  2.4726141568980023E-01
   392   37.240000              76800  2.4672422475621203E-01
   393   37.335000              76800  2.4622210408581607E-01
   394   37.430000              76800  2.4576682563617921E-01
   395   37.525000              76800  2.4536973972978193E-01
   396   37.620000              76800  2.4504136355549511E-01
   397   37.715000              76800  2.4479083539580487E-01
   398   37.810000              76800  2.4462529037251990E-01
   399   37.905000              76800  2.4454919951243576E-01
   400   38.000000              76800  2.4456378536067591E-01
   401   38.095000              76800  2.4466670656880174E-01
   402   38.190000              76800  2.4485214422393556E-01
   403   38.285000              76800  2.4511122851173117E-01
   404   38.380000              76800  2.4543275220881655E-01
   405   38.475000              76800  2.4580418068031251E-01
   406   38.570000              76800  2.4621284112661596E-01
   407   38.665000              76800  2.4664704670973348E-01
   408   38.760000              76800  2.4709700039391974E-01
   409   38.855000              76800  2.4755544711368710E-01
   410   38.950000              76800  2.4801802800346223E-01
   411   39.045000              76800  2.4848321810967652E-01
   412   39.140000              76800  2.4895174222892713E-01
   413   39.235000              76800  2.4942564251422761E-01
   414   39.330000              76800  2.4990724866721067E-01
   415   39.425000              76800  2.5039812546005852E-01
   416   39.520000              76800  2.5089817767935291E-01
   417   39.615000              76800  2.5140517932892770E-01
   418   39.710000              76800  2.5191463267492992E-01
   419   39.805000              76800  2.5241968683970722E-01
   420   39.900000              76800  2.5291119812094054E-01
   421   39.995000              76800  2.5337817690181896E-01
   422   40.090000              76800  2.5380859229046215E-01
