! Kinetic energy for species "electrons-up"
  Iter        Time          Total Par.             Kin. Energy
     0   0.0000000              76800  2.8274331095854582E-01
     1  0.95000000E-01          76800  2.8274332327216123E-01
     2  0.19000000              76800  2.8274336079582618E-01
     3  0.28500000              76800  2.8274342468291469E-01
     4  0.38000000              76800  2.8274351542109921E-01
     5  0.47500000              76800  2.8274363212845083E-01
     6  0.57000000              76800  2.8274377280812857E-01
     7  0.66500000              76800  2.8274393490491617E-01
     8  0.76000000              76800  2.8274411557174034E-01
     9  0.85500000              76800  2.8274431174475112E-01
    10  0.95000000              76800  2.8274452043428561E-01
    11   1.0450000              76800  2.8274473905766528E-01
    12   1.1400000              76800  2.8274496506885194E-01
    13   1.2350000              76800  2.8274519502766149E-01
    14   1.3300000              76800  2.8274542447666362E-01
    15   1.4250000              76800  2.8274564902648486E-01
    16   1.5200000              76800  2.8274586515146988E-01
    17   1.6150000              76800  2.8274606968785099E-01
    18   1.7100000              76800  2.8274625904142420E-01
    19   1.8050000              76800  2.8274642936575156E-01
    20   1.9000000              76800  2.8274657739784059E-01
    21   1.9950000              76800  2.8274670073030539E-01
    22   2.0900000              76800  2.8274679727190544E-01
    23   2.1850000              76800  2.8274686500414942E-01
    24   2.2800000              76800  2.8274690258668778E-01
    25   2.3750000              76800  2.8274690973876504E-01
    26   2.4700000              76800  2.8274688670061632E-01
    27   2.5650000              76800  2.8274683377240406E-01
    28   2.6600000              76800  2.8274675165403579E-01
    29   2.7550000              76800  2.8274664184799159E-01
    30   2.8500000              76800  2.8274650654906897E-01
    31   2.9450000              76800  2.8274634839864354E-01
    32   3.0400000              76800  2.8274617033618432E-01
    33   3.1350000              76800  2.8274597528353318E-01
    34   3.2300000              76800  2.8274576564853704E-01
    35   3.3250000              76800  2.8274554328125495E-01
    36   3.4200000              76800  2.8274531049109608E-01
    37   3.5150000              76800  2.8274507136392502E-01
    38   3.6100000              76800  2.8274483161521369E-01
    39   3.7050000              76800  2.8274459679341218E-01
    40   3.8000000              76800  2.8274437075590148E-01
    41   3.8950000              76800  2.8274415572634271E-01
    42   3.9900000              76800  2.8274395330879737E-01
    43   4.0850000              76800  2.8274376539962026E-01
    44   4.1800000              76800  2.8274359460276338E-01
    45   4.2750000              76800  2.8274344425418008E-01
    46   4.3700000              76800  2.8274331817553244E-01
    47   4.4650000              76800  2.8274321974473737E-01
    48   4.5600000              76800  2.8274315015479790E-01
    49   4.6550000              76800  2.8274310749316539E-01
    50   4.7500000              76800  2.8274308843764229E-01
    51   4.8450000              76800  2.8274309149958421E-01
    52   4.9400000              76800  2.8274311871111180E-01
    53   5.0350000              76800  2.8274317411182104E-01
    54   5.1300000              76800  2.8274326033522584E-01
    55   5.2250000              76800  2.8274337613002909E-01
    56   5.3200000              76800  2.8274351654429253E-01
    57   5.4150000              76800  2.8274367516147569E-01
    58   5.5100000              76800  2.8274384680516573E-01
    59   5.6050000              76800  2.8274402922772451E-01
    60   5.7000000              76800  2.8274422234903618E-01
    61   5.7950000              76800  2.8274442537847710E-01
    62   5.8900000              76800  2.8274463485525914E-01
    63   5.9850000              76800  2.8274484561894064E-01
    64   6.0800000              76800  2.8274505290621782E-01
    65   6.1750000              76800  2.8274525309653220E-01
    66   6.2700000              76800  2.8274544318841188E-01
    67   6.3650000              76800  2.8274562027515704E-01
    68   6.4600000              76800  2.8274578131396688E-01
    69   6.5550000              76800  2.8274592278554933E-01
    70   6.6500000              76800  2.8274604046603913E-01
    71   6.7450000              76800  2.8274613007509264E-01
    72   6.8400000              76800  2.8274618842042942E-01
    73   6.9350000              76800  2.8274621365705155E-01
    74   7.0300000              76800  2.8274620477227608E-01
    75   7.1250000              76800  2.8274616147452103E-01
    76   7.2200000              76800  2.8274608404700508E-01
    77   7.3150000              76800  2.8274597243721217E-01
    78   7.4100000              76800  2.8274582619804517E-01
    79   7.5050000              76800  2.8274564658416346E-01
    80   7.6000000              76800  2.8274543827809684E-01
    81   7.6950000              76800  2.8274520746221388E-01
    82   7.7900000              76800  2.8274495740086281E-01
    83   7.8850000              76800  2.8274468626117077E-01
    84   7.9800000              76800  2.8274438997260654E-01
    85   8.0750000              76800  2.8274406765215904E-01
    86   8.1700000              76800  2.8274372421437166E-01
    87   8.2650000              76800  2.8274336796165644E-01
    88   8.3600000              76800  2.8274300646064821E-01
    89   8.4550000              76800  2.8274264451815440E-01
    90   8.5500000              76800  2.8274228425693948E-01
    91   8.6450000              76800  2.8274192589202235E-01
    92   8.7400000              76800  2.8274156910648279E-01
    93   8.8350000              76800  2.8274121479768360E-01
    94   8.9300000              76800  2.8274086599846215E-01
    95   9.0250000              76800  2.8274052705033609E-01
    96   9.1200000              76800  2.8274020127903587E-01
    97   9.2150000              76800  2.8273988908279313E-01
    98   9.3100000              76800  2.8273958869505056E-01
    99   9.4050000              76800  2.8273929914631291E-01
   100   9.5000000              76800  2.8273902252875760E-01
   101   9.5950000              76800  2.8273876382018548E-01
   102   9.6900000              76800  2.8273852835698715E-01
   103   9.7850000              76800  2.8273831765624324E-01
   104   9.8800000              76800  2.8273812573895885E-01
   105   9.9750000              76800  2.8273793930392449E-01
   106   10.070000              76800  2.8273774281678110E-01
   107   10.165000              76800  2.8273752525643225E-01
   108   10.260000              76800  2.8273728362232309E-01
   109   10.355000              76800  2.8273702115480182E-01
   110   10.450000              76800  2.8273674234458573E-01
   111   10.545000              76800  2.8273644824481181E-01
   112   10.640000              76800  2.8273613448797563E-01
   113   10.735000              76800  2.8273579272885274E-01
   114   10.830000              76800  2.8273541396947466E-01
   115   10.925000              76800  2.8273499031238813E-01
   116   11.020000              76800  2.8273451358440038E-01
   117   11.115000              76800  2.8273397402062006E-01
   118   11.210000              76800  2.8273336253545694E-01
   119   11.305000              76800  2.8273267389510170E-01
   120   11.400000              76800  2.8273190492086503E-01
   121   11.495000              76800  2.8273104890406831E-01
   122   11.590000              76800  2.8273009468162108E-01
   123   11.685000              76800  2.8272903298891527E-01
   124   11.780000              76800  2.8272786142604905E-01
   125   11.875000              76800  2.8272658079529916E-01
   126   11.970000              76800  2.8272518772890071E-01
   127   12.065000              76800  2.8272367319901159E-01
   128   12.160000              76800  2.8272202824397075E-01
   129   12.255000              76800  2.8272024891961767E-01
   130   12.350000              76800  2.8271833346124614E-01
   131   12.445000              76800  2.8271627503209895E-01
   132   12.540000              76800  2.8271406005354432E-01
   133   12.635000              76800  2.8271167473163022E-01
   134   12.730000              76800  2.8270911117465775E-01
   135   12.825000              76800  2.8270636644246327E-01
   136   12.920000              76800  2.8270343899464978E-01
   137   13.015000              76800  2.8270032926604943E-01
   138   13.110000              76800  2.8269704170791921E-01
   139   13.205000              76800  2.8269358042689285E-01
   140   13.300000              76800  2.8268993913331225E-01
   141   13.395000              76800  2.8268609605570155E-01
   142   13.490000              76800  2.8268201957887917E-01
   143   13.585000              76800  2.8267767778936143E-01
   144   13.680000              76800  2.8267304386584280E-01
   145   13.775000              76800  2.8266809751750444E-01
   146   13.870000              76800  2.8266282473254845E-01
   147   13.965000              76800  2.8265721457584525E-01
   148   14.060000              76800  2.8265125373302857E-01
   149   14.155000              76800  2.8264492427133209E-01
   150   14.250000              76800  2.8263820697038716E-01
   151   14.345000              76800  2.8263108414228355E-01
   152   14.440000              76800  2.8262353550268365E-01
   153   14.535000              76800  2.8261553061619366E-01
   154   14.630000              76800  2.8260702745768385E-01
   155   14.725000              76800  2.8259797943514864E-01
   156   14.820000              76800  2.8258834280648704E-01
   157   14.915000              76800  2.8257807642906069E-01
   158   15.010000              76800  2.8256713524781230E-01
   159   15.105000              76800  2.8255546615835769E-01
   160   15.200000              76800  2.8254301133972104E-01
   161   15.295000              76800  2.8252971383222436E-01
   162   15.390000              76800  2.8251551704964151E-01
   163   15.485000              76800  2.8250035944038226E-01
   164   15.580000              76800  2.8248417308312729E-01
   165   15.675000              76800  2.8246688747033233E-01
   166   15.770000              76800  2.8244842900611933E-01
   167   15.865000              76800  2.8242871205561809E-01
   168   15.960000              76800  2.8240763242141970E-01
   169   16.055000              76800  2.8238507554408210E-01
   170   16.150000              76800  2.8236093579016924E-01
   171   16.245000              76800  2.8233513124686527E-01
   172   16.340000              76800  2.8230760353615392E-01
   173   16.435000              76800  2.8227830274619869E-01
   174   16.530000              76800  2.8224716222307050E-01
   175   16.625000              76800  2.8221407244865504E-01
   176   16.720000              76800  2.8217887009470705E-01
   177   16.815000              76800  2.8214135385698591E-01
   178   16.910000              76800  2.8210131921607795E-01
   179   17.005000              76800  2.8205858958163832E-01
   180   17.100000              76800  2.8201302601853262E-01
   181   17.195000              76800  2.8196451440153225E-01
   182   17.290000              76800  2.8191294312652543E-01
   183   17.385000              76800  2.8185818752129849E-01
   184   17.480000              76800  2.8180010655537829E-01
   185   17.575000              76800  2.8173854316399527E-01
   186   17.670000              76800  2.8167331832423781E-01
   187   17.765000              76800  2.8160422209114233E-01
   188   17.860000              76800  2.8153101381544771E-01
   189   17.955000              76800  2.8145343650878829E-01
   190   18.050000              76800  2.8137123721804808E-01
   191   18.145000              76800  2.8128418265148886E-01
   192   18.240000              76800  2.8119206430775279E-01
   193   18.335000              76800  2.8109468934107229E-01
   194   18.430000              76800  2.8099185868751708E-01
   195   18.525000              76800  2.8088334965399969E-01
   196   18.620000              76800  2.8076892408003234E-01
   197   18.715000              76800  2.8064835352506057E-01
   198   18.810000              76800  2.8052142752233566E-01
   199   18.905000              76800  2.8038793579042764E-01
   200   19.000000              76800  2.8024765203989910E-01
   201   19.095000              76800  2.8010033309169635E-01
   202   19.190000              76800  2.7994571291905379E-01
   203   19.285000              76800  2.7978348940515119E-01
   204   19.380000              76800  2.7961334056567932E-01
   205   19.475000              76800  2.7943498428426161E-01
   206   19.570000              76800  2.7924823874736598E-01
   207   19.665000              76800  2.7905303517064095E-01
   208   19.760000              76800  2.7884937518916553E-01
   209   19.855000              76800  2.7863725697357222E-01
   210   19.950000              76800  2.7841660817265684E-01
   211   20.045000              76800  2.7818726570912788E-01
   212   20.140000              76800  2.7794901768790553E-01
   213   20.235000              76800  2.7770167851625910E-01
   214   20.330000              76800  2.7744514407633358E-01
   215   20.425000              76800  2.7717939480718057E-01
   216   20.520000              76800  2.7690446429843213E-01
   217   20.615000              76800  2.7662041619509042E-01
   218   20.710000              76800  2.7632734933198466E-01
   219   20.805000              76800  2.7602541054942831E-01
   220   20.900000              76800  2.7571478627697588E-01
   221   20.995000              76800  2.7539567506106238E-01
   222   21.090000              76800  2.7506828484724272E-01
   223   21.185000              76800  2.7473288237469262E-01
   224   21.280000              76800  2.7438984484319251E-01
   225   21.375000              76800  2.7403963111532309E-01
   226   21.470000              76800  2.7368269076667107E-01
   227   21.565000              76800  2.7331943031513284E-01
   228   21.660000              76800  2.7295027098541125E-01
   229   21.755000              76800  2.7257570272218329E-01
   230   21.850000              76800  2.7219627122044071E-01
   231   21.945000              76800  2.7181255829242174E-01
   232   22.040000              76800  2.7142522221670434E-01
   233   22.135000              76800  2.7103506683967948E-01
   234   22.230000              76800  2.7064304732125810E-01
   235   22.325000              76800  2.7025019273275325E-01
   236   22.420000              76800  2.6985752266185359E-01
   237   22.515000              76800  2.6946601748466087E-01
   238   22.610000              76800  2.6907665469191944E-01
   239   22.705000              76800  2.6869048322819589E-01
   240   22.800000              76800  2.6830867848687634E-01
   241   22.895000              76800  2.6793255761574747E-01
   242   22.990000              76800  2.6756356567133444E-01
   243   23.085000              76800  2.6720321900784755E-01
   244   23.180000              76800  2.6685298847309907E-01
   245   23.275000              76800  2.6651416947295381E-01
   246   23.370000              76800  2.6618780870088110E-01
   247   23.465000              76800  2.6587473435229109E-01
   248   23.560000              76800  2.6557564438632197E-01
   249   23.655000              76800  2.6529112354369666E-01
   250   23.750000              76800  2.6502151471186758E-01
   251   23.845000              76800  2.6476673762238895E-01
   252   23.940000              76800  2.6452624067078861E-01
   253   24.035000              76800  2.6429914027041285E-01
   254   24.130000              76800  2.6408440032753278E-01
   255   24.225000              76800  2.6388091061493790E-01
   256   24.320000              76800  2.6368747045107377E-01
   257   24.415000              76800  2.6350274426620535E-01
   258   24.510000              76800  2.6332521045754920E-01
   259   24.605000              76800  2.6315308753452687E-01
   260   24.700000              76800  2.6298433086054007E-01
   261   24.795000              76800  2.6281674460267179E-01
   262   24.890000              76800  2.6264817154826592E-01
   263   24.985000              76800  2.6247671254883254E-01
   264   25.080000              76800  2.6230089141107094E-01
   265   25.175000              76800  2.6211970519062733E-01
   266   25.270000              76800  2.6193255524933856E-01
   267   25.365000              76800  2.6173908285874004E-01
   268   25.460000              76800  2.6153897801244491E-01
   269   25.555000              76800  2.6133184961094125E-01
   270   25.650000              76800  2.6111714241104156E-01
   271   25.745000              76800  2.6089403637756176E-01
   272   25.840000              76800  2.6066137498003183E-01
   273   25.935000              76800  2.6041776058557164E-01
   274   26.030000              76800  2.6016177472529928E-01
   275   26.125000              76800  2.5989212074820622E-01
   276   26.220000              76800  2.5960761385807485E-01
   277   26.315000              76800  2.5930715280964767E-01
   278   26.410000              76800  2.5898977023610037E-01
   279   26.505000              76800  2.5865472158037939E-01
   280   26.600000              76800  2.5830154981330972E-01
   281   26.695000              76800  2.5793013664149128E-01
   282   26.790000              76800  2.5754078196318220E-01
   283   26.885000              76800  2.5713431303285533E-01
   284   26.980000              76800  2.5671222124835502E-01
   285   27.075000              76800  2.5627676297011970E-01
   286   27.170000              76800  2.5583097072287897E-01
   287   27.265000              76800  2.5537863491704527E-01
   288   27.360000              76800  2.5492435408335506E-01
   289   27.455000              76800  2.5447357423586103E-01
   290   27.550000              76800  2.5403244348245468E-01
   291   27.645000              76800  2.5360750088723899E-01
   292   27.740000              76800  2.5320539395874359E-01
   293   27.835000              76800  2.5283272455158023E-01
   294   27.930000              76800  2.5249591570203628E-01
   295   28.025000              76800  2.5220098092073095E-01
   296   28.120000              76800  2.5195326677729779E-01
   297   28.215000              76800  2.5175732711612231E-01
   298   28.310000              76800  2.5161690412432153E-01
   299   28.405000              76800  2.5153484538803250E-01
   300   28.500000              76800  2.5151290820735822E-01
   301   28.595000              76800  2.5155159205653993E-01
   302   28.690000              76800  2.5165013321315693E-01
   303   28.785000              76800  2.5180666355141995E-01
   304   28.880000              76800  2.5201841889278920E-01
   305   28.975000              76800  2.5228189314563426E-01
   306   29.070000              76800  2.5259295159269884E-01
   307   29.165000              76800  2.5294695429092212E-01
   308   29.260000              76800  2.5333889066327292E-01
   309   29.355000              76800  2.5376350755432125E-01
   310   29.450000              76800  2.5421544917747962E-01
   311   29.545000              76800  2.5468938366232097E-01
   312   29.640000              76800  2.5518001109935540E-01
   313   29.735000              76800  2.5568194533113497E-01
   314   29.830000              76800  2.5618959346748449E-01
   315   29.925000              76800  2.5669711522781236E-01
   316   30.020000              76800  2.5719842006592941E-01
   317   30.115000              76800  2.5768717139680131E-01
   318   30.210000              76800  2.5815684224916147E-01
   319   30.305000              76800  2.5860081833144022E-01
   320   30.400000              76800  2.5901249068274262E-01
   321   30.495000              76800  2.5938532805926529E-01
   322   30.590000              76800  2.5971297010429983E-01
   323   30.685000              76800  2.5998934445985217E-01
   324   30.780000              76800  2.6020877149159999E-01
   325   30.875000              76800  2.6036603822732968E-01
   326   30.970000              76800  2.6045647385558224E-01
   327   31.065000              76800  2.6047616880486124E-01
   328   31.160000              76800  2.6042241807097577E-01
   329   31.255000              76800  2.6029421846822387E-01
   330   31.350000              76800  2.6009253864699539E-01
   331   31.445000              76800  2.5982030459058153E-01
   332   31.540000              76800  2.5948231268234662E-01
   333   31.635000              76800  2.5908516561628681E-01
   334   31.730000              76800  2.5863709255577411E-01
   335   31.825000              76800  2.5814754210521274E-01
   336   31.920000              76800  2.5762662472209491E-01
   337   32.015000              76800  2.5708460596258675E-01
   338   32.110000              76800  2.5653161135090158E-01
   339   32.205000              76800  2.5597751277720621E-01
   340   32.300000              76800  2.5543182705479800E-01
   341   32.395000              76800  2.5490353084458006E-01
   342   32.490000              76800  2.5440082373521422E-01
   343   32.585000              76800  2.5393089985236206E-01
   344   32.680000              76800  2.5349981907661023E-01
   345   32.775000              76800  2.5311251684657232E-01
   346   32.870000              76800  2.5277285227622820E-01
   347   32.965000              76800  2.5248362178899575E-01
   348   33.060000              76800  2.5224658183586041E-01
   349   33.155000              76800  2.5206248849825280E-01
   350   33.250000              76800  2.5193108657160895E-01
   351   33.345000              76800  2.5185104772424549E-01
   352   33.440000              76800  2.5181993454157126E-01
   353   33.535000              76800  2.5183426033001510E-01
   354   33.630000              76800  2.5188970607893102E-01
   355   33.725000              76800  2.5198148057149489E-01
   356   33.820000              76800  2.5210471421793607E-01
   357   33.915000              76800  2.5225469888028484E-01
   358   34.010000              76800  2.5242683905111957E-01
   359   34.105000              76800  2.5261641351994335E-01
   360   34.200000              76800  2.5281839754589513E-01
   361   34.295000              76800  2.5302752469591661E-01
   362   34.390000              76800  2.5323853498029719E-01
   363   34.485000              76800  2.5344636081454042E-01
   364   34.580000              76800  2.5364609235101054E-01
   365   34.675000              76800  2.5383280029920330E-01
   366   34.770000              76800  2.5400137697748970E-01
   367   34.865000              76800  2.5414646213232023E-01
   368   34.960000              76800  2.5426251556136764E-01
   369   35.055000              76800  2.5434410417295172E-01
   370   35.150000              76800  2.5438624099794216E-01
   371   35.245000              76800  2.5438454704515656E-01
   372   35.340000              76800  2.5433525088584974E-01
   373   35.435000              76800  2.5423521051850156E-01
   374   35.530000              76800  2.5408203864806234E-01
   375   35.625000              76800  2.5387427179579874E-01
   376   35.720000              76800  2.5361153933081149E-01
   377   35.815000              76800  2.5329469932398846E-01
   378   35.910000              76800  2.5292592925931412E-01
   379   36.005000              76800  2.5250883106746719E-01
   380   36.100000              76800  2.5204856752843696E-01
   381   36.195000              76800  2.5155190304542452E-01
   382   36.290000              76800  2.5102701186553100E-01
   383   36.385000              76800  2.5048304662716026E-01
   384   36.480000              76800  2.4992959524632494E-01
   385   36.575000              76800  2.4937616145889099E-01
   386   36.670000              76800  2.4883164257250479E-01
   387   36.765000              76800  2.4830375424840578E-01
   388   36.860000              76800  2.4779853840480962E-01
   389   36.955000              76800  2.4732017948112839E-01
   390   37.050000              76800  2.4687113513295963E-01
   391   37.145000              76800  2.4645234515768968E-01
   392   37.240000              76800  2.4606339316160047E-01
   393   37.335000              76800  2.4570268995496217E-01
   394   37.430000              76800  2.4536765194560450E-01
   395   37.525000              76800  2.4505482872420023E-01
   396   37.620000              76800  2.4476012508443573E-01
   397   37.715000              76800  2.4447934991726281E-01
   398   37.810000              76800  2.4420917787395688E-01
   399   37.905000              76800  2.4394834485118452E-01
   400   38.000000              76800  2.4369877490988917E-01
   401   38.095000              76800  2.4346629531112840E-01
   402   38.190000              76800  2.4326058361799793E-01
   403   38.285000              76800  2.4309423387762874E-01
   404   38.380000              76800  2.4298130644608495E-01
   405   38.475000              76800  2.4293584654494060E-01
   406   38.570000              76800  2.4297049260418063E-01
   407   38.665000              76800  2.4309516802202569E-01
   408   38.760000              76800  2.4331596273917358E-01
   409   38.855000              76800  2.4363429261710184E-01
   410   38.950000              76800  2.4404639252003224E-01
   411   39.045000              76800  2.4454329467092423E-01
   412   39.140000              76800  2.4511139110442956E-01
   413   39.235000              76800  2.4573346864125528E-01
   414   39.330000              76800  2.4639000948255640E-01
   415   39.425000              76800  2.4706059263893726E-01
   416   39.520000              76800  2.4772522346727432E-01
   417   39.615000              76800  2.4836543900287450E-01
   418   39.710000              76800  2.4896504068204983E-01
   419   39.805000              76800  2.4951048775104839E-01
   420   39.900000              76800  2.4999118078353305E-01
   421   39.995000              76800  2.5039958129725576E-01
   422   40.090000              76800  2.5073095333179596E-01
