! EM field energy per field component
  Iter        Time                          B1                      B2                      B3                      E1                      E2                      E3
     0   0.0000000      0.0000000000000000E+00  0.0000000000000000E+00  0.0000000000000000E+00  0.0000000000000000E+00  0.0000000000000000E+00  0.0000000000000000E+00
     1  0.95000000E-01  0.0000000000000000E+00  9.3886022414716347E-11  9.7803168303288235E-11  1.1316003524385001E-09  1.4066206933079646E-09  1.2275718305297197E-09
     2  0.19000000      0.0000000000000000E+00  1.0540580220387724E-09  1.1062414532264982E-09  4.4585661449662729E-09  4.3167319113902700E-09  3.5977409767057824E-09
     3  0.28500000      0.0000000000000000E+00  3.2447569859242370E-09  3.5583776304449904E-09  9.7836107857905840E-09  7.2277398338776725E-09  5.6406365376953143E-09
     4  0.38000000      0.0000000000000000E+00  5.9093970384241526E-09  7.1471046600397546E-09  1.6792811644089461E-08  9.5497784433416833E-09  7.1964425710847023E-09
     5  0.47500000      0.0000000000000000E+00  8.2819630519662397E-09  1.1363064337545077E-08  2.5074870942551423E-08  1.1067515745424937E-08  8.4674786949275095E-09
     6  0.57000000      0.0000000000000000E+00  1.0162217448551451E-08  1.5507656690475985E-08  3.4146364061501504E-08  1.2112654092344564E-08  9.4992315055798781E-09
     7  0.66500000      0.0000000000000000E+00  1.2038249624438361E-08  1.9156798537011172E-08  4.3481359577983793E-08  1.2881161178252374E-08  9.7807562352932987E-09
     8  0.76000000      0.0000000000000000E+00  1.4283601659788343E-08  2.2228842738062485E-08  5.2543553981412749E-08  1.3451670591775232E-08  9.0310396266318517E-09
     9  0.85500000      0.0000000000000000E+00  1.6581440250010214E-08  2.5100135841729045E-08  6.0818942509758905E-08  1.3567107654478517E-08  7.8245670933473585E-09
    10  0.95000000      0.0000000000000000E+00  1.8475741195965585E-08  2.8139370606391301E-08  6.7846947837432191E-08  1.3020502575391074E-08  6.8331735764123631E-09
    11   1.0450000      0.0000000000000000E+00  1.9744526268784608E-08  3.1168768412423841E-08  7.3248045000283094E-08  1.2146893424851297E-08  6.3361156653718134E-09
    12   1.1400000      0.0000000000000000E+00  2.0292884985328001E-08  3.3830560066053269E-08  7.6746222309816848E-08  1.1357052858387586E-08  6.2737047188474176E-09
    13   1.2350000      0.0000000000000000E+00  1.9997669415104906E-08  3.5985767860067597E-08  7.8184877823886328E-08  1.0974943108668083E-08  6.5112633897569190E-09
    14   1.3300000      0.0000000000000000E+00  1.8934630582872076E-08  3.8187935285360907E-08  7.7535168205492919E-08  1.0667250167134904E-08  6.7272585232628601E-09
    15   1.4250000      0.0000000000000000E+00  1.7382009446432814E-08  4.1111273946367632E-08  7.4896426925105372E-08  9.8446741714448288E-09  6.5752494251086773E-09
    16   1.5200000      0.0000000000000000E+00  1.5454751913276487E-08  4.4589610825273325E-08  7.0488623060780873E-08  8.5613473199082533E-09  6.1816011445456271E-09
    17   1.6150000      0.0000000000000000E+00  1.3231718353275583E-08  4.7896823342935822E-08  6.4637364082697900E-08  7.2693112544655407E-09  5.8836220991911351E-09
    18   1.7100000      0.0000000000000000E+00  1.1090015915124940E-08  5.0493392503122953E-08  5.7752434884429253E-08  6.2673286403321476E-09  5.6580033567214748E-09
    19   1.8050000      0.0000000000000000E+00  9.4517130694183357E-09  5.2105010823078815E-08  5.0301387121428363E-08  5.7788335069981497E-09  5.3290601136622397E-09
    20   1.9000000      0.0000000000000000E+00  8.4138167433273197E-09  5.2735045819751240E-08  4.2779734734475309E-08  5.8791249507786634E-09  4.9512690983630134E-09
    21   1.9950000      0.0000000000000000E+00  7.7368901927508123E-09  5.2995184421224288E-08  3.5679711729394566E-08  6.1131471312866571E-09  4.8171153691242063E-09
    22   2.0900000      0.0000000000000000E+00  7.1256216661321773E-09  5.3848084334396306E-08  2.9459617828472163E-08  6.0450406467841263E-09  5.2058781193309177E-09
    23   2.1850000      0.0000000000000000E+00  6.6731343076837512E-09  5.6072383450847415E-08  2.4515562359579256E-08  5.8357860044626565E-09  5.9243039706313626E-09
    24   2.2800000      0.0000000000000000E+00  6.7643224452506271E-09  6.0045438164681979E-08  2.1157400709539119E-08  5.8787686236096495E-09  6.4522614376390706E-09
    25   2.3750000      0.0000000000000000E+00  7.5746613901931084E-09  6.5557645037750862E-08  1.9590345153063621E-08  6.2945906083301253E-09  6.5420570306907929E-09
    26   2.4700000      0.0000000000000000E+00  8.9461093923073209E-09  7.1637959973384461E-08  1.9903462113935101E-08  7.1215831560471331E-09  6.2302621356780818E-09
    27   2.5650000      0.0000000000000000E+00  1.0301813761786660E-08  7.7326033866167396E-08  2.2065595745095196E-08  8.1243258525978808E-09  5.9927027597351761E-09
    28   2.6600000      0.0000000000000000E+00  1.1277664299146139E-08  8.2452502975001068E-08  2.5928873755411639E-08  8.6868959991718220E-09  6.0207754762577535E-09
    29   2.7550000      0.0000000000000000E+00  1.2005755702620483E-08  8.7180399481993996E-08  3.1239609252366603E-08  8.8225173320716674E-09  5.9436034864180148E-09
    30   2.8500000      0.0000000000000000E+00  1.2433731229996234E-08  9.2049479053547222E-08  3.7655822379202164E-08  8.8194721759961345E-09  5.7774168926786491E-09
    31   2.9450000      0.0000000000000000E+00  1.2296740401466091E-08  9.7881709153250117E-08  4.4770054133230428E-08  8.8177709777047443E-09  5.9252225810025862E-09
    32   3.0400000      0.0000000000000000E+00  1.1516015186904351E-08  1.0514003522890283E-07  5.2136049236716046E-08  9.2381465146774019E-09  6.6690400535633853E-09
    33   3.1350000      0.0000000000000000E+00  1.0484003006622907E-08  1.1431709144885228E-07  5.9297593263653092E-08  9.8997139081233991E-09  7.7147408385241537E-09
    34   3.2300000      0.0000000000000000E+00  9.7712147414084142E-09  1.2570264177483873E-07  6.5817530414941420E-08  1.0243658756830904E-08  8.4256005726222843E-09
    35   3.3250000      0.0000000000000000E+00  9.4925768667810190E-09  1.3875548457694610E-07  7.1305193207888647E-08  1.0321613415372763E-08  8.5948967413845445E-09
    36   3.4200000      0.0000000000000000E+00  9.4154429921105127E-09  1.5251156809516622E-07  7.5440516694122495E-08  1.0641045985067945E-08  8.3743437984854933E-09
    37   3.5150000      0.0000000000000000E+00  9.4701459690199106E-09  1.6648998479322380E-07  7.7993323254067224E-08  1.1297754982768793E-08  7.7700493505227941E-09
    38   3.6100000      0.0000000000000000E+00  9.7947410909457649E-09  1.8081091906023345E-07  7.8836604089325910E-08  1.1718471023235438E-08  6.6215119304960213E-09
    39   3.7050000      0.0000000000000000E+00  1.0231568742232125E-08  1.9518791186375463E-07  7.7952979421263723E-08  1.1702934013276237E-08  5.2158786990834595E-09
    40   3.8000000      0.0000000000000000E+00  1.0345057711348616E-08  2.0875466669749481E-07  7.5434035963798987E-08  1.1483512553450855E-08  4.2316187468316852E-09
    41   3.8950000      0.0000000000000000E+00  9.9678049492121470E-09  2.2070910081642021E-07  7.1472716470071862E-08  1.1139131708324991E-08  4.0655484522496358E-09
    42   3.9900000      0.0000000000000000E+00  9.4724169816518181E-09  2.3065197023037731E-07  6.6349329673498286E-08  1.0913962510571366E-08  4.5117624568591509E-09
    43   4.0850000      0.0000000000000000E+00  9.4665214836817756E-09  2.3927527988949755E-07  6.0412152631268014E-08  1.0906627107405645E-08  4.9923911901141121E-09
    44   4.1800000      0.0000000000000000E+00  9.9767863822676667E-09  2.4831876838126448E-07  5.4053993407511108E-08  1.0828253073721268E-08  5.4728784753217097E-09
    45   4.2750000      0.0000000000000000E+00  1.0649931520575824E-08  2.5932350492557516E-07  4.7686256980748933E-08  1.0593311007751527E-08  6.1676465850556919E-09
    46   4.3700000      0.0000000000000000E+00  1.1389839907705290E-08  2.7305743600379481E-07  4.1712103514195056E-08  1.0322860953166049E-08  6.8344120108206035E-09
    47   4.4650000      0.0000000000000000E+00  1.2219619170398198E-08  2.8979024558479561E-07  3.6500538065468052E-08  1.0262012479616055E-08  7.1669882731329439E-09
    48   4.5600000      0.0000000000000000E+00  1.3205380162451405E-08  3.0978771799825437E-07  3.2363225112972621E-08  1.0844552677181657E-08  6.8989994749673583E-09
    49   4.6550000      0.0000000000000000E+00  1.4118324321006053E-08  3.3385435994690954E-07  2.9535357285941357E-08  1.2218482406796082E-08  6.2154499454861855E-09
    50   4.7500000      0.0000000000000000E+00  1.4460778364830004E-08  3.6316125509078057E-07  2.8161739559470695E-08  1.3877129720601328E-08  5.6953653145663442E-09
    51   4.8450000      0.0000000000000000E+00  1.4025600809584596E-08  3.9789625287522093E-07  2.8289015095772415E-08  1.5331103979354780E-08  5.6494449343827599E-09
    52   4.9400000      0.0000000000000000E+00  1.3070447112941409E-08  4.3635217983741449E-07  2.9864434162591165E-08  1.6581898335470495E-08  5.9831618152619306E-09
    53   5.0350000      0.0000000000000000E+00  1.2107092997340550E-08  4.7580477698674889E-07  3.2741058144568778E-08  1.7490135666306874E-08  6.3603639793850533E-09
    54   5.1300000      0.0000000000000000E+00  1.1392936335217788E-08  5.1384845338748704E-07  3.6688993609815441E-08  1.7794358297246025E-08  6.6426743114058767E-09
    55   5.2250000      0.0000000000000000E+00  1.0730386163505465E-08  5.4931170809578607E-07  4.1411930370785852E-08  1.7534098310289442E-08  7.0254166964542528E-09
    56   5.3200000      0.0000000000000000E+00  9.9548748159316213E-09  5.8256601607215663E-07  4.6567842323335961E-08  1.6732316478705420E-08  7.4875969029810062E-09
    57   5.4150000      0.0000000000000000E+00  9.1940403530424447E-09  6.1472676491145522E-07  5.1792339715655706E-08  1.5306871897039792E-08  7.6535017333490671E-09
    58   5.5100000      0.0000000000000000E+00  8.5357491719409192E-09  6.4671745718574278E-07  5.6723108393970011E-08  1.3461184680363377E-08  7.3873037123288155E-09
    59   5.6050000      0.0000000000000000E+00  7.9964779778669938E-09  6.7938254832425048E-07  6.1023785967724639E-08  1.1719730152444717E-08  6.8590897772248417E-09
    60   5.7000000      0.0000000000000000E+00  7.6756773118546265E-09  7.1392008932436341E-07  6.4405774138652188E-08  1.0563092778797258E-08  6.2399046365820677E-09
    61   5.7950000      0.0000000000000000E+00  7.5651028823074950E-09  7.5153233381317302E-07  6.6646569204778129E-08  1.0188699669035994E-08  5.7966153369153803E-09
    62   5.8900000      0.0000000000000000E+00  7.4973106298008333E-09  7.9287940025724188E-07  6.7603498264639966E-08  1.0256160520257920E-08  5.8617532123726968E-09
    63   5.9850000      0.0000000000000000E+00  7.5000010747996528E-09  8.3789639646814051E-07  6.7221953914639431E-08  1.0383354107123654E-08  6.4508903448336201E-09
    64   6.0800000      0.0000000000000000E+00  8.0964729886529965E-09  8.8647399034272900E-07  6.5537679934322632E-08  1.0602599326185599E-08  6.8943943867150438E-09
    65   6.1750000      0.0000000000000000E+00  9.6149323143368618E-09  9.3904652868701343E-07  6.2673040309940930E-08  1.1173756373026408E-08  6.6495418576869377E-09
    66   6.2700000      0.0000000000000000E+00  1.1587321000983916E-08  9.9591886670242611E-07  5.8827645877255717E-08  1.2392265499218966E-08  6.0245191367898255E-09
    67   6.3650000      0.0000000000000000E+00  1.3304189727777192E-08  1.0566357240270455E-06  5.4264018355873238E-08  1.4130850696265139E-08  5.5388781694471535E-09
    68   6.4600000      0.0000000000000000E+00  1.4471787676520178E-08  1.1204441921333284E-06  4.9289265645330792E-08  1.6187222631189652E-08  5.3768254112065103E-09
    69   6.5550000      0.0000000000000000E+00  1.5707122721411382E-08  1.1883822651770264E-06  4.4234095360808240E-08  1.7971968750271037E-08  4.8109292036651726E-09
    70   6.6500000      0.0000000000000000E+00  1.7349278248510247E-08  1.2633306213868233E-06  3.9430465550014997E-08  1.9248937551189669E-08  3.4527202429866174E-09
    71   6.7450000      0.0000000000000000E+00  1.8054342338653987E-08  1.3473898299355761E-06  3.5189578258716411E-08  2.1658999826861359E-08  2.9992730435194951E-09
    72   6.8400000      0.0000000000000000E+00  1.6982134745914706E-08  1.4417228266383949E-06  3.1781561148094157E-08  2.5917619729511376E-08  4.3926879362120835E-09
    73   6.9350000      0.0000000000000000E+00  1.4872238916829569E-08  1.5464331746487811E-06  2.9418129628402690E-08  3.0985967041352787E-08  6.6060674794487983E-09
    74   7.0300000      0.0000000000000000E+00  1.2638084954949740E-08  1.6602438021908595E-06  2.8239360822960649E-08  3.5658628623113649E-08  8.4852504196031531E-09
    75   7.1250000      0.0000000000000000E+00  1.0745323338299000E-08  1.7814468074284467E-06  2.8305474294230142E-08  3.8762735402604004E-08  9.4104771454688852E-09
    76   7.2200000      0.0000000000000000E+00  9.0601452316023258E-09  1.9078959409635496E-06  2.9593991694111810E-08  3.9977832669844165E-08  9.6090297398607714E-09
    77   7.3150000      0.0000000000000000E+00  7.5192775676849173E-09  2.0374567699187277E-06  3.2002358352589971E-08  3.9656941924990015E-08  9.3363383267030664E-09
    78   7.4100000      0.0000000000000000E+00  6.5246422051634820E-09  2.1690841808916075E-06  3.5355875850169086E-08  3.8603802198182088E-08  8.3390483295507262E-09
    79   7.5050000      0.0000000000000000E+00  6.2894293611168009E-09  2.3041276670748893E-06  3.9420298290876680E-08  3.7609187528419876E-08  6.6643806968513683E-09
    80   7.6000000      0.0000000000000000E+00  6.6077189430854625E-09  2.4465094679423012E-06  4.3918185733315663E-08  3.6836334312358633E-08  4.8858798715612580E-09
    81   7.6950000      0.0000000000000000E+00  7.1628264655936535E-09  2.6006344470683241E-06  4.8547870802702430E-08  3.6344872368514810E-08  3.6638389011436067E-09
    82   7.7900000      0.0000000000000000E+00  7.7430512358948145E-09  2.7693893474451452E-06  5.3003734128102196E-08  3.6142051557632540E-08  3.3349151578808500E-09
    83   7.8850000      0.0000000000000000E+00  8.1249773902197153E-09  2.9533340213360118E-06  5.6996483252726456E-08  3.6500413191935719E-08  3.9724830317533553E-09
    84   7.9800000      0.0000000000000000E+00  8.1570578763636582E-09  3.1517418948146970E-06  6.0272086706722555E-08  3.7591535678914130E-08  5.3961671692712911E-09
    85   8.0750000      0.0000000000000000E+00  8.1108895127337062E-09  3.3638305824370191E-06  6.2627993079537702E-08  3.8809088115465667E-08  6.9349465989760183E-09
    86   8.1700000      0.0000000000000000E+00  8.3921180231322063E-09  3.5880703448976855E-06  6.3925708617351929E-08  3.9430197909477688E-08  7.9350765695539574E-09
    87   8.2650000      0.0000000000000000E+00  9.0621258832235322E-09  3.8213635442876967E-06  6.4098910792965473E-08  3.9282437877271432E-08  8.3315546236041183E-09
    88   8.3600000      0.0000000000000000E+00  9.9962506785340224E-09  4.0600521995279466E-06  6.3156623027531956E-08  3.8613559978486312E-08  8.3232814276955023E-09
    89   8.4550000      0.0000000000000000E+00  1.1163000376065635E-08  4.3018979673483213E-06  6.1181369756431655E-08  3.7967044728466955E-08  7.9574970046596202E-09
    90   8.5500000      0.0000000000000000E+00  1.2588233541910972E-08  4.5473390137581373E-06  5.8322522885496586E-08  3.8328376731888398E-08  7.1768610570180202E-09
    91   8.6450000      0.0000000000000000E+00  1.4178304146966168E-08  4.7999229674611353E-06  5.4785268939168635E-08  4.0431286831331972E-08  6.0428119921936471E-09
    92   8.7400000      0.0000000000000000E+00  1.5523612552571452E-08  5.0657302397104351E-06  5.0816001565258392E-08  4.4265280665355646E-08  4.9785424165390876E-09
    93   8.8350000      0.0000000000000000E+00  1.6126683847857131E-08  5.3520437785419875E-06  4.6685262805782914E-08  4.9610420975912154E-08  4.4832514939266243E-09
    94   8.9300000      0.0000000000000000E+00  1.5854000253515963E-08  5.6662685040887974E-06  4.2669370560102921E-08  5.6508478392161113E-08  4.5686643408186707E-09
    95   9.0250000      0.0000000000000000E+00  1.4894114005869734E-08  6.0153705370415726E-06  3.9031918854800724E-08  6.4952408316410146E-08  4.9477275921728025E-09
    96   9.1200000      0.0000000000000000E+00  1.3692666610906701E-08  6.4050899636305949E-06  3.6006357107770506E-08  7.4859811192188943E-08  5.1481093890547140E-09
    97   9.2150000      0.0000000000000000E+00  1.2460175926097034E-08  6.8393835158949535E-06  3.3780996921925730E-08  8.6080633414446492E-08  5.1156202988120204E-09
    98   9.3100000      0.0000000000000000E+00  1.1024449838614620E-08  7.3206286497779039E-06  3.2487382267159480E-08  9.7607125314159582E-08  5.3634270268423618E-09
    99   9.4050000      0.0000000000000000E+00  9.5757904929653536E-09  7.8489686572212135E-06  3.2192614028425458E-08  1.0816056632258702E-07  5.9106297973672638E-09
   100   9.5000000      0.0000000000000000E+00  8.5584241451451132E-09  8.4217382008986137E-06  3.2896067144565109E-08  1.1693989555699376E-07  6.4018206952769757E-09
   101   9.5950000      0.0000000000000000E+00  8.1513056244093714E-09  9.0337005243923018E-06  3.4530768402865022E-08  1.2324029689945703E-07  6.6788913864291118E-09
   102   9.6900000      0.0000000000000000E+00  8.0763270879653318E-09  9.6766572750978791E-06  3.6969332121713484E-08  1.2726458058155959E-07  7.0002723565255854E-09
   103   9.7850000      0.0000000000000000E+00  7.9325763050792955E-09  1.0341087798589620E-05  4.0033719319159599E-08  1.2988124502556013E-07  7.6988496800423156E-09
   104   9.8800000      0.0000000000000000E+00  7.7706344327184474E-09  1.1020424087449734E-05  4.3508222050338962E-08  1.3161514254980709E-07  8.5121959392047264E-09
   105   9.9750000      0.0000000000000000E+00  7.8764429791028711E-09  1.1714909023252914E-05  4.7154741492799310E-08  1.3293113868296805E-07  8.9246595859247836E-09
   106   10.070000      0.0000000000000000E+00  8.2910857827109347E-09  1.2432704253987015E-05  5.0729285205237167E-08  1.3479765493128981E-07  8.8019137236511921E-09
   107   10.165000      0.0000000000000000E+00  8.8884886833155803E-09  1.3187485088118023E-05  5.3998542218438057E-08  1.3847162549747895E-07  8.3473507862713921E-09
   108   10.260000      0.0000000000000000E+00  9.8051679171519735E-09  1.3994048587548685E-05  5.6755417167508738E-08  1.4434442944400044E-07  7.5451158765576647E-09
   109   10.355000      0.0000000000000000E+00  1.1281584763220062E-08  1.4863844227430905E-05  5.8832468949728761E-08  1.5205184665266548E-07  6.2299684636882518E-09
   110   10.450000      0.0000000000000000E+00  1.3096043033156871E-08  1.5803513035272255E-05  6.0112435810932382E-08  1.6134839273194948E-07  4.6609214137125181E-09
   111   10.545000      0.0000000000000000E+00  1.4555489372027533E-08  1.6817300164435010E-05  6.0535220913054397E-08  1.7189759741806043E-07  3.4896986167509517E-09
   112   10.640000      0.0000000000000000E+00  1.5016606987222109E-08  1.7909222057224683E-05  6.0100747919013369E-08  1.8350613196538063E-07  3.2900154892461838E-09
   113   10.735000      0.0000000000000000E+00  1.4575172724096662E-08  1.9083112037099491E-05  5.8867684077762482E-08  1.9630424757856102E-07  3.8144930957217411E-09
   114   10.830000      0.0000000000000000E+00  1.3703454433902584E-08  2.0341933101575343E-05  5.6948087443139527E-08  2.1013586892227930E-07  4.4798392930278513E-09
   115   10.925000      0.0000000000000000E+00  1.2573651721208020E-08  2.1687450531755743E-05  5.4498459281412350E-08  2.2472188190661161E-07  5.2080708397135943E-09
   116   11.020000      0.0000000000000000E+00  1.1327520033391776E-08  2.3121234259595891E-05  5.1708017073839585E-08  2.3991009103796152E-07  5.9808590553705997E-09
   117   11.115000      0.0000000000000000E+00  1.0138636988826905E-08  2.4646065382077906E-05  4.8784958145130787E-08  2.5562104680983866E-07  6.7502021286371987E-09
   118   11.210000      0.0000000000000000E+00  9.2767128653471761E-09  2.6266596567229260E-05  4.5941594242072578E-08  2.7214111208149834E-07  7.2584184948757333E-09
   119   11.305000      0.0000000000000000E+00  8.9774481958172741E-09  2.7990234134292664E-05  4.3379524526687518E-08  2.9016225706905921E-07  7.1414196764920901E-09
   120   11.400000      0.0000000000000000E+00  9.0277185773557118E-09  2.9828303398605270E-05  4.1275748379098858E-08  3.0992728317102200E-07  6.5564925040029842E-09
   121   11.495000      0.0000000000000000E+00  9.0000918197644358E-09  3.1794491091054711E-05  3.9770685801059230E-08  3.3088744805372812E-07  6.0008134821560180E-09
   122   11.590000      0.0000000000000000E+00  8.6548316826260569E-09  3.3899546520672022E-05  3.8959010065419830E-08  3.5254835155834063E-07  5.9375477131753276E-09
   123   11.685000      0.0000000000000000E+00  8.2285963956338189E-09  3.6146876828169400E-05  3.8883880376645225E-08  3.7473013369767200E-07  6.3751602888459068E-09
   124   11.780000      0.0000000000000000E+00  8.2414561561403848E-09  3.8533720811969315E-05  3.9534890453959745E-08  3.9735564803611054E-07  6.9113110618081965E-09
   125   11.875000      0.0000000000000000E+00  8.8614014474366290E-09  4.1058015048141450E-05  4.0849852503565889E-08  4.2091437779363728E-07  7.3549819801887286E-09
   126   11.970000      0.0000000000000000E+00  9.8087359615578023E-09  4.3726860497485517E-05  4.2720163426025257E-08  4.4638365221825658E-07  7.8346419560097744E-09
   127   12.065000      0.0000000000000000E+00  1.0890907004604459E-08  4.6560022511590561E-05  4.4999319913793077E-08  4.7454124348565515E-07  8.2340842019328199E-09
   128   12.160000      0.0000000000000000E+00  1.2058995678875555E-08  4.9585633222032128E-05  4.7513948288777872E-08  5.0564761702224861E-07  8.2687501861248601E-09
   129   12.255000      0.0000000000000000E+00  1.3158034497001353E-08  5.2831756382574991E-05  5.0076722408264285E-08  5.3962433325151961E-07  7.8742293002047390E-09
   130   12.350000      0.0000000000000000E+00  1.4036823898777503E-08  5.6319312198813013E-05  5.2500047138919139E-08  5.7623442948231818E-07  7.0861180631217655E-09
   131   12.445000      0.0000000000000000E+00  1.4635569726144515E-08  6.0059219472903639E-05  5.4609565034699897E-08  6.1539383332254595E-07  5.9627534621908350E-09
   132   12.540000      0.0000000000000000E+00  1.4810548322422424E-08  6.4055053957072340E-05  5.6256545585602451E-08  6.5699989674877783E-07  4.8218157322299396E-09
   133   12.635000      0.0000000000000000E+00  1.4282728276161416E-08  6.8310157445778489E-05  5.7328236062893961E-08  7.0075530824665251E-07  4.3099994477056566E-09
   134   12.730000      0.0000000000000000E+00  1.3166480032549851E-08  7.2835298823907977E-05  5.7755669742873711E-08  7.4654720662383670E-07  4.6509695170101834E-09
   135   12.825000      0.0000000000000000E+00  1.2133448565042420E-08  7.7651746029690287E-05  5.7518262384721964E-08  7.9449467041450639E-07  5.1885192787366722E-09
   136   12.920000      0.0000000000000000E+00  1.1529228750609349E-08  8.2786142148691286E-05  5.6644908565686122E-08  8.4508897002476955E-07  5.3359877913432447E-09
   137   13.015000      0.0000000000000000E+00  1.0934216869059655E-08  8.8260604946798857E-05  5.5211495759200865E-08  8.9888941190948014E-07  5.0983826665670379E-09
   138   13.110000      0.0000000000000000E+00  9.3531626706421723E-09  9.4085622977672261E-05  5.3335038922874212E-08  9.5689553413881345E-07  5.2459693305646434E-09
   139   13.205000      0.0000000000000000E+00  6.6267823492874489E-09  1.0026397278358117E-04  5.1164974488574487E-08  1.0203899217849969E-06  6.1010249695015274E-09
   140   13.300000      0.0000000000000000E+00  4.4186434694004743E-09  1.0680563045052699E-04  4.8872108959082546E-08  1.0898663552885974E-06  6.2769723853331266E-09
   141   13.395000      0.0000000000000000E+00  3.7574242424771643E-09  1.1374235468042176E-04  4.6636075603660002E-08  1.1672173298064521E-06  5.4298247349073924E-09
   142   13.490000      0.0000000000000000E+00  3.9966247005590538E-09  1.2113456870884070E-04  4.4632263916904325E-08  1.2553601673192481E-06  5.0171739940028822E-09
   143   13.585000      0.0000000000000000E+00  4.5660158532619299E-09  1.2906423874816045E-04  4.3019186367185589E-08  1.3551229567263989E-06  5.7638424831050343E-09
   144   13.680000      0.0000000000000000E+00  5.4067192328442425E-09  1.3761394840293577E-04  4.1927154482393203E-08  1.4649470681314750E-06  7.3721572000668166E-09
   145   13.775000      0.0000000000000000E+00  6.8745204009333671E-09  1.4684621445546021E-04  4.1448959134961756E-08  1.5809150040229757E-06  8.7886217890422147E-09
   146   13.870000      0.0000000000000000E+00  9.0501856948740275E-09  1.5679387552001815E-04  4.1633180023014975E-08  1.6982807728619062E-06  9.3263148797292142E-09
   147   13.965000      0.0000000000000000E+00  1.1456144329916648E-08  1.6746501752958932E-04  4.2480702513826894E-08  1.8131677757561941E-06  9.1957628725557956E-09
   148   14.060000      0.0000000000000000E+00  1.3804459792994540E-08  1.7885694677432625E-04  4.3944470081807955E-08  1.9236256870373764E-06  8.5871547208747605E-09
   149   14.155000      0.0000000000000000E+00  1.6138635152675074E-08  1.9097026714163604E-04  4.5932575847338923E-08  2.0302821887401260E-06  7.4443552612093200E-09
   150   14.250000      0.0000000000000000E+00  1.8381664048782164E-08  2.0381845327700787E-04  4.8314554216120830E-08  2.1353707872848253E-06  5.9069153138720131E-09
   151   14.345000      0.0000000000000000E+00  2.0182424477227142E-08  2.1743188540610656E-04  5.0930310510663901E-08  2.2421262957187946E-06  4.4232509526282182E-09
   152   14.440000      0.0000000000000000E+00  2.1156455414313229E-08  2.3185992265776809E-04  5.3601183825253593E-08  2.3540946201958141E-06  3.4568678326285855E-09
   153   14.535000      0.0000000000000000E+00  2.1046569900560342E-08  2.4717206327089063E-04  5.6142296403410124E-08  2.4748344450954436E-06  3.2545800649922873E-09
   154   14.630000      0.0000000000000000E+00  1.9589453626353451E-08  2.6345563581233275E-04  5.8375209219351082E-08  2.6079951713395643E-06  4.0333812457478040E-09
   155   14.725000      0.0000000000000000E+00  1.6844467421750177E-08  2.8080835542648963E-04  6.0140061133304196E-08  2.7562225481241331E-06  5.6058373366656956E-09
   156   14.820000      0.0000000000000000E+00  1.3428050457036614E-08  2.9932675199239472E-04  6.1306484486932125E-08  2.9207242072331103E-06  7.1921068968745793E-09
   157   14.915000      0.0000000000000000E+00  1.0060347250482203E-08  3.1909674198696666E-04  6.1782424756810604E-08  3.1020681000163569E-06  8.0786024365992429E-09
   158   15.010000      0.0000000000000000E+00  7.1622066502710228E-09  3.4019217237835515E-04  6.1520408306317179E-08  3.3010368145999362E-06  8.1263599321022476E-09
   159   15.105000      0.0000000000000000E+00  4.9280943205252170E-09  3.6268088679273992E-04  6.0520833310086367E-08  3.5190130655676891E-06  7.5790711772622467E-09
   160   15.200000      0.0000000000000000E+00  3.4716306394308256E-09  3.8663448344067390E-04  5.8831950508062132E-08  3.7586677250776147E-06  6.7413426335624321E-09
   161   15.295000      0.0000000000000000E+00  2.9076634581315673E-09  4.1214073487689704E-04  5.6546596666809641E-08  4.0238951881555894E-06  5.7137357522764449E-09
   162   15.390000      0.0000000000000000E+00  3.1471114986772554E-09  4.3931688421266785E-04  5.3796022523083418E-08  4.3183310865909293E-06  4.6032065580561994E-09
   163   15.485000      0.0000000000000000E+00  3.7349506808419081E-09  4.6831635872654698E-04  5.0741209808392053E-08  4.6440148469462389E-06  3.8589527415796668E-09
   164   15.580000      0.0000000000000000E+00  4.2487026693188115E-09  4.9932107649434791E-04  4.7562294769019440E-08  5.0009794786012820E-06  3.8984533645957592E-09
   165   15.675000      0.0000000000000000E+00  4.5486580624778467E-09  5.3251975532816402E-04  4.4446839989300203E-08  5.3870724290521674E-06  4.8765061149510259E-09
   166   15.770000      0.0000000000000000E+00  4.9640782727396367E-09  5.6808222000825188E-04  4.1577763184176287E-08  5.7983920047116818E-06  6.3929262119670314E-09
   167   15.865000      0.0000000000000000E+00  6.0874390113965614E-09  6.0614363616333519E-04  3.9121827510379377E-08  6.2310525483895172E-06  7.5853605756532147E-09
   168   15.960000      0.0000000000000000E+00  7.8788878964145538E-09  6.4680841958307815E-04  3.7219391012388009E-08  6.6820589885131917E-06  8.2788912372883500E-09
   169   16.055000      0.0000000000000000E+00  9.8840056533832385E-09  6.9017033900938170E-04  3.5976128384076997E-08  7.1498831936658207E-06  8.7316374264121684E-09
   170   16.150000      0.0000000000000000E+00  1.1843077668649468E-08  7.3633779145089668E-04  3.5457507197690718E-08  7.6356813559371596E-06  8.9651092105367619E-09
   171   16.245000      0.0000000000000000E+00  1.3754861168444938E-08  7.8545573689282216E-04  3.5686159541615657E-08  8.1425303543572863E-06  8.7281002809129722E-09
   172   16.340000      0.0000000000000000E+00  1.5584269467135662E-08  8.3771697154119478E-04  3.6642306843522707E-08  8.6747179790776706E-06  7.8588760495493012E-09
   173   16.435000      0.0000000000000000E+00  1.6937786061665101E-08  8.9336133386646731E-04  3.8267071850010461E-08  9.2373617512932442E-06  6.7910641923062988E-09
   174   16.530000      0.0000000000000000E+00  1.7497159690930256E-08  9.5266639586065102E-04  4.0468492048244978E-08  9.8345027400295121E-06  6.0353771012651870E-09
   175   16.625000      0.0000000000000000E+00  1.7441207096058890E-08  1.0159327549530354E-03  4.3129922447923805E-08  1.0467662958978599E-05  5.5720755933918984E-09
   176   16.720000      0.0000000000000000E+00  1.7114562765614536E-08  1.0834680095657516E-03  4.6120172382149258E-08  1.1135928965640217E-05  5.1143704257110574E-09
   177   16.815000      0.0000000000000000E+00  1.6522822458106660E-08  1.1555726350806551E-03  4.9304404360436162E-08  1.1837412544100344E-05  4.6894480354314340E-09
   178   16.910000      0.0000000000000000E+00  1.5496558304504233E-08  1.2325295736450401E-03  5.2554875414462935E-08  1.2570049032616473E-05  4.5421718685151290E-09
   179   17.005000      0.0000000000000000E+00  1.4201855144419836E-08  1.3145980354472141E-03  5.5761078456847952E-08  1.3332221441078992E-05  4.5768372088089131E-09
   180   17.100000      0.0000000000000000E+00  1.3018631700755428E-08  1.4020149225867633E-03  5.8838309335224899E-08  1.4124793372305168E-05  4.4932407921634240E-09
   181   17.195000      0.0000000000000000E+00  1.2082588262433411E-08  1.4950106786002033E-03  6.1734505679040010E-08  1.4952409046544846E-05  4.2142635525894130E-09
   182   17.290000      0.0000000000000000E+00  1.0989664434983728E-08  1.5938382376485334E-03  6.4434350766528731E-08  1.5823862554783855E-05  4.2658580183769805E-09
   183   17.385000      0.0000000000000000E+00  9.4273655051778641E-09  1.6988028907777141E-03  6.6960440984444621E-08  1.6752134559194152E-05  5.1159648673192650E-09
   184   17.480000      0.0000000000000000E+00  7.8122834421945212E-09  1.8102790016265198E-03  6.9371387712582237E-08  1.7752768035005337E-05  6.4055719827600626E-09
   185   17.575000      0.0000000000000000E+00  6.6872813297711708E-09  1.9287076545257771E-03  7.1757160435021057E-08  1.8841913289612144E-05  7.6506891799081638E-09
   186   17.670000      0.0000000000000000E+00  6.3199531924858099E-09  2.0545854782565687E-03  7.4232284023512335E-08  2.0034988933512092E-05  8.5242133098933557E-09
   187   17.765000      0.0000000000000000E+00  6.5873178142081067E-09  2.1884616645124265E-03  7.6926924452554060E-08  2.1345106039717175E-05  8.9588770073878907E-09
   188   17.860000      0.0000000000000000E+00  7.1434602193516275E-09  2.3309466335670469E-03  7.9976931658844385E-08  2.2781552135954979E-05  9.1159774625424029E-09
   189   17.955000      0.0000000000000000E+00  7.9659732281924491E-09  2.4827174804589766E-03  8.3512713557446603E-08  2.4348738983130549E-05  8.8251062237546655E-09
   190   18.050000      0.0000000000000000E+00  9.1589116169735868E-09  2.6445027107428938E-03  8.7648378916500078E-08  2.6045054177307987E-05  7.8968199258264779E-09
   191   18.145000      0.0000000000000000E+00  1.0593946555480416E-08  2.8170433450797577E-03  9.2472368198735271E-08  2.7862110359317196E-05  6.4487090152463650E-09
   192   18.240000      0.0000000000000000E+00  1.1787753068585323E-08  3.0010449523614024E-03  9.8039634154832506E-08  2.9786435308157724E-05  5.0115264577397082E-09
   193   18.335000      0.0000000000000000E+00  1.2213332773884509E-08  3.1971434369280544E-03  1.0436705639260591E-07  3.1802929942960736E-05  4.2309702287777686E-09
   194   18.430000      0.0000000000000000E+00  1.1885347952074798E-08  3.4058998842284335E-03  1.1142986624179199E-07  3.3898055040528152E-05  4.2123169788716574E-09
   195   18.525000      0.0000000000000000E+00  1.1257590512427976E-08  3.6278241964603263E-03  1.1916100866220997E-07  3.6063307932785950E-05  4.5889677574049103E-09
   196   18.620000      0.0000000000000000E+00  1.0581655292399555E-08  3.8634188546591876E-03  1.2745429897088978E-07  3.8298213719838761E-05  5.1835498772266117E-09
   197   18.715000      0.0000000000000000E+00  9.8689183891006375E-09  4.1132315678141648E-03  1.3617095887532929E-07  4.0611158265882965E-05  5.9535529856175440E-09
   198   18.810000      0.0000000000000000E+00  9.1868674433172340E-09  4.3779036560881715E-03  1.4514876025029260E-07  4.3018049259942398E-05  6.6599236530238946E-09
   199   18.905000      0.0000000000000000E+00  8.5735093215681260E-09  4.6582001383705168E-03  1.5421132907326544E-07  4.5539763569373439E-05  7.1062158685247340E-09
   200   19.000000      0.0000000000000000E+00  8.0131643517397997E-09  4.9550125175732446E-03  1.6318012454772100E-07  4.8199150414725946E-05  7.2732786982612419E-09
   201   19.095000      0.0000000000000000E+00  7.6632271217173128E-09  5.2693366067274082E-03  1.7188885333260073E-07  5.1018342054628184E-05  7.0875041010569948E-09
   202   19.190000      0.0000000000000000E+00  7.8463486961034680E-09  5.6022404091296100E-03  1.8019733594589740E-07  5.4016439289100693E-05  6.3796176837400913E-09
   203   19.285000      0.0000000000000000E+00  8.5277068397928960E-09  5.9548357970129959E-03  1.8800279951582851E-07  5.7207101048115909E-05  5.4095346014035508E-09
   204   19.380000      0.0000000000000000E+00  9.1573418570802056E-09  6.3282535853059364E-03  1.9525001112178604E-07  6.0597880921270083E-05  4.9982374556626335E-09
   205   19.475000      0.0000000000000000E+00  9.4641548831490547E-09  6.7236167901813084E-03  2.0193958980528943E-07  6.4191527021339773E-05  5.4777658091581832E-09
   206   19.570000      0.0000000000000000E+00  9.7737242763826090E-09  7.1420160618105568E-03  2.0813309997372485E-07  6.7989130726711793E-05  6.3959047222433963E-09
   207   19.665000      0.0000000000000000E+00  1.0767150921866523E-08  7.5845040499298065E-03  2.1395494139767282E-07  7.1992651425585550E-05  6.8309844636740293E-09
   208   19.760000      0.0000000000000000E+00  1.2495570757466074E-08  8.0521184052705311E-03  2.1959148641726742E-07  7.6205746339026272E-05  6.5420080781560436E-09
   209   19.855000      0.0000000000000000E+00  1.3843188087571857E-08  8.5459246944590700E-03  2.2528818630171339E-07  8.0633545305968483E-05  6.7682324255972152E-09
   210   19.950000      0.0000000000000000E+00  1.4608957064529999E-08  9.0670595655607308E-03  2.3134616772376277E-07  8.5279027602880276E-05  7.6070752142150780E-09
   211   20.045000      0.0000000000000000E+00  1.5798859495000720E-08  9.6167507286578045E-03  2.3811796321495344E-07  9.0142315981103159E-05  7.6209118074482974E-09
   212   20.140000      0.0000000000000000E+00  1.7447299393321334E-08  1.0196304978571748E-02  2.4599464388179783E-07  9.5222665090616672E-05  6.6543986305372542E-09
   213   20.235000      0.0000000000000000E+00  1.8741582699287024E-08  1.0807065664915487E-02  2.5537799532067983E-07  1.0051623819170425E-04  5.5536853060344921E-09
   214   20.330000      0.0000000000000000E+00  1.8843542728277882E-08  1.1450341270914741E-02  2.6666623049869745E-07  1.0601459415368680E-04  5.3054583374083034E-09
   215   20.425000      0.0000000000000000E+00  1.7650972119421357E-08  1.2127327241015368E-02  2.8024937311764831E-07  1.1170562404653065E-04  6.0717439664594284E-09
   216   20.520000      0.0000000000000000E+00  1.5856177464612550E-08  1.2839061032607664E-02  2.9650739888996824E-07  1.1757831566181036E-04  6.9996812372924634E-09
   217   20.615000      0.0000000000000000E+00  1.3908553529822153E-08  1.3586442542429184E-02  3.1580180668499787E-07  1.2362930188010158E-04  7.5404605690999763E-09
   218   20.710000      0.0000000000000000E+00  1.1863485242788850E-08  1.4370312958795824E-02  3.3845936238639344E-07  1.2986568734769865E-04  7.6874778159211701E-09
   219   20.805000      0.0000000000000000E+00  9.8722779691119790E-09  1.5191546109024229E-02  3.6475018836090033E-07  1.3630429591753149E-04  7.4616458029331829E-09
   220   20.900000      0.0000000000000000E+00  8.2435756135359798E-09  1.6051114173121755E-02  3.9489634348956783E-07  1.4296812527628145E-04  6.8343699973213541E-09
   221   20.995000      0.0000000000000000E+00  7.1679600525930381E-09  1.6950119987249497E-02  4.2908505248946692E-07  1.4988247065372449E-04  5.9269408555995670E-09
   222   21.090000      0.0000000000000000E+00  6.5978499299943655E-09  1.7889799609315502E-02  4.6749823154193445E-07  1.5707024348228797E-04  5.0641650465498954E-09
   223   21.185000      0.0000000000000000E+00  6.4760482764784088E-09  1.8871483881251361E-02  5.1035516716685513E-07  1.6454570056224617E-04  4.4091706746229423E-09
   224   21.280000      0.0000000000000000E+00  6.5889361915277546E-09  1.9896508116154010E-02  5.5792100913356742E-07  1.7231125250065577E-04  4.1767239544759087E-09
   225   21.375000      0.0000000000000000E+00  6.5414929551435964E-09  2.0966098473554490E-02  6.1050300986491585E-07  1.8035898824587254E-04  4.7273562241634538E-09
   226   21.470000      0.0000000000000000E+00  6.2762792464778153E-09  2.2081289453779730E-02  6.6848469025508512E-07  1.8867601432050421E-04  5.9834016768839195E-09
   227   21.565000      0.0000000000000000E+00  6.2297038524967224E-09  2.3242901005669437E-02  7.3235359178156733E-07  1.9724983184980110E-04  7.2708685172752151E-09
   228   21.660000      0.0000000000000000E+00  6.8624138608626889E-09  2.4451550208991320E-02  8.0271016396010303E-07  2.0607109478633967E-04  7.8954719230278219E-09
   229   21.755000      0.0000000000000000E+00  8.2482557603914417E-09  2.5707665483353216E-02  8.8024444716441263E-07  2.1513552801582671E-04  7.6160850290819853E-09
   230   21.850000      0.0000000000000000E+00  1.0013969132712113E-08  2.7011521425892606E-02  9.6563843729899025E-07  2.2444830032194432E-04  6.7578382282135935E-09
   231   21.945000      0.0000000000000000E+00  1.1737756864173118E-08  2.8363339860668357E-02  1.0595984295005566E-06  2.3402839865562100E-04  5.7885474559498186E-09
   232   22.040000      0.0000000000000000E+00  1.3322115736770048E-08  2.9763436564885115E-02  1.1628354473761905E-06  2.4390530722832870E-04  4.8671133135848447E-09
   233   22.135000      0.0000000000000000E+00  1.4741985245686478E-08  3.1212315614364092E-02  1.2760954863875064E-06  2.5410916666554674E-04  4.1138009585611075E-09
   234   22.230000      0.0000000000000000E+00  1.5812425953875423E-08  3.2710650092155805E-02  1.4001187561914923E-06  2.6466229057599483E-04  3.7634981005582033E-09
   235   22.325000      0.0000000000000000E+00  1.6110783710407970E-08  3.4259216811694963E-02  1.5355538290868841E-06  2.7557630714209125E-04  4.1662819382759999E-09
   236   22.420000      0.0000000000000000E+00  1.5205921486757646E-08  3.5858891448456311E-02  1.6831060621467220E-06  2.8685075199722350E-04  5.6341886568631200E-09
   237   22.515000      0.0000000000000000E+00  1.3446924743815805E-08  3.7510683490687619E-02  1.8435392036706629E-06  2.9846919282547704E-04  7.5552448619530460E-09
   238   22.610000      0.0000000000000000E+00  1.1583510177791191E-08  3.9215694003994009E-02  2.0175491668935435E-06  3.1039599548220680E-04  9.0029929806911783E-09
   239   22.705000      0.0000000000000000E+00  1.0008511036454857E-08  4.0974946373311207E-02  2.2056642794877826E-06  3.2257808129152198E-04  9.6513592821359248E-09
   240   22.800000      0.0000000000000000E+00  8.7642896994564576E-09  4.2789185180227646E-02  2.4081970004168874E-06  3.3495403169619823E-04  9.6479242317532390E-09
   241   22.895000      0.0000000000000000E+00  7.8438636200645944E-09  4.4658768914296737E-02  2.6250459956306016E-06  3.4746179053773648E-04  9.2282459954284381E-09
   242   22.990000      0.0000000000000000E+00  7.5209217426856909E-09  4.6583666539221455E-02  2.8557964860660821E-06  3.6004376110472736E-04  8.2713036784626977E-09
   243   23.085000      0.0000000000000000E+00  7.9776854948195095E-09  4.8563484401705360E-02  3.0997128864662570E-06  3.7265394039772624E-04  6.7751933672149833E-09
   244   23.180000      0.0000000000000000E+00  8.9413644612071823E-09  5.0597516647457708E-02  3.3556255595343530E-06  3.8526922406456528E-04  5.2660947816030940E-09
   245   23.275000      0.0000000000000000E+00  1.0021181095103824E-08  5.2684908348817255E-02  3.6220950231196306E-06  3.9789395237791201E-04  4.3003892556246359E-09
   246   23.370000      0.0000000000000000E+00  1.1089313150917556E-08  5.4824941317844648E-02  3.8976024521250133E-06  4.1055055624952255E-04  3.9464646653376031E-09
   247   23.465000      0.0000000000000000E+00  1.2125174483653512E-08  5.7017264904778098E-02  4.1804099619765602E-06  4.2325706063472225E-04  3.9585849220697256E-09
   248   23.560000      0.0000000000000000E+00  1.2859693850468027E-08  5.9261859355024038E-02  4.4685344703379869E-06  4.3600752223973646E-04  4.3187282674040942E-09
   249   23.655000      0.0000000000000000E+00  1.3013692649920864E-08  6.1558720615303458E-02  4.7595031885977503E-06  4.4876718298770516E-04  5.0817635588065382E-09
   250   23.750000      0.0000000000000000E+00  1.2697630525126614E-08  6.3907493327327064E-02  5.0498985764962152E-06  4.6148104978795384E-04  6.0515358638538793E-09
   251   23.845000      0.0000000000000000E+00  1.2494842085440468E-08  6.6307257470617526E-02  5.3349273944276098E-06  4.7408306003741225E-04  6.6776871969082204E-09
   252   23.940000      0.0000000000000000E+00  1.2839389381440314E-08  6.8756447540853013E-02  5.6087958586919094E-06  4.8649868841105746E-04  6.6631193031057073E-09
   253   24.035000      0.0000000000000000E+00  1.3485022952865969E-08  7.1252773520058335E-02  5.8651481890413828E-06  4.9864614968845060E-04  6.4902383788263456E-09
   254   24.130000      0.0000000000000000E+00  1.4098731391644056E-08  7.3793101823257268E-02  6.0974925989027001E-06  5.1043591287778416E-04  6.5461716604915557E-09
   255   24.225000      0.0000000000000000E+00  1.4512662523710046E-08  7.6373354965783485E-02  6.2995120937457440E-06  5.2176307538747758E-04  6.8617363458911714E-09
   256   24.320000      0.0000000000000000E+00  1.4659493228912561E-08  7.8988457498253922E-02  6.4654629651836431E-06  5.3249965208896288E-04  7.2623286652121638E-09
   257   24.415000      0.0000000000000000E+00  1.4546733594437744E-08  8.1632296084958061E-02  6.5904427271982296E-06  5.4249819359969496E-04  7.4389093766444567E-09
   258   24.510000      0.0000000000000000E+00  1.3959921834956428E-08  8.4297685366187508E-02  6.6714408044372329E-06  5.5161433063845994E-04  7.4807759224086378E-09
   259   24.605000      0.0000000000000000E+00  1.2798548342039336E-08  8.6976392646108985E-02  6.7081147354066376E-06  5.5973836584599808E-04  7.5192037364846354E-09
   260   24.700000      0.0000000000000000E+00  1.1337906132395647E-08  8.9659328245396741E-02  6.7018492866594086E-06  5.6681396668156715E-04  7.4531932359833255E-09
   261   24.795000      0.0000000000000000E+00  1.0078525396993599E-08  9.2336911286993936E-02  6.6555101145370876E-06  5.7282535095668104E-04  7.0581600363974896E-09
   262   24.890000      0.0000000000000000E+00  9.3927140857778304E-09  9.4999467909494456E-02  6.5754967861532443E-06  5.7777196226901776E-04  6.2256186445339713E-09
   263   24.985000      0.0000000000000000E+00  9.0996008269117444E-09  9.7637509731359873E-02  6.4730373124479825E-06  5.8165256442453878E-04  5.3657022187260275E-09
   264   25.080000      0.0000000000000000E+00  8.7421309831265447E-09  1.0024184437298654E-01  6.3643081006329025E-06  5.8446007416733728E-04  5.0293862576851479E-09
   265   25.175000      0.0000000000000000E+00  8.1640228333064060E-09  1.0280361551395389E-01  6.2679020746112464E-06  5.8619529746280024E-04  5.2654021928532674E-09
   266   25.270000      0.0000000000000000E+00  7.4423134788578455E-09  1.0531440764293379E-01  6.2022052016758241E-06  5.8686832728283489E-04  5.8168549009179208E-09
   267   25.365000      0.0000000000000000E+00  6.6199709938587710E-09  1.0776647060346836E-01  6.1836466342863022E-06  5.8648668667988287E-04  6.5507095510731348E-09
   268   25.460000      0.0000000000000000E+00  5.9087947676003091E-09  1.1015303783399136E-01  6.2246291271773483E-06  5.8504282007614016E-04  7.2323363320337011E-09
   269   25.555000      0.0000000000000000E+00  5.6919582689447791E-09  1.1246861358633625E-01  6.3323191252542295E-06  5.8250105039755161E-04  7.5239587673228488E-09
   270   25.650000      0.0000000000000000E+00  6.1719862362812934E-09  1.1470903117739750E-01  6.5076083807902704E-06  5.7880990363995269E-04  7.3360497437787569E-09
   271   25.745000      0.0000000000000000E+00  7.2546742957450233E-09  1.1687120773226241E-01  6.7428291259328354E-06  5.7393357238648673E-04  6.8537294979675249E-09
   272   25.840000      0.0000000000000000E+00  8.8678365040099197E-09  1.1895269037144827E-01  7.0228018130289978E-06  5.6790218332715176E-04  6.0769921572979817E-09
   273   25.935000      0.0000000000000000E+00  1.0988178844100032E-08  1.2095119478531338E-01  7.3274057360281587E-06  5.6084379605690203E-04  4.7794419487034411E-09
   274   26.030000      0.0000000000000000E+00  1.3086938571283879E-08  1.2286431528848268E-01  7.6362919992862916E-06  5.5299818863613944E-04  3.3267507451007037E-09
   275   26.125000      0.0000000000000000E+00  1.4287349852907891E-08  1.2468944996300538E-01  7.9344520598256579E-06  5.4469781249462271E-04  2.6048665075118923E-09
   276   26.220000      0.0000000000000000E+00  1.4048762452435030E-08  1.2642381149479048E-01  8.2176515110901058E-06  5.3633754173048546E-04  3.2885032743818704E-09
   277   26.315000      0.0000000000000000E+00  1.2840645425431111E-08  1.2806439905397329E-01  8.4973848292430536E-06  5.2835363654699010E-04  5.0206583485730591E-09
   278   26.410000      0.0000000000000000E+00  1.2003842443649243E-08  1.2960793752373229E-01  8.8020112166816597E-06  5.2120626338886115E-04  6.2603929424903099E-09
   279   26.505000      0.0000000000000000E+00  1.1658309179806956E-08  1.3105084026962627E-01  9.1696099633908126E-06  5.1536248362322589E-04  6.8442223185429348E-09
   280   26.600000      0.0000000000000000E+00  1.0859313605059864E-08  1.3238918961101373E-01  9.6392576923050746E-06  5.1127986628224072E-04  7.9882883005366560E-09
   281   26.695000      0.0000000000000000E+00  9.9632588874676920E-09  1.3361875175498569E-01  1.0245778063466401E-05  5.0936552169593495E-04  9.3826246562889738E-09
   282   26.790000      0.0000000000000000E+00  9.9944427132517003E-09  1.3473505397093030E-01  1.1013924497546937E-05  5.0993959897797263E-04  9.9943266119221127E-09
   283   26.885000      0.0000000000000000E+00  1.1300432221387768E-08  1.3573348751635375E-01  1.1950031292017018E-05  5.1319059739040988E-04  9.3635121235613682E-09
   284   26.980000      0.0000000000000000E+00  1.3161405929976784E-08  1.3660941927227274E-01  1.3041227221071154E-05  5.1915395428138032E-04  7.9768806343351349E-09
   285   27.075000      0.0000000000000000E+00  1.4302716372585588E-08  1.3735835745620237E-01  1.4258490563202041E-05  5.2769276632740883E-04  7.0016104256392062E-09
   286   27.170000      0.0000000000000000E+00  1.4382585025923179E-08  1.3797624585735055E-01  1.5557014692722032E-05  5.3847760114853751E-04  6.7083125482451834E-09
   287   27.265000      0.0000000000000000E+00  1.3961420692643857E-08  1.3845999144399546E-01  1.6879273264692211E-05  5.5094811552948528E-04  6.6142155515715023E-09
   288   27.360000      0.0000000000000000E+00  1.3568503522940380E-08  1.3880815636646718E-01  1.8167339696062631E-05  5.6427816081865612E-04  6.3937664165101305E-09
   289   27.455000      0.0000000000000000E+00  1.3391436520627346E-08  1.3902159295689173E-01  1.9369819606337508E-05  5.7741778113682243E-04  6.0595970587619379E-09
   290   27.550000      0.0000000000000000E+00  1.3533597324252730E-08  1.3910391218103846E-01  2.0450349677834495E-05  5.8919535367091486E-04  5.6413308697559238E-09
   291   27.645000      0.0000000000000000E+00  1.4109793961957903E-08  1.3906176632035963E-01  2.1390078019191971E-05  5.9847076983465515E-04  5.1020902930487602E-09
   292   27.740000      0.0000000000000000E+00  1.5025219532624244E-08  1.3890484594336869E-01  2.2180517554506353E-05  6.0431021679355158E-04  4.5921590144604969E-09
   293   27.835000      0.0000000000000000E+00  1.6087475675425134E-08  1.3864537919499206E-01  2.2820087144732184E-05  6.0618300153455313E-04  4.2315450887040696E-09
   294   27.930000      0.0000000000000000E+00  1.7114074941174244E-08  1.3829717141393280E-01  2.3318418272409139E-05  6.0418615764298563E-04  3.9472656875665424E-09
   295   28.025000      0.0000000000000000E+00  1.7670804919580324E-08  1.3787450028065754E-01  2.3691379182586826E-05  5.9921579666818796E-04  3.9525547594768977E-09
   296   28.120000      0.0000000000000000E+00  1.7326730067022918E-08  1.3739117284771829E-01  2.3955475575340309E-05  5.9302230175505835E-04  4.6351896804052964E-09
   297   28.215000      0.0000000000000000E+00  1.6209269988396300E-08  1.3685985963504263E-01  2.4122958758905126E-05  5.8810059161553546E-04  5.9676202038362442E-09
   298   28.310000      0.0000000000000000E+00  1.5008853336885006E-08  1.3629151937454317E-01  2.4201746927597414E-05  5.8744991303382094E-04  7.3778078656673177E-09
   299   28.405000      0.0000000000000000E+00  1.4456810112068200E-08  1.3569481263986855E-01  2.4197594101057218E-05  5.9422268099096570E-04  8.1545419836968860E-09
   300   28.500000      0.0000000000000000E+00  1.4724988823271862E-08  1.3507558824403271E-01  2.4118186728300176E-05  6.1129635277602486E-04  8.0582170765655694E-09
   301   28.595000      0.0000000000000000E+00  1.5315648887136649E-08  1.3443664031632294E-01  2.3984668411882734E-05  6.4076518609336387E-04  7.5268703923104895E-09
   302   28.690000      0.0000000000000000E+00  1.5699923960256464E-08  1.3377786890377544E-01  2.3832048194362968E-05  6.8342835023672485E-04  7.0015987570841823E-09
   303   28.785000      0.0000000000000000E+00  1.5694021389193760E-08  1.3309680279371464E-01  2.3706277920565684E-05  7.3839001162053744E-04  6.6074316807284837E-09
   304   28.880000      0.0000000000000000E+00  1.5408313063268460E-08  1.3238933864626387E-01  2.3665591140955086E-05  8.0285446843990815E-04  6.2983643577856496E-09
   305   28.975000      0.0000000000000000E+00  1.5040850390999214E-08  1.3165040186665136E-01  2.3777046571636626E-05  8.7222667664507724E-04  6.0171471427473407E-09
   306   29.070000      0.0000000000000000E+00  1.4396040868283361E-08  1.3087437816181149E-01  2.4107846040026900E-05  9.4054425423630364E-04  6.2404654304991818E-09
   307   29.165000      0.0000000000000000E+00  1.3376464455946385E-08  1.3005542224349598E-01  2.4711700855504838E-05  1.0012022542498155E-03  7.2476590968742254E-09
   308   29.260000      0.0000000000000000E+00  1.2478822677789602E-08  1.2918783803823838E-01  2.5614432320044610E-05  1.0478050002334228E-03  8.4216520419685841E-09
   309   29.355000      0.0000000000000000E+00  1.2233899845045566E-08  1.2826652439601571E-01  2.6802097103186289E-05  1.0750144912275959E-03  8.9908117467689395E-09
   310   29.450000      0.0000000000000000E+00  1.2764579031966067E-08  1.2728733696371008E-01  2.8230244356765036E-05  1.0792715948479842E-03  8.5924014984676685E-09
   311   29.545000      0.0000000000000000E+00  1.3655593822597848E-08  1.2624730186332922E-01  2.9835403237625644E-05  1.0592292456522215E-03  7.5726489175126262E-09
   312   29.640000      0.0000000000000000E+00  1.4487621478247539E-08  1.2514477627275480E-01  3.1538606728119435E-05  1.0158583732453475E-03  6.3691907573332525E-09
   313   29.735000      0.0000000000000000E+00  1.5218064751870518E-08  1.2397962531244727E-01  3.3258096741260001E-05  9.5224286271654551E-04  5.0213164571625816E-09
   314   29.830000      0.0000000000000000E+00  1.5804104227581319E-08  1.2275330253466206E-01  3.4928030928172324E-05  8.7319531595457945E-04  3.6310495145796295E-09
   315   29.925000      0.0000000000000000E+00  1.5971390848557398E-08  1.2146874947089610E-01  3.6498347751381648E-05  7.8476766058124120E-04  2.6410791303214947E-09
   316   30.020000      0.0000000000000000E+00  1.5514944232927512E-08  1.2013022052865185E-01  3.7934465958768226E-05  6.9368374498614130E-04  2.4657614592287098E-09
   317   30.115000      0.0000000000000000E+00  1.4647471591875766E-08  1.1874319715058226E-01  3.9218492333109254E-05  6.0673752250527515E-04  2.9900634411846570E-09
   318   30.210000      0.0000000000000000E+00  1.3733138200931171E-08  1.1731436972986527E-01  4.0350829169495141E-05  5.3024215742039345E-04  3.8557706302130428E-09
   319   30.305000      0.0000000000000000E+00  1.2907970078930214E-08  1.1585161905771178E-01  4.1348661073028700E-05  4.6957080122506399E-04  4.8969020228775883E-09
   320   30.400000      0.0000000000000000E+00  1.2047430170835569E-08  1.1436413852329155E-01  4.2251607084382709E-05  4.2880353238622089E-04  6.1804637369846774E-09
   321   30.495000      0.0000000000000000E+00  1.1166520078522453E-08  1.1286279253369774E-01  4.3118833699296030E-05  4.1045234743344091E-04  7.5669600896298845E-09
   322   30.590000      0.0000000000000000E+00  1.0678256805439668E-08  1.1136049706731849E-01  4.4022122326770336E-05  4.1532430325697363E-04  8.4229029067974634E-09
   323   30.685000      0.0000000000000000E+00  1.0748033851447566E-08  1.0987232759824189E-01  4.5031726343610783E-05  4.4253140129991623E-04  8.5493816700616836E-09
   324   30.780000      0.0000000000000000E+00  1.1201183936538885E-08  1.0841517432514608E-01  4.6209620565153834E-05  4.8965766664960239E-04  8.2853612726011398E-09
   325   30.875000      0.0000000000000000E+00  1.1906275885045686E-08  1.0700707735702526E-01  4.7585733524357770E-05  5.5305888375873431E-04  7.9401962054413926E-09
   326   30.970000      0.0000000000000000E+00  1.2819777519585731E-08  1.0566652528841469E-01  4.9151391845670119E-05  6.2825329104407605E-04  7.7003628728401245E-09
   327   31.065000      0.0000000000000000E+00  1.4112510046148067E-08  1.0441181525289665E-01  5.0859966030739264E-05  7.1039296752900116E-04  7.3532717178530626E-09
   328   31.160000      0.0000000000000000E+00  1.5788492815451208E-08  1.0326040547006642E-01  5.2625103198689359E-05  7.9473743316070588E-04  6.7614877225826719E-09
   329   31.255000      0.0000000000000000E+00  1.7483488753780170E-08  1.0222811243766841E-01  5.4330827234954667E-05  8.7708826160415960E-04  6.1557571051159791E-09
   330   31.350000      0.0000000000000000E+00  1.8813751673725628E-08  1.0132825897423672E-01  5.5843713949882003E-05  9.5410494181850805E-04  5.8135317518799140E-09
   331   31.445000      0.0000000000000000E+00  1.9714990819624769E-08  1.0057111293508336E-01  5.7014985036395489E-05  1.0234574514935463E-03  5.8015923268910969E-09
   332   31.540000      0.0000000000000000E+00  2.0578046406052450E-08  9.9963729055830453E-02  5.7691750504159159E-05  1.0837845651323055E-03  5.7426384473252671E-09
   333   31.635000      0.0000000000000000E+00  2.1652811212964870E-08  9.9509935294122623E-02  5.7732432154693943E-05  1.1345323165669965E-03  5.3650159359127334E-09
   334   31.730000      0.0000000000000000E+00  2.2570155293779193E-08  9.9210217356184766E-02  5.7026224046267798E-05  1.1757379880511121E-03  4.9697930956690099E-09
   335   31.825000      0.0000000000000000E+00  2.2805149820257491E-08  9.9061630945692369E-02  5.5525051024247999E-05  1.2077801985972364E-03  4.9567327470938161E-09
   336   31.920000      0.0000000000000000E+00  2.2227607624304439E-08  9.9058039916485513E-02  5.3267259734408579E-05  1.2311115899284368E-03  5.2902588241447630E-09
   337   32.015000      0.0000000000000000E+00  2.0901509202892561E-08  9.9190701262088579E-02  5.0379297107759368E-05  1.2460434013412344E-03  5.8113410854805279E-09
   338   32.110000      0.0000000000000000E+00  1.8951244041700081E-08  9.9448918337462999E-02  4.7078829060089263E-05  1.2526389623273475E-03  6.3932930626698896E-09
   339   32.205000      0.0000000000000000E+00  1.6745933842888473E-08  9.9820434640908937E-02  4.3653672049673721E-05  1.2507590804297631E-03  6.7859572806041738E-09
   340   32.300000      0.0000000000000000E+00  1.4820343437749211E-08  1.0029154194819603E-01  4.0439516053210706E-05  1.2402063164281285E-03  6.7409775937870970E-09
   341   32.395000      0.0000000000000000E+00  1.3457835984907563E-08  1.0084717225738321E-01  3.7788694587299323E-05  1.2208944695611757E-03  6.3667518708489793E-09
   342   32.490000      0.0000000000000000E+00  1.2590486531409406E-08  1.0147120843065822E-01  3.6027812148174828E-05  1.1929743138414343E-03  6.0426132631711736E-09
   343   32.585000      0.0000000000000000E+00  1.2250198280537242E-08  1.0214698932121900E-01  3.5425252853318985E-05  1.1569283441204713E-03  5.7565715718680330E-09
   344   32.680000      0.0000000000000000E+00  1.2543107052908306E-08  1.0285787535730484E-01  3.6154216314592689E-05  1.1136508907229170E-03  5.2262525471287794E-09
   345   32.775000      0.0000000000000000E+00  1.3248041649906818E-08  1.0358788680421548E-01  3.8260487048257000E-05  1.0644765998320919E-03  4.5128576381406459E-09
   346   32.870000      0.0000000000000000E+00  1.3631275622529889E-08  1.0432240426912709E-01  4.1649354911203325E-05  1.0111294984061442E-03  4.2883836049845101E-09
   347   32.965000      0.0000000000000000E+00  1.2864561834855051E-08  1.0504878216770595E-01  4.6087634148556686E-05  9.5560581292794794E-04  5.5257895861330566E-09
   348   33.060000      0.0000000000000000E+00  1.1638220547221148E-08  1.0575675820409969E-01  5.1228109055343591E-05  9.0002306443920138E-04  7.4674456525448515E-09
   349   33.155000      0.0000000000000000E+00  1.1446984102067045E-08  1.0643870240707659E-01  5.6656901937509733E-05  8.4647812130836408E-04  8.3332785820970293E-09
   350   33.250000      0.0000000000000000E+00  1.2161619266936904E-08  1.0708983602767962E-01  6.1954293406386870E-05  7.9688619841274144E-04  8.2968334945371152E-09
   351   33.345000      0.0000000000000000E+00  1.2906567057720113E-08  1.0770843029179294E-01  6.6756001690928263E-05  7.5281123701132684E-04  8.2732481478014213E-09
   352   33.440000      0.0000000000000000E+00  1.3430008372993845E-08  1.0829577789880340E-01  7.0778860648862364E-05  7.1531536619701434E-04  8.3950435536047107E-09
   353   33.535000      0.0000000000000000E+00  1.4029229991558609E-08  1.0885567855122376E-01  7.3812892808899189E-05  6.8485699904954499E-04  8.2494195769389288E-09
   354   33.630000      0.0000000000000000E+00  1.5142292778752008E-08  1.0939340751796085E-01  7.5741266006932510E-05  6.6123413040794716E-04  7.1968871076488649E-09
   355   33.725000      0.0000000000000000E+00  1.6347318944847167E-08  1.0991444296825292E-01  7.6577440223591313E-05  6.4359599146803133E-04  5.6615484454985498E-09
   356   33.820000      0.0000000000000000E+00  1.6864446909976483E-08  1.1042336110671594E-01  7.6453086680698163E-05  6.3053072089659136E-04  4.5165603595919050E-09
   357   33.915000      0.0000000000000000E+00  1.6503260959307203E-08  1.1092321230172555E-01  7.5573647044084412E-05  6.2026190388547199E-04  4.0341472510481616E-09
   358   34.010000      0.0000000000000000E+00  1.5580466720576928E-08  1.1141541681719039E-01  7.4203684846562876E-05  6.1092040462302208E-04  3.9908647833537494E-09
   359   34.105000      0.0000000000000000E+00  1.4395024776401072E-08  1.1189995706958369E-01  7.2648764431559068E-05  6.0086405796121992E-04  4.1997382308520514E-09
   360   34.200000      0.0000000000000000E+00  1.3093345773177704E-08  1.1237571403245528E-01  7.1219376073089943E-05  5.8900429768461368E-04  4.5902468530208100E-09
   361   34.295000      0.0000000000000000E+00  1.1840345359173343E-08  1.1284085685199041E-01  7.0174530542733426E-05  5.7509091719977609E-04  4.9987479765547431E-09
   362   34.390000      0.0000000000000000E+00  1.0696365450778071E-08  1.1329331382494710E-01  6.9669597582547140E-05  5.5989475172159818E-04  5.3881568675999951E-09
   363   34.485000      0.0000000000000000E+00  9.6022311378052061E-09  1.1373140983947826E-01  6.9728000878593483E-05  5.4523400604740511E-04  5.9548769124292687E-09
   364   34.580000      0.0000000000000000E+00  8.7973433250144922E-09  1.1415461565347117E-01  7.0268942558559643E-05  5.3379793015693772E-04  6.5594540958366678E-09
   365   34.675000      0.0000000000000000E+00  8.6465860411818982E-09  1.1456425800172974E-01  7.1153667135379493E-05  5.2880989430523337E-04  6.8618550302515739E-09
   366   34.770000      0.0000000000000000E+00  9.1374153998279823E-09  1.1496407119908186E-01  7.2198664334174398E-05  5.3358418522984051E-04  6.8477976610575374E-09
   367   34.865000      0.0000000000000000E+00  9.8412007118091130E-09  1.1536050901823867E-01  7.3183014950621491E-05  5.5106050949000490E-04  6.8747497113282352E-09
   368   34.960000      0.0000000000000000E+00  1.0318235965838269E-08  1.1576267139197034E-01  7.3916984020225968E-05  5.8339322624498615E-04  7.2491538552652266E-09
   369   35.055000      0.0000000000000000E+00  1.0538085947885212E-08  1.1618172389416591E-01  7.4307552345006503E-05  6.3168901435368616E-04  7.8368721510325885E-09
   370   35.150000      0.0000000000000000E+00  1.0910332143604455E-08  1.1662992220177984E-01  7.4357549583444732E-05  6.9590249649632537E-04  8.0664314460968427E-09
   371   35.245000      0.0000000000000000E+00  1.1690798756731440E-08  1.1711955924692766E-01  7.4153609175324367E-05  7.7489329569078731E-04  7.6528125508141539E-09
   372   35.340000      0.0000000000000000E+00  1.2707547668416165E-08  1.1766209162676167E-01  7.3848512338030130E-05  8.6658577157124354E-04  6.8454517527249384E-09
   373   35.435000      0.0000000000000000E+00  1.3589002233888588E-08  1.1826743203330758E-01  7.3622844301888637E-05  9.6822890513418170E-04  6.0858090461516475E-09
   374   35.530000      0.0000000000000000E+00  1.4043225641405064E-08  1.1894335384660444E-01  7.3642860231184853E-05  1.0767074464771813E-03  5.7357126918519114E-09
   375   35.625000      0.0000000000000000E+00  1.4229216896924209E-08  1.1969497323948552E-01  7.4039343482313935E-05  1.1888420016875284E-03  5.6112177796088735E-09
   376   35.720000      0.0000000000000000E+00  1.4275443322029434E-08  1.2052422616856917E-01  7.4892753716775042E-05  1.3016623361781811E-03  5.5616997578117174E-09
   377   35.815000      0.0000000000000000E+00  1.3834403748744607E-08  1.2142939824779067E-01  7.6242436519177012E-05  1.4126449348591382E-03  6.0272227172468777E-09
   378   35.910000      0.0000000000000000E+00  1.2763206536619709E-08  1.2240491014224829E-01  7.8103530339451670E-05  1.5198640885922391E-03  7.1250274513419506E-09
   379   36.005000      0.0000000000000000E+00  1.1377120580886439E-08  1.2344158842426607E-01  8.0477025570080581E-05  1.6220384933947779E-03  8.4088326601542837E-09
   380   36.100000      0.0000000000000000E+00  1.0243947345578076E-08  1.2452747735607357E-01  8.3351770847564554E-05  1.7184194500265383E-03  9.0899460523562926E-09
   381   36.195000      0.0000000000000000E+00  9.6122281434748249E-09  1.2564910783233224E-01  8.6685884305199977E-05  1.8085438530217224E-03  8.8112628292948740E-09
   382   36.290000      0.0000000000000000E+00  9.2702629002690677E-09  1.2679304574463876E-01  9.0374138728526278E-05  1.8918561596838119E-03  7.9446340426016761E-09
   383   36.385000      0.0000000000000000E+00  9.1296567337367692E-09  1.2794743094144265E-01  9.4255861308173680E-05  1.9672836515439540E-03  6.8553898243954606E-09
   384   36.480000      0.0000000000000000E+00  9.3151365801315219E-09  1.2910320553160254E-01  9.8146572996924761E-05  2.0329255705050816E-03  5.6612171976428471E-09
   385   36.575000      0.0000000000000000E+00  9.7458257346299866E-09  1.3025483720881664E-01  1.0186120827053604E-04  2.0859696986306147E-03  4.5798310331491392E-09
   386   36.670000      0.0000000000000000E+00  9.9975427377611352E-09  1.3140049472956888E-01  1.0522862547196233E-04  2.1228816342916076E-03  4.1299174554311560E-09
   387   36.765000      0.0000000000000000E+00  9.8369303389692777E-09  1.3254177249041535E-01  1.0809245922623725E-04  2.1398209791911502E-03  4.5747930836348427E-09
   388   36.860000      0.0000000000000000E+00  9.5342543238709811E-09  1.3368302947740632E-01  1.1034097703060109E-04  2.1332433964241539E-03  5.5406649928653163E-09
   389   36.955000      0.0000000000000000E+00  9.4681741888714380E-09  1.3483039088462556E-01  1.1194434382161729E-04  2.1005968176413133E-03  6.4005767262944930E-09
   390   37.050000      0.0000000000000000E+00  9.5848014422689962E-09  1.3599056473218921E-01  1.1293814234480997E-04  2.0409947802447494E-03  6.8747949560780283E-09
   391   37.145000      0.0000000000000000E+00  9.3953759344626569E-09  1.3716969384398600E-01  1.1337727070462279E-04  1.9556946346148173E-03  7.2408584770867402E-09
   392   37.240000      0.0000000000000000E+00  8.8360835169341547E-09  1.3837246475050222E-01  1.1333471418891104E-04  1.8482998714200042E-03  7.4667588805606030E-09
   393   37.335000      0.0000000000000000E+00  8.3316195898177699E-09  1.3960153980717449E-01  1.1291352088433913E-04  1.7246206621862031E-03  7.2290774625597239E-09
   394   37.430000      0.0000000000000000E+00  8.1834714892254838E-09  1.4085730232867791E-01  1.1224008602315654E-04  1.5922482368769513E-03  6.5512061684894188E-09
   395   37.525000      0.0000000000000000E+00  8.4425227619642816E-09  1.4213790581891023E-01  1.1145492310179876E-04  1.4598936760464925E-03  5.6519453383945938E-09
   396   37.620000      0.0000000000000000E+00  8.8126441203606653E-09  1.4343960428869004E-01  1.1071139576144876E-04  1.3365808702596644E-03  5.0090858505594086E-09
   397   37.715000      0.0000000000000000E+00  9.0845815413951111E-09  1.4475737803035857E-01  1.1018885177438800E-04  1.2307935153116482E-03  4.8711459047759949E-09
   398   37.810000      0.0000000000000000E+00  9.4154785316270760E-09  1.4608579708957445E-01  1.1009525856951231E-04  1.1496572170139649E-03  4.9956159468095062E-09
   399   37.905000      0.0000000000000000E+00  9.9839791829803654E-09  1.4741995873646049E-01  1.1064636596801060E-04  1.0982549201977731E-03  5.1023280214167602E-09
   400   38.000000      0.0000000000000000E+00  1.0760564029231788E-08  1.4875634780731223E-01  1.1201524244619358E-04  1.0791306693419265E-03  5.0648875849167560E-09
   401   38.095000      0.0000000000000000E+00  1.1378185838040083E-08  1.5009359200392325E-01  1.1429916159555313E-04  1.0920401872117535E-03  5.1306664461186933E-09
   402   38.190000      0.0000000000000000E+00  1.1567555269920272E-08  1.5143310830560125E-01  1.1750557682924329E-04  1.1339953240291816E-03  5.4513165582321472E-09
   403   38.285000      0.0000000000000000E+00  1.1495604415722449E-08  1.5277937607488387E-01  1.2155863082724266E-04  1.1995280988370887E-03  5.7205158259021450E-09
   404   38.380000      0.0000000000000000E+00  1.1381016366806036E-08  1.5413953563195282E-01  1.2628051533648970E-04  1.2812191890931508E-03  5.6850402475365558E-09
   405   38.475000      0.0000000000000000E+00  1.1196979616031354E-08  1.5552245754912866E-01  1.3140182520663611E-04  1.3703355036714204E-03  5.5398157155187970E-09
   406   38.570000      0.0000000000000000E+00  1.0949021554025210E-08  1.5693782173400234E-01  1.3659863408263637E-04  1.4575421368064872E-03  5.5248617758714514E-09
   407   38.665000      0.0000000000000000E+00  1.0756867666481961E-08  1.5839537847519869E-01  1.4151684959601854E-04  1.5335849649076548E-03  5.6788746459276621E-09
   408   38.760000      0.0000000000000000E+00  1.0622799360991341E-08  1.5990387326051794E-01  1.4579331823936901E-04  1.5900572317782500E-03  6.0069690422928552E-09
   409   38.855000      0.0000000000000000E+00  1.0497225000785086E-08  1.6146944181360512E-01  1.4912152242034320E-04  1.6202785462483460E-03  6.4319707444323076E-09
   410   38.950000      0.0000000000000000E+00  1.0500464767833306E-08  1.6309417332943368E-01  1.5129657057284807E-04  1.6200166620994447E-03  6.6956770403565031E-09
   411   39.045000      0.0000000000000000E+00  1.0807621845741634E-08  1.6477558853959595E-01  1.5224049574922172E-04  1.5878375958605459E-03  6.5753770065245239E-09
   412   39.140000      0.0000000000000000E+00  1.1236068774460872E-08  1.6650680214767996E-01  1.5205768667527614E-04  1.5251849733013429E-03  6.3444068353677675E-09
   413   39.235000      0.0000000000000000E+00  1.1437874981694463E-08  1.6827672207198599E-01  1.5106748049618479E-04  1.4363179900785178E-03  6.4429874430305760E-09
   414   39.330000      0.0000000000000000E+00  1.1421046110041079E-08  1.7007024224618328E-01  1.4977219900355940E-04  1.3280497675128994E-03  6.8426919510056464E-09
   415   39.425000      0.0000000000000000E+00  1.1628218248599022E-08  1.7186881076717064E-01  1.4878566714481397E-04  1.2091873346545500E-03  7.0197172121297783E-09
   416   39.520000      0.0000000000000000E+00  1.2447729777225562E-08  1.7365134646522429E-01  1.4875051678175781E-04  1.0897464860074001E-03  6.3942239135026302E-09
   417   39.615000      0.0000000000000000E+00  1.3051050540152343E-08  1.7539514771803585E-01  1.5015656921109420E-04  9.8004276767343522E-04  5.7988730988915900E-09
   418   39.710000      0.0000000000000000E+00  1.2389460759570686E-08  1.7707648288015593E-01  1.5322065070985674E-04  8.8975715760133208E-04  6.4419745633355941E-09
   419   39.805000      0.0000000000000000E+00  1.1225356851370283E-08  1.7867084003719691E-01  1.5788399949502157E-04  8.2709883852164704E-04  7.3717102491636237E-09
   420   39.900000      0.0000000000000000E+00  1.0653077624786706E-08  1.8015321121258465E-01  1.6380635569988430E-04  7.9804605857472066E-04  7.3586697792974110E-09
   421   39.995000      0.0000000000000000E+00  1.0646555705914350E-08  1.8149864047045028E-01  1.7053268387070975E-04  8.0569162684561782E-04  6.5734386038094525E-09
   422   40.090000      0.0000000000000000E+00  1.0653177032304748E-08  1.8268277676472919E-01  1.7778178383399756E-04  8.4989649332843989E-04  5.7452433490072775E-09
