! Kinetic energy for species "positrons-down"
  Iter        Time          Total Par.             Kin. Energy
     0   0.0000000             128000  2.8293356519447566E-01
     1  0.95000000E-01         128000  2.8293351065411354E-01
     2  0.19000000             128000  2.8293334812645632E-01
     3  0.28500000             128000  2.8293308073350149E-01
     4  0.38000000             128000  2.8293271323736813E-01
     5  0.47500000             128000  2.8293225178470760E-01
     6  0.57000000             128000  2.8293170393891731E-01
     7  0.66500000             128000  2.8293107864565714E-01
     8  0.76000000             128000  2.8293038592779907E-01
     9  0.85500000             128000  2.8292963657240577E-01
    10  0.95000000             128000  2.8292884211559882E-01
    11   1.0450000             128000  2.8292801497152764E-01
    12   1.1400000             128000  2.8292716829584991E-01
    13   1.2350000             128000  2.8292631555366798E-01
    14   1.3300000             128000  2.8292547018402375E-01
    15   1.4250000             128000  2.8292464556692221E-01
    16   1.5200000             128000  2.8292385502851619E-01
    17   1.6150000             128000  2.8292311151398897E-01
    18   1.7100000             128000  2.8292242698579401E-01
    19   1.8050000             128000  2.8292181207294664E-01
    20   1.9000000             128000  2.8292127625277780E-01
    21   1.9950000             128000  2.8292082808462898E-01
    22   2.0900000             128000  2.8292047486673055E-01
    23   2.1850000             128000  2.8292022187107235E-01
    24   2.2800000             128000  2.8292007203401109E-01
    25   2.3750000             128000  2.8292002661892968E-01
    26   2.4700000             128000  2.8292008613656172E-01
    27   2.5650000             128000  2.8292025037742669E-01
    28   2.6600000             128000  2.8292051764659731E-01
    29   2.7550000             128000  2.8292088429589901E-01
    30   2.8500000             128000  2.8292134482498721E-01
    31   2.9450000             128000  2.8292189192228201E-01
    32   3.0400000             128000  2.8292251648271360E-01
    33   3.1350000             128000  2.8292320817720068E-01
    34   3.2300000             128000  2.8292395621576194E-01
    35   3.3250000             128000  2.8292474936572687E-01
    36   3.4200000             128000  2.8292557531591755E-01
    37   3.5150000             128000  2.8292642045431476E-01
    38   3.6100000             128000  2.8292727058254274E-01
    39   3.7050000             128000  2.8292811192814188E-01
    40   3.8000000             128000  2.8292893156173482E-01
    41   3.8950000             128000  2.8292971713227433E-01
    42   3.9900000             128000  2.8293045656784144E-01
    43   4.0850000             128000  2.8293113819059379E-01
    44   4.1800000             128000  2.8293175106966933E-01
    45   4.2750000             128000  2.8293228520672969E-01
    46   4.3700000             128000  2.8293273141740738E-01
    47   4.4650000             128000  2.8293308139454970E-01
    48   4.5600000             128000  2.8293332855155673E-01
    49   4.6550000             128000  2.8293346898900540E-01
    50   4.7500000             128000  2.8293350120932986E-01
    51   4.8450000             128000  2.8293342496965035E-01
    52   4.9400000             128000  2.8293324110121515E-01
    53   5.0350000             128000  2.8293295244929767E-01
    54   5.1300000             128000  2.8293256430177610E-01
    55   5.2250000             128000  2.8293208367844613E-01
    56   5.3200000             128000  2.8293151838081215E-01
    57   5.4150000             128000  2.8293087665718214E-01
    58   5.5100000             128000  2.8293016763299278E-01
    59   5.6050000             128000  2.8292940193432159E-01
    60   5.7000000             128000  2.8292859157682793E-01
    61   5.7950000             128000  2.8292774911530788E-01
    62   5.8900000             128000  2.8292688717410286E-01
    63   5.9850000             128000  2.8292601878623580E-01
    64   6.0800000             128000  2.8292515759751224E-01
    65   6.1750000             128000  2.8292431738734020E-01
    66   6.2700000             128000  2.8292351161822715E-01
    67   6.3650000             128000  2.8292275345240014E-01
    68   6.4600000             128000  2.8292205550979560E-01
    69   6.5550000             128000  2.8292142885946092E-01
    70   6.6500000             128000  2.8292088212584687E-01
    71   6.7450000             128000  2.8292042192004296E-01
    72   6.8400000             128000  2.8292005424800953E-01
    73   6.9350000             128000  2.8291978517804151E-01
    74   7.0300000             128000  2.8291962002856497E-01
    75   7.1250000             128000  2.8291956211970765E-01
    76   7.2200000             128000  2.8291961211396444E-01
    77   7.3150000             128000  2.8291976802026958E-01
    78   7.4100000             128000  2.8292002575893604E-01
    79   7.5050000             128000  2.8292037999421771E-01
    80   7.6000000             128000  2.8292082441589139E-01
    81   7.6950000             128000  2.8292135119280670E-01
    82   7.7900000             128000  2.8292195050838664E-01
    83   7.8850000             128000  2.8292261109540817E-01
    84   7.9800000             128000  2.8292332151611266E-01
    85   8.0750000             128000  2.8292407097701894E-01
    86   8.1700000             128000  2.8292484886089281E-01
    87   8.2650000             128000  2.8292564360495492E-01
    88   8.3600000             128000  2.8292644216356488E-01
    89   8.4550000             128000  2.8292723043515977E-01
    90   8.5500000             128000  2.8292799420668369E-01
    91   8.6450000             128000  2.8292871985507884E-01
    92   8.7400000             128000  2.8292939402848571E-01
    93   8.8350000             128000  2.8293000273832664E-01
    94   8.9300000             128000  2.8293053169766158E-01
    95   9.0250000             128000  2.8293096838621262E-01
    96   9.1200000             128000  2.8293130362475982E-01
    97   9.2150000             128000  2.8293153098476553E-01
    98   9.3100000             128000  2.8293164539645188E-01
    99   9.4050000             128000  2.8293164294842421E-01
   100   9.5000000             128000  2.8293152171132280E-01
   101   9.5950000             128000  2.8293128225413294E-01
   102   9.6900000             128000  2.8293092745141118E-01
   103   9.7850000             128000  2.8293046202447913E-01
   104   9.8800000             128000  2.8292989193875873E-01
   105   9.9750000             128000  2.8292922350483835E-01
   106   10.070000             128000  2.8292846258367438E-01
   107   10.165000             128000  2.8292761467329930E-01
   108   10.260000             128000  2.8292668601532533E-01
   109   10.355000             128000  2.8292568489506142E-01
   110   10.450000             128000  2.8292462207444358E-01
   111   10.545000             128000  2.8292351011339273E-01
   112   10.640000             128000  2.8292236241743607E-01
   113   10.735000             128000  2.8292119266484506E-01
   114   10.830000             128000  2.8292001411200851E-01
   115   10.925000             128000  2.8291883855623945E-01
   116   11.020000             128000  2.8291767617659042E-01
   117   11.115000             128000  2.8291653687789575E-01
   118   11.210000             128000  2.8291543145051534E-01
   119   11.305000             128000  2.8291437067569158E-01
   120   11.400000             128000  2.8291336306571280E-01
   121   11.495000             128000  2.8291241383094801E-01
   122   11.590000             128000  2.8291152658720747E-01
   123   11.685000             128000  2.8291070619161751E-01
   124   11.780000             128000  2.8290995906009353E-01
   125   11.875000             128000  2.8290928945144045E-01
   126   11.970000             128000  2.8290869518836986E-01
   127   12.065000             128000  2.8290816758832210E-01
   128   12.160000             128000  2.8290769510059349E-01
   129   12.255000             128000  2.8290726574651720E-01
   130   12.350000             128000  2.8290686680508309E-01
   131   12.445000             128000  2.8290648506928329E-01
   132   12.540000             128000  2.8290610877092415E-01
   133   12.635000             128000  2.8290572767344857E-01
   134   12.730000             128000  2.8290532988700784E-01
   135   12.825000             128000  2.8290489923583773E-01
   136   12.920000             128000  2.8290441647943410E-01
   137   13.015000             128000  2.8290386268875528E-01
   138   13.110000             128000  2.8290322125780715E-01
   139   13.205000             128000  2.8290247713727917E-01
   140   13.300000             128000  2.8290161366129118E-01
   141   13.395000             128000  2.8290060837791287E-01
   142   13.490000             128000  2.8289943085590030E-01
   143   13.585000             128000  2.8289804540486152E-01
   144   13.680000             128000  2.8289641822487543E-01
   145   13.775000             128000  2.8289452443820784E-01
   146   13.870000             128000  2.8289235029123216E-01
   147   13.965000             128000  2.8288989008028459E-01
   148   14.060000             128000  2.8288714109919200E-01
   149   14.155000             128000  2.8288409957369220E-01
   150   14.250000             128000  2.8288075859004602E-01
   151   14.345000             128000  2.8287710789090670E-01
   152   14.440000             128000  2.8287313420619653E-01
   153   14.535000             128000  2.8286882057307294E-01
   154   14.630000             128000  2.8286414588143227E-01
   155   14.725000             128000  2.8285908784602531E-01
   156   14.820000             128000  2.8285362880476306E-01
   157   14.915000             128000  2.8284775860812106E-01
   158   15.010000             128000  2.8284147125512193E-01
   159   15.105000             128000  2.8283475980117667E-01
   160   15.200000             128000  2.8282761537932477E-01
   161   15.295000             128000  2.8282002843672055E-01
   162   15.390000             128000  2.8281198613272074E-01
   163   15.485000             128000  2.8280346636804982E-01
   164   15.580000             128000  2.8279443575597951E-01
   165   15.675000             128000  2.8278485569601280E-01
   166   15.770000             128000  2.8277469240645364E-01
   167   15.865000             128000  2.8276392323800492E-01
   168   15.960000             128000  2.8275253499477893E-01
   169   16.055000             128000  2.8274051624729923E-01
   170   16.150000             128000  2.8272784931824313E-01
   171   16.245000             128000  2.8271450549581234E-01
   172   16.340000             128000  2.8270044257212634E-01
   173   16.435000             128000  2.8268560359474493E-01
   174   16.530000             128000  2.8266991873941583E-01
   175   16.625000             128000  2.8265331137236210E-01
   176   16.720000             128000  2.8263570461815735E-01
   177   16.815000             128000  2.8261702355897989E-01
   178   16.910000             128000  2.8259719317264015E-01
   179   17.005000             128000  2.8257613692111683E-01
   180   17.100000             128000  2.8255377907367291E-01
   181   17.195000             128000  2.8253004694566697E-01
   182   17.290000             128000  2.8250486593125379E-01
   183   17.385000             128000  2.8247814697931067E-01
   184   17.480000             128000  2.8244977664440724E-01
   185   17.575000             128000  2.8241961939646953E-01
   186   17.670000             128000  2.8238752790266697E-01
   187   17.765000             128000  2.8235334711998489E-01
   188   17.860000             128000  2.8231690722435832E-01
   189   17.955000             128000  2.8227801658699769E-01
   190   18.050000             128000  2.8223646658467116E-01
   191   18.145000             128000  2.8219204660493319E-01
   192   18.240000             128000  2.8214455991564991E-01
   193   18.335000             128000  2.8209383320267234E-01
   194   18.430000             128000  2.8203971532864314E-01
   195   18.525000             128000  2.8198206548646471E-01
   196   18.620000             128000  2.8192073903333226E-01
   197   18.715000             128000  2.8185557859986682E-01
   198   18.810000             128000  2.8178640691245799E-01
   199   18.905000             128000  2.8171301664233089E-01
   200   19.000000             128000  2.8163516549359746E-01
   201   19.095000             128000  2.8155258662981503E-01
   202   19.190000             128000  2.8146500621521831E-01
   203   19.285000             128000  2.8137214921226861E-01
   204   19.380000             128000  2.8127373077348161E-01
   205   19.475000             128000  2.8116945289813283E-01
   206   19.570000             128000  2.8105902157407159E-01
   207   19.665000             128000  2.8094216925248888E-01
   208   19.760000             128000  2.8081865184137583E-01
   209   19.855000             128000  2.8068821460182958E-01
   210   19.950000             128000  2.8055055985101351E-01
   211   20.045000             128000  2.8040535191768501E-01
   212   20.140000             128000  2.8025225574415047E-01
   213   20.235000             128000  2.8009097042675035E-01
   214   20.330000             128000  2.7992122611825043E-01
   215   20.425000             128000  2.7974275274640692E-01
   216   20.520000             128000  2.7955526054270985E-01
   217   20.615000             128000  2.7935845974940532E-01
   218   20.710000             128000  2.7915209992767026E-01
   219   20.805000             128000  2.7893597930610681E-01
   220   20.900000             128000  2.7870990111261562E-01
   221   20.995000             128000  2.7847361211668403E-01
   222   21.090000             128000  2.7822678076574581E-01
   223   21.185000             128000  2.7796903305332948E-01
   224   21.280000             128000  2.7770000798805483E-01
   225   21.375000             128000  2.7741939126546461E-01
   226   21.470000             128000  2.7712692815908135E-01
   227   21.565000             128000  2.7682243273849699E-01
   228   21.660000             128000  2.7650578678057819E-01
   229   21.755000             128000  2.7617691675679662E-01
   230   21.850000             128000  2.7583576263984011E-01
   231   21.945000             128000  2.7548225738327686E-01
   232   22.040000             128000  2.7511632266026198E-01
   233   22.135000             128000  2.7473788342595357E-01
   234   22.230000             128000  2.7434688812054719E-01
   235   22.325000             128000  2.7394329036177278E-01
   236   22.420000             128000  2.7352698672941189E-01
   237   22.515000             128000  2.7309779019187969E-01
   238   22.610000             128000  2.7265550043283460E-01
   239   22.705000             128000  2.7220002179376462E-01
   240   22.800000             128000  2.7173143104409458E-01
   241   22.895000             128000  2.7124996103721200E-01
   242   22.990000             128000  2.7075594430850836E-01
   243   23.085000             128000  2.7024977993987037E-01
   244   23.180000             128000  2.6973194081793095E-01
   245   23.275000             128000  2.6920297168172114E-01
   246   23.370000             128000  2.6866344321437119E-01
   247   23.465000             128000  2.6811389801817720E-01
   248   23.560000             128000  2.6755484903769094E-01
   249   23.655000             128000  2.6698683604635792E-01
   250   23.750000             128000  2.6641049784129200E-01
   251   23.845000             128000  2.6582665245397424E-01
   252   23.940000             128000  2.6523639028411594E-01
   253   24.035000             128000  2.6464112772006443E-01
   254   24.130000             128000  2.6404257736452669E-01
   255   24.225000             128000  2.6344268095423062E-01
   256   24.320000             128000  2.6284359415903391E-01
   257   24.415000             128000  2.6224773125745005E-01
   258   24.510000             128000  2.6165779695053970E-01
   259   24.605000             128000  2.6107674787234630E-01
   260   24.700000             128000  2.6050766605954745E-01
   261   24.795000             128000  2.5995359363659826E-01
   262   24.890000             128000  2.5941740358340493E-01
   263   24.985000             128000  2.5890174092450940E-01
   264   25.080000             128000  2.5840898576456262E-01
   265   25.175000             128000  2.5794115661167394E-01
   266   25.270000             128000  2.5749977525609802E-01
   267   25.365000             128000  2.5708577262602084E-01
   268   25.460000             128000  2.5669941314184014E-01
   269   25.555000             128000  2.5634017541990889E-01
   270   25.650000             128000  2.5600666229777314E-01
   271   25.745000             128000  2.5569663581965096E-01
   272   25.840000             128000  2.5540716924087603E-01
   273   25.935000             128000  2.5513486534837859E-01
   274   26.030000             128000  2.5487604787265872E-01
   275   26.125000             128000  2.5462686232687165E-01
   276   26.220000             128000  2.5438333172936684E-01
   277   26.315000             128000  2.5414144218103585E-01
   278   26.410000             128000  2.5389730247731790E-01
   279   26.505000             128000  2.5364734000044015E-01
   280   26.600000             128000  2.5338846955702443E-01
   281   26.695000             128000  2.5311818677373371E-01
   282   26.790000             128000  2.5283459547274545E-01
   283   26.885000             128000  2.5253642664817966E-01
   284   26.980000             128000  2.5222306977405407E-01
   285   27.075000             128000  2.5189457863794440E-01
   286   27.170000             128000  2.5155159872588390E-01
   287   27.265000             128000  2.5119517026609106E-01
   288   27.360000             128000  2.5082643414570460E-01
   289   27.455000             128000  2.5044634722440368E-01
   290   27.550000             128000  2.5005546180925159E-01
   291   27.645000             128000  2.4965377925557267E-01
   292   27.740000             128000  2.4924065491087039E-01
   293   27.835000             128000  2.4881478397351486E-01
   294   27.930000             128000  2.4837433078155027E-01
   295   28.025000             128000  2.4791716823237828E-01
   296   28.120000             128000  2.4744108210548116E-01
   297   28.215000             128000  2.4694386947273439E-01
   298   28.310000             128000  2.4642349863253196E-01
   299   28.405000             128000  2.4587846515121203E-01
   300   28.500000             128000  2.4530827870673336E-01
   301   28.595000             128000  2.4471392641773823E-01
   302   28.690000             128000  2.4409819320196208E-01
   303   28.785000             128000  2.4346580066959428E-01
   304   28.880000             128000  2.4282336563107054E-01
   305   28.975000             128000  2.4217920117224895E-01
   306   29.070000             128000  2.4154300117829305E-01
   307   29.165000             128000  2.4092547390394237E-01
   308   29.260000             128000  2.4033796960088047E-01
   309   29.355000             128000  2.3979204888073063E-01
   310   29.450000             128000  2.3929893278137898E-01
   311   29.545000             128000  2.3886896104946123E-01
   312   29.640000             128000  2.3851118850201952E-01
   313   29.735000             128000  2.3823312576838240E-01
   314   29.830000             128000  2.3804058322534968E-01
   315   29.925000             128000  2.3793756548316514E-01
   316   30.020000             128000  2.3792622937496016E-01
   317   30.115000             128000  2.3800698340904181E-01
   318   30.210000             128000  2.3817875639246699E-01
   319   30.305000             128000  2.3843930035859195E-01
   320   30.400000             128000  2.3878537190518329E-01
   321   30.495000             128000  2.3921279082971592E-01
   322   30.590000             128000  2.3971645960566018E-01
   323   30.685000             128000  2.4029035705783242E-01
   324   30.780000             128000  2.4092749689230020E-01
   325   30.875000             128000  2.4161986675704467E-01
   326   30.970000             128000  2.4235838774308868E-01
   327   31.065000             128000  2.4313299630952806E-01
   328   31.160000             128000  2.4393287491484311E-01
   329   31.255000             128000  2.4474672546004861E-01
   330   31.350000             128000  2.4556296900986302E-01
   331   31.445000             128000  2.4636992938813845E-01
   332   31.540000             128000  2.4715616443834346E-01
   333   31.635000             128000  2.4791095456228857E-01
   334   31.730000             128000  2.4862475717430860E-01
   335   31.825000             128000  2.4928941212761585E-01
   336   31.920000             128000  2.4989812300170808E-01
   337   32.015000             128000  2.5044544232737559E-01
   338   32.110000             128000  2.5092738304188267E-01
   339   32.205000             128000  2.5134155908045708E-01
   340   32.300000             128000  2.5168717184245892E-01
   341   32.395000             128000  2.5196480784285324E-01
   342   32.490000             128000  2.5217619654782047E-01
   343   32.585000             128000  2.5232404302677286E-01
   344   32.680000             128000  2.5241187210986010E-01
   345   32.775000             128000  2.5244378689941083E-01
   346   32.870000             128000  2.5242421714589286E-01
   347   32.965000             128000  2.5235784084493379E-01
   348   33.060000             128000  2.5224970899860266E-01
   349   33.155000             128000  2.5210539234790985E-01
   350   33.250000             128000  2.5193098925897073E-01
   351   33.345000             128000  2.5173305858993639E-01
   352   33.440000             128000  2.5151864360092252E-01
   353   33.535000             128000  2.5129537286096071E-01
   354   33.630000             128000  2.5107152093693796E-01
   355   33.725000             128000  2.5085599814425735E-01
   356   33.820000             128000  2.5065827585682943E-01
   357   33.915000             128000  2.5048821464821391E-01
   358   34.010000             128000  2.5035578636763012E-01
   359   34.105000             128000  2.5027076004593990E-01
   360   34.200000             128000  2.5024241484694904E-01
   361   34.295000             128000  2.5027928651256537E-01
   362   34.390000             128000  2.5038891168304545E-01
   363   34.485000             128000  2.5057756593983327E-01
   364   34.580000             128000  2.5085003791294358E-01
   365   34.675000             128000  2.5120943523183276E-01
   366   34.770000             128000  2.5165697527098441E-01
   367   34.865000             128000  2.5219176905618734E-01
   368   34.960000             128000  2.5281076407481684E-01
   369   35.055000             128000  2.5350898855902515E-01
   370   35.150000             128000  2.5428000722638389E-01
   371   35.245000             128000  2.5511636775649993E-01
   372   35.340000             128000  2.5600989695020715E-01
   373   35.435000             128000  2.5695185541600862E-01
   374   35.530000             128000  2.5793299893632682E-01
   375   35.625000             128000  2.5894363529473707E-01
   376   35.720000             128000  2.5997377819424972E-01
   377   35.815000             128000  2.6101342339238914E-01
   378   35.910000             128000  2.6205287210802769E-01
   379   36.005000             128000  2.6308291600587713E-01
   380   36.100000             128000  2.6409481273088842E-01
   381   36.195000             128000  2.6508016667535006E-01
   382   36.290000             128000  2.6603082457576704E-01
   383   36.385000             128000  2.6693876564251384E-01
   384   36.480000             128000  2.6779594144927060E-01
   385   36.575000             128000  2.6859416322750207E-01
   386   36.670000             128000  2.6932515929247747E-01
   387   36.765000             128000  2.6998071436227483E-01
   388   36.860000             128000  2.7055276497713371E-01
   389   36.955000             128000  2.7103349802761745E-01
   390   37.050000             128000  2.7141556757879437E-01
   391   37.145000             128000  2.7169238591576633E-01
   392   37.240000             128000  2.7185833296618184E-01
   393   37.335000             128000  2.7190891031465853E-01
   394   37.430000             128000  2.7184092425895645E-01
   395   37.525000             128000  2.7165274585532950E-01
   396   37.620000             128000  2.7134462645463431E-01
   397   37.715000             128000  2.7091884184955461E-01
   398   37.810000             128000  2.7037951165572705E-01
   399   37.905000             128000  2.6973228947993450E-01
   400   38.000000             128000  2.6898423528870635E-01
   401   38.095000             128000  2.6814382307858470E-01
   402   38.190000             128000  2.6722076874031464E-01
   403   38.285000             128000  2.6622573097755858E-01
   404   38.380000             128000  2.6517027098391066E-01
   405   38.475000             128000  2.6406723808287313E-01
   406   38.570000             128000  2.6293122682144582E-01
   407   38.665000             128000  2.6177877976854530E-01
   408   38.760000             128000  2.6062854158044857E-01
   409   38.855000             128000  2.5950139567125752E-01
   410   38.950000             128000  2.5841998433800312E-01
   411   39.045000             128000  2.5740727903779687E-01
   412   39.140000             128000  2.5648478751203863E-01
   413   39.235000             128000  2.5567117306670556E-01
   414   39.330000             128000  2.5498147489291123E-01
   415   39.425000             128000  2.5442675958564720E-01
   416   39.520000             128000  2.5401408184817170E-01
   417   39.615000             128000  2.5374668175468040E-01
   418   39.710000             128000  2.5362430805202191E-01
   419   39.805000             128000  2.5364359932105573E-01
   420   39.900000             128000  2.5379856973644577E-01
   421   39.995000             128000  2.5408130770678705E-01
   422   40.090000             128000  2.5448288740984182E-01
