! Kinetic energy for species "electrons-down"
  Iter        Time          Total Par.             Kin. Energy
     0   0.0000000             128000  2.8279215962325510E-01
     1  0.95000000E-01         128000  2.8279221203722565E-01
     2  0.19000000             128000  2.8279236880637260E-01
     3  0.28500000             128000  2.8279262818553752E-01
     4  0.38000000             128000  2.8279298663850050E-01
     5  0.47500000             128000  2.8279343874164242E-01
     6  0.57000000             128000  2.8279397744664930E-01
     7  0.66500000             128000  2.8279459429261045E-01
     8  0.76000000             128000  2.8279527947458338E-01
     9  0.85500000             128000  2.8279602200129672E-01
    10  0.95000000             128000  2.8279681001443863E-01
    11   1.0450000             128000  2.8279763110982453E-01
    12   1.1400000             128000  2.8279847253782148E-01
    13   1.2350000             128000  2.8279932126870500E-01
    14   1.3300000             128000  2.8280016398847796E-01
    15   1.4250000             128000  2.8280098718934971E-01
    16   1.5200000             128000  2.8280177745807256E-01
    17   1.6150000             128000  2.8280252183260585E-01
    18   1.7100000             128000  2.8280320811672177E-01
    19   1.8050000             128000  2.8280382521792308E-01
    20   1.9000000             128000  2.8280436336366377E-01
    21   1.9950000             128000  2.8280481392208828E-01
    22   2.0900000             128000  2.8280516917756027E-01
    23   2.1850000             128000  2.8280542278993892E-01
    24   2.2800000             128000  2.8280557075626661E-01
    25   2.3750000             128000  2.8280561175044450E-01
    26   2.4700000             128000  2.8280554634780386E-01
    27   2.5650000             128000  2.8280537599639921E-01
    28   2.6600000             128000  2.8280510277909399E-01
    29   2.7550000             128000  2.8280473001063861E-01
    30   2.8500000             128000  2.8280426297105210E-01
    31   2.9450000             128000  2.8280370913314257E-01
    32   3.0400000             128000  2.8280307769677676E-01
    33   3.1350000             128000  2.8280237882197951E-01
    34   3.2300000             128000  2.8280162326801617E-01
    35   3.3250000             128000  2.8280082271941243E-01
    36   3.4200000             128000  2.8279999023739133E-01
    37   3.5150000             128000  2.8279913999673201E-01
    38   3.6100000             128000  2.8279828621209063E-01
    39   3.7050000             128000  2.8279744223121378E-01
    40   3.8000000             128000  2.8279662073352524E-01
    41   3.8950000             128000  2.8279583445710055E-01
    42   3.9900000             128000  2.8279509597385377E-01
    43   4.0850000             128000  2.8279441647361070E-01
    44   4.1800000             128000  2.8279380527434478E-01
    45   4.2750000             128000  2.8279327090223449E-01
    46   4.3700000             128000  2.8279282221285929E-01
    47   4.4650000             128000  2.8279246775645822E-01
    48   4.5600000             128000  2.8279221385016556E-01
    49   4.6550000             128000  2.8279206348204788E-01
    50   4.7500000             128000  2.8279201722755198E-01
    51   4.8450000             128000  2.8279207507389142E-01
    52   4.9400000             128000  2.8279223705637679E-01
    53   5.0350000             128000  2.8279250207790130E-01
    54   5.1300000             128000  2.8279286642567469E-01
    55   5.2250000             128000  2.8279332362447257E-01
    56   5.3200000             128000  2.8279386553968744E-01
    57   5.4150000             128000  2.8279448345796243E-01
    58   5.5100000             128000  2.8279516813154909E-01
    59   5.6050000             128000  2.8279590888045880E-01
    60   5.7000000             128000  2.8279669306954724E-01
    61   5.7950000             128000  2.8279750709042728E-01
    62   5.8900000             128000  2.8279833791896469E-01
    63   5.9850000             128000  2.8279917325147408E-01
    64   6.0800000             128000  2.8280000018856222E-01
    65   6.1750000             128000  2.8280080459093193E-01
    66   6.2700000             128000  2.8280157223790403E-01
    67   6.3650000             128000  2.8280229031479531E-01
    68   6.4600000             128000  2.8280294743435863E-01
    69   6.5550000             128000  2.8280353269063641E-01
    70   6.6500000             128000  2.8280403556150641E-01
    71   6.7450000             128000  2.8280444696221457E-01
    72   6.8400000             128000  2.8280475998568422E-01
    73   6.9350000             128000  2.8280496950594652E-01
    74   7.0300000             128000  2.8280507163595986E-01
    75   7.1250000             128000  2.8280506419790902E-01
    76   7.2200000             128000  2.8280494773694159E-01
    77   7.3150000             128000  2.8280472552778446E-01
    78   7.4100000             128000  2.8280440204539598E-01
    79   7.5050000             128000  2.8280398134329959E-01
    80   7.6000000             128000  2.8280346714730431E-01
    81   7.6950000             128000  2.8280286468298427E-01
    82   7.7900000             128000  2.8280218241007060E-01
    83   7.8850000             128000  2.8280143181844519E-01
    84   7.9800000             128000  2.8280062530279038E-01
    85   8.0750000             128000  2.8279977431245829E-01
    86   8.1700000             128000  2.8279888991324059E-01
    87   8.2650000             128000  2.8279798489623365E-01
    88   8.3600000             128000  2.8279707429647066E-01
    89   8.4550000             128000  2.8279617322640754E-01
    90   8.5500000             128000  2.8279529455866448E-01
    91   8.6450000             128000  2.8279444894909800E-01
    92   8.7400000             128000  2.8279364649307914E-01
    93   8.8350000             128000  2.8279289767010424E-01
    94   8.9300000             128000  2.8279221261084042E-01
    95   9.0250000             128000  2.8279159967714934E-01
    96   9.1200000             128000  2.8279106484221878E-01
    97   9.2150000             128000  2.8279061240500492E-01
    98   9.3100000             128000  2.8279024625324212E-01
    99   9.4050000             128000  2.8278997031632735E-01
   100   9.5000000             128000  2.8278978772971797E-01
   101   9.5950000             128000  2.8278970000696785E-01
   102   9.6900000             128000  2.8278970762831174E-01
   103   9.7850000             128000  2.8278981082886834E-01
   104   9.8800000             128000  2.8279000817046307E-01
   105   9.9750000             128000  2.8279029374546522E-01
   106   10.070000             128000  2.8279065642139756E-01
   107   10.165000             128000  2.8279108192085323E-01
   108   10.260000             128000  2.8279155547047857E-01
   109   10.355000             128000  2.8279206333902318E-01
   110   10.450000             128000  2.8279259278639790E-01
   111   10.545000             128000  2.8279313046610494E-01
   112   10.640000             128000  2.8279366105425480E-01
   113   10.735000             128000  2.8279416840017635E-01
   114   10.830000             128000  2.8279463826779594E-01
   115   10.925000             128000  2.8279505925394688E-01
   116   11.020000             128000  2.8279542089109938E-01
   117   11.115000             128000  2.8279571148498489E-01
   118   11.210000             128000  2.8279591787186370E-01
   119   11.305000             128000  2.8279602648026730E-01
   120   11.400000             128000  2.8279602414515154E-01
   121   11.495000             128000  2.8279589851877529E-01
   122   11.590000             128000  2.8279563902684768E-01
   123   11.685000             128000  2.8279523858050071E-01
   124   11.780000             128000  2.8279469451297318E-01
   125   11.875000             128000  2.8279400692432000E-01
   126   11.970000             128000  2.8279317515139463E-01
   127   12.065000             128000  2.8279219572744829E-01
   128   12.160000             128000  2.8279106401870657E-01
   129   12.255000             128000  2.8278977782602149E-01
   130   12.350000             128000  2.8278833970416928E-01
   131   12.445000             128000  2.8278675687973098E-01
   132   12.540000             128000  2.8278503950748862E-01
   133   12.635000             128000  2.8278319777746463E-01
   134   12.730000             128000  2.8278123881954342E-01
   135   12.825000             128000  2.8277916576996331E-01
   136   12.920000             128000  2.8277698031870596E-01
   137   13.015000             128000  2.8277468690140051E-01
   138   13.110000             128000  2.8277229534052645E-01
   139   13.205000             128000  2.8276981971592297E-01
   140   13.300000             128000  2.8276727314464684E-01
   141   13.395000             128000  2.8276466114583682E-01
   142   13.490000             128000  2.8276197854948348E-01
   143   13.585000             128000  2.8275921288028655E-01
   144   13.680000             128000  2.8275635178499003E-01
   145   13.775000             128000  2.8275338888767793E-01
   146   13.870000             128000  2.8275032471832978E-01
   147   13.965000             128000  2.8274716385910365E-01
   148   14.060000             128000  2.8274391089658113E-01
   149   14.155000             128000  2.8274056676926712E-01
   150   14.250000             128000  2.8273712697079523E-01
   151   14.345000             128000  2.8273358204173638E-01
   152   14.440000             128000  2.8272991802179509E-01
   153   14.535000             128000  2.8272611503419770E-01
   154   14.630000             128000  2.8272214614180441E-01
   155   14.725000             128000  2.8271797910862395E-01
   156   14.820000             128000  2.8271357994000051E-01
   157   14.915000             128000  2.8270891561914402E-01
   158   15.010000             128000  2.8270395543731136E-01
   159   15.105000             128000  2.8269867091395912E-01
   160   15.200000             128000  2.8269303307268445E-01
   161   15.295000             128000  2.8268700697503268E-01
   162   15.390000             128000  2.8268054689600902E-01
   163   15.485000             128000  2.8267359630115135E-01
   164   15.580000             128000  2.8266609320789715E-01
   165   15.675000             128000  2.8265797778716778E-01
   166   15.770000             128000  2.8264919844597558E-01
   167   15.865000             128000  2.8263971398954280E-01
   168   15.960000             128000  2.8262949109086016E-01
   169   16.055000             128000  2.8261849823449686E-01
   170   16.150000             128000  2.8260669894634594E-01
   171   16.245000             128000  2.8259404686948658E-01
   172   16.340000             128000  2.8258048383930745E-01
   173   16.435000             128000  2.8256594135171653E-01
   174   16.530000             128000  2.8255034453823868E-01
   175   16.625000             128000  2.8253361569347335E-01
   176   16.720000             128000  2.8251567580143400E-01
   177   16.815000             128000  2.8249644703635390E-01
   178   16.910000             128000  2.8247585881490322E-01
   179   17.005000             128000  2.8245385317753202E-01
   180   17.100000             128000  2.8243038248547381E-01
   181   17.195000             128000  2.8240539907265466E-01
   182   17.290000             128000  2.8237884386221690E-01
   183   17.385000             128000  2.8235064025338352E-01
   184   17.480000             128000  2.8232069387695580E-01
   185   17.575000             128000  2.8228889560385750E-01
   186   17.670000             128000  2.8225512484395565E-01
   187   17.765000             128000  2.8221925012957899E-01
   188   17.860000             128000  2.8218112623467057E-01
   189   17.955000             128000  2.8214059186359441E-01
   190   18.050000             128000  2.8209747315733319E-01
   191   18.145000             128000  2.8205159359093201E-01
   192   18.240000             128000  2.8200278568688592E-01
   193   18.335000             128000  2.8195089889653785E-01
   194   18.430000             128000  2.8189580069284159E-01
   195   18.525000             128000  2.8183737108063650E-01
   196   18.620000             128000  2.8177549142718983E-01
   197   18.715000             128000  2.8171002880540502E-01
   198   18.810000             128000  2.8164082051287104E-01
   199   18.905000             128000  2.8156766648564446E-01
   200   19.000000             128000  2.8149033233298787E-01
   201   19.095000             128000  2.8140855676939941E-01
   202   19.190000             128000  2.8132205740082505E-01
   203   19.285000             128000  2.8123053859574010E-01
   204   19.380000             128000  2.8113370676983462E-01
   205   19.475000             128000  2.8103128475416056E-01
   206   19.570000             128000  2.8092301008353704E-01
   207   19.665000             128000  2.8080861871910079E-01
   208   19.760000             128000  2.8068783522632940E-01
   209   19.855000             128000  2.8056038129600591E-01
   210   19.950000             128000  2.8042598572165933E-01
   211   20.045000             128000  2.8028437037962817E-01
   212   20.140000             128000  2.8013521579009681E-01
   213   20.235000             128000  2.7997814635060447E-01
   214   20.330000             128000  2.7981277169449825E-01
   215   20.425000             128000  2.7963876748975197E-01
   216   20.520000             128000  2.7945592438750883E-01
   217   20.615000             128000  2.7926410819339087E-01
   218   20.710000             128000  2.7906316295686134E-01
   219   20.805000             128000  2.7885285220874056E-01
   220   20.900000             128000  2.7863288431375383E-01
   221   20.995000             128000  2.7840296672811160E-01
   222   21.090000             128000  2.7816281660620679E-01
   223   21.185000             128000  2.7791213546888327E-01
   224   21.280000             128000  2.7765061147764247E-01
   225   21.375000             128000  2.7737796322302377E-01
   226   21.470000             128000  2.7709396706653322E-01
   227   21.565000             128000  2.7679843414348726E-01
   228   21.660000             128000  2.7649118787271043E-01
   229   21.755000             128000  2.7617209530465125E-01
   230   21.850000             128000  2.7584111101271580E-01
   231   21.945000             128000  2.7549824302887466E-01
   232   22.040000             128000  2.7514343785326623E-01
   233   22.135000             128000  2.7477649608250632E-01
   234   22.230000             128000  2.7439711013334678E-01
   235   22.325000             128000  2.7400497386748252E-01
   236   22.420000             128000  2.7359982869738719E-01
   237   22.515000             128000  2.7318140448214795E-01
   238   22.610000             128000  2.7274935211465284E-01
   239   22.705000             128000  2.7230326253654247E-01
   240   22.800000             128000  2.7184274285521043E-01
   241   22.895000             128000  2.7136745906003040E-01
   242   22.990000             128000  2.7087713498957167E-01
   243   23.085000             128000  2.7037156395937967E-01
   244   23.180000             128000  2.6985063234899548E-01
   245   23.275000             128000  2.6931427615582498E-01
   246   23.370000             128000  2.6876233310917164E-01
   247   23.465000             128000  2.6819440442835685E-01
   248   23.560000             128000  2.6760989353162501E-01
   249   23.655000             128000  2.6700821194605889E-01
   250   23.750000             128000  2.6638893835982169E-01
   251   23.845000             128000  2.6575178605397781E-01
   252   23.940000             128000  2.6509648597767943E-01
   253   24.035000             128000  2.6442277612167586E-01
   254   24.130000             128000  2.6373052792513207E-01
   255   24.225000             128000  2.6301987974102348E-01
   256   24.320000             128000  2.6229126365197097E-01
   257   24.415000             128000  2.6154535781600396E-01
   258   24.510000             128000  2.6078306342065705E-01
   259   24.605000             128000  2.6000553967806816E-01
   260   24.700000             128000  2.5921423496040763E-01
   261   24.795000             128000  2.5841086182739770E-01
   262   24.890000             128000  2.5759734058628042E-01
   263   24.985000             128000  2.5677575032785643E-01
   264   25.080000             128000  2.5594834044702103E-01
   265   25.175000             128000  2.5511762631295221E-01
   266   25.270000             128000  2.5428648404436199E-01
   267   25.365000             128000  2.5345813165143449E-01
   268   25.460000             128000  2.5263601456825513E-01
   269   25.555000             128000  2.5182372720598439E-01
   270   25.650000             128000  2.5102502717337138E-01
   271   25.745000             128000  2.5024388664627895E-01
   272   25.840000             128000  2.4948453616884164E-01
   273   25.935000             128000  2.4875146708452880E-01
   274   26.030000             128000  2.4804939142813409E-01
   275   26.125000             128000  2.4738319324546279E-01
   276   26.220000             128000  2.4675791198783914E-01
   277   26.315000             128000  2.4617874485394670E-01
   278   26.410000             128000  2.4565098398402316E-01
   279   26.505000             128000  2.4517986161226002E-01
   280   26.600000             128000  2.4477038755104263E-01
   281   26.695000             128000  2.4442724082842757E-01
   282   26.790000             128000  2.4415468970556711E-01
   283   26.885000             128000  2.4395651890439135E-01
   284   26.980000             128000  2.4383594046738780E-01
   285   27.075000             128000  2.4379550739495301E-01
   286   27.170000             128000  2.4383706620158571E-01
   287   27.265000             128000  2.4396169599182169E-01
   288   27.360000             128000  2.4416962928763369E-01
   289   27.455000             128000  2.4446022418274213E-01
   290   27.550000             128000  2.4483198244781701E-01
   291   27.645000             128000  2.4528251448882615E-01
   292   27.740000             128000  2.4580845900839218E-01
   293   27.835000             128000  2.4640551604456779E-01
   294   27.930000             128000  2.4706860466544159E-01
   295   28.025000             128000  2.4779199870263355E-01
   296   28.120000             128000  2.4856942299163998E-01
   297   28.215000             128000  2.4939422003271489E-01
   298   28.310000             128000  2.5025959572051293E-01
   299   28.405000             128000  2.5115885139328376E-01
   300   28.500000             128000  2.5208559662691088E-01
   301   28.595000             128000  2.5303397036851089E-01
   302   28.690000             128000  2.5399875773759739E-01
   303   28.785000             128000  2.5497527304764783E-01
   304   28.880000             128000  2.5595911182081860E-01
   305   28.975000             128000  2.5694599707496268E-01
   306   29.070000             128000  2.5793170906613494E-01
   307   29.165000             128000  2.5891190409019216E-01
   308   29.260000             128000  2.5988177243577748E-01
   309   29.355000             128000  2.6083571151323814E-01
   310   29.450000             128000  2.6176723921794642E-01
   311   29.545000             128000  2.6266921993855297E-01
   312   29.640000             128000  2.6353427093148790E-01
   313   29.735000             128000  2.6435515025033973E-01
   314   29.830000             128000  2.6512510984686566E-01
   315   29.925000             128000  2.6583834259207478E-01
   316   30.020000             128000  2.6649044072836953E-01
   317   30.115000             128000  2.6707852564298096E-01
   318   30.210000             128000  2.6760097441134173E-01
   319   30.305000             128000  2.6805708500397718E-01
   320   30.400000             128000  2.6844678215366979E-01
   321   30.495000             128000  2.6877014513584052E-01
   322   30.590000             128000  2.6902677207159481E-01
   323   30.685000             128000  2.6921538371374343E-01
   324   30.780000             128000  2.6933396211286881E-01
   325   30.875000             128000  2.6938021523477468E-01
   326   30.970000             128000  2.6935204569912508E-01
   327   31.065000             128000  2.6924788550668721E-01
   328   31.160000             128000  2.6906696080381076E-01
   329   31.255000             128000  2.6880974277007752E-01
   330   31.350000             128000  2.6847859016035036E-01
   331   31.445000             128000  2.6807815570141325E-01
   332   31.540000             128000  2.6761526507089856E-01
   333   31.635000             128000  2.6709846536773191E-01
   334   31.730000             128000  2.6653763902379279E-01
   335   31.825000             128000  2.6594382250146992E-01
   336   31.920000             128000  2.6532898736790533E-01
   337   32.015000             128000  2.6470552046112650E-01
   338   32.110000             128000  2.6408545141398615E-01
   339   32.205000             128000  2.6347976392573125E-01
   340   32.300000             128000  2.6289808036760920E-01
   341   32.395000             128000  2.6234867196766337E-01
   342   32.490000             128000  2.6183851673998471E-01
   343   32.585000             128000  2.6137322964313270E-01
   344   32.680000             128000  2.6095698006540879E-01
   345   32.775000             128000  2.6059253084968192E-01
   346   32.870000             128000  2.6028130256285159E-01
   347   32.965000             128000  2.6002330321356293E-01
   348   33.060000             128000  2.5981695279731482E-01
   349   33.155000             128000  2.5965898207321814E-01
   350   33.250000             128000  2.5954448825010185E-01
   351   33.345000             128000  2.5946697503792288E-01
   352   33.440000             128000  2.5941825643008454E-01
   353   33.535000             128000  2.5938848457324604E-01
   354   33.630000             128000  2.5936657757706705E-01
   355   33.725000             128000  2.5934090394770015E-01
   356   33.820000             128000  2.5929989868558517E-01
   357   33.915000             128000  2.5923247892566242E-01
   358   34.010000             128000  2.5912831974027722E-01
   359   34.105000             128000  2.5897803556041432E-01
   360   34.200000             128000  2.5877322493085586E-01
   361   34.295000             128000  2.5850643846300025E-01
   362   34.390000             128000  2.5817111519058411E-01
   363   34.485000             128000  2.5776141717711837E-01
   364   34.580000             128000  2.5727200033088743E-01
   365   34.675000             128000  2.5669791285600874E-01
   366   34.770000             128000  2.5603472049132825E-01
   367   34.865000             128000  2.5527875607534017E-01
   368   34.960000             128000  2.5442738784249369E-01
   369   35.055000             128000  2.5347929911222489E-01
   370   35.150000             128000  2.5243474340489191E-01
   371   35.245000             128000  2.5129568635320682E-01
   372   35.340000             128000  2.5006584582880204E-01
   373   35.435000             128000  2.4875072793630415E-01
   374   35.530000             128000  2.4735762619679194E-01
   375   35.625000             128000  2.4589549328565630E-01
   376   35.720000             128000  2.4437473470579019E-01
   377   35.815000             128000  2.4280700186426429E-01
   378   35.910000             128000  2.4120498223258796E-01
   379   36.005000             128000  2.3958217816371635E-01
   380   36.100000             128000  2.3795268948932624E-01
   381   36.195000             128000  2.3633096365932260E-01
   382   36.290000             128000  2.3473152511168982E-01
   383   36.385000             128000  2.3316877460870244E-01
   384   36.480000             128000  2.3165685927323681E-01
   385   36.575000             128000  2.3020946500207656E-01
   386   36.670000             128000  2.2883946395946247E-01
   387   36.765000             128000  2.2755854061262604E-01
   388   36.860000             128000  2.2637688542153134E-01
   389   36.955000             128000  2.2530290717660373E-01
   390   37.050000             128000  2.2434292405899103E-01
   391   37.145000             128000  2.2350092318220893E-01
   392   37.240000             128000  2.2277852597942793E-01
   393   37.335000             128000  2.2217518570250833E-01
   394   37.430000             128000  2.2168852823666993E-01
   395   37.525000             128000  2.2131474003528090E-01
   396   37.620000             128000  2.2104897972309051E-01
   397   37.715000             128000  2.2088582049794486E-01
   398   37.810000             128000  2.2081963314802200E-01
   399   37.905000             128000  2.2084482327294258E-01
   400   38.000000             128000  2.2095583898861898E-01
   401   38.095000             128000  2.2114682195877305E-01
   402   38.190000             128000  2.2141091186806655E-01
   403   38.285000             128000  2.2173950100518836E-01
   404   38.380000             128000  2.2212178932338209E-01
   405   38.475000             128000  2.2254465922992289E-01
   406   38.570000             128000  2.2299260496313233E-01
   407   38.665000             128000  2.2344764276315007E-01
   408   38.760000             128000  2.2388947837597586E-01
   409   38.855000             128000  2.2429614643291551E-01
   410   38.950000             128000  2.2464503346613857E-01
   411   39.045000             128000  2.2491400667072339E-01
   412   39.140000             128000  2.2508249312871687E-01
   413   39.235000             128000  2.2513261984071367E-01
   414   39.330000             128000  2.2505040372055729E-01
   415   39.425000             128000  2.2482668920393939E-01
   416   39.520000             128000  2.2445769177178343E-01
   417   39.615000             128000  2.2394528602480451E-01
   418   39.710000             128000  2.2329715132724276E-01
   419   39.805000             128000  2.2252663941491829E-01
   420   39.900000             128000  2.2165213397579633E-01
   421   39.995000             128000  2.2069600976946185E-01
   422   40.090000             128000  2.1968359685277003E-01
