! Kinetic energy for species "positrons-up"
  Iter        Time          Total Par.             Kin. Energy
     0   0.0000000             128000  2.8288871371521351E-01
     1  0.95000000E-01         128000  2.8288876614057767E-01
     2  0.19000000             128000  2.8288892297629753E-01
     3  0.28500000             128000  2.8288918254714024E-01
     4  0.38000000             128000  2.8288954140043732E-01
     5  0.47500000             128000  2.8288999417496852E-01
     6  0.57000000             128000  2.8289053379129792E-01
     7  0.66500000             128000  2.8289115169863360E-01
     8  0.76000000             128000  2.8289183810103768E-01
     9  0.85500000             128000  2.8289258216250562E-01
    10  0.95000000             128000  2.8289337215826349E-01
    11   1.0450000             128000  2.8289419560213019E-01
    12   1.1400000             128000  2.8289503941903926E-01
    13   1.2350000             128000  2.8289589017474315E-01
    14   1.3300000             128000  2.8289673433747065E-01
    15   1.4250000             128000  2.8289755855717685E-01
    16   1.5200000             128000  2.8289834991766816E-01
    17   1.6150000             128000  2.8289909602198199E-01
    18   1.7100000             128000  2.8289978491363404E-01
    19   1.8050000             128000  2.8290040521392962E-01
    20   1.9000000             128000  2.8290094667423832E-01
    21   1.9950000             128000  2.8290140061133440E-01
    22   2.0900000             128000  2.8290175977481602E-01
    23   2.1850000             128000  2.8290201813491872E-01
    24   2.2800000             128000  2.8290217117082495E-01
    25   2.3750000             128000  2.8290221634822749E-01
    26   2.4700000             128000  2.8290215325087215E-01
    27   2.5650000             128000  2.8290198342706896E-01
    28   2.6600000             128000  2.8290171013170357E-01
    29   2.7550000             128000  2.8290133787982552E-01
    30   2.8500000             128000  2.8290087205934106E-01
    31   2.9450000             128000  2.8290031916899400E-01
    32   3.0400000             128000  2.8289968751700806E-01
    33   3.1350000             128000  2.8289898740087005E-01
    34   3.2300000             128000  2.8289823037701983E-01
    35   3.3250000             128000  2.8289742847239774E-01
    36   3.4200000             128000  2.8289659416893276E-01
    37   3.5150000             128000  2.8289574074454349E-01
    38   3.6100000             128000  2.8289488205436175E-01
    39   3.7050000             128000  2.8289403187148648E-01
    40   3.8000000             128000  2.8289320367960191E-01
    41   3.8950000             128000  2.8289241086423278E-01
    42   3.9900000             128000  2.8289166632116725E-01
    43   4.0850000             128000  2.8289098155099912E-01
    44   4.1800000             128000  2.8289036650139660E-01
    45   4.2750000             128000  2.8288983031188436E-01
    46   4.3700000             128000  2.8288938155530746E-01
    47   4.4650000             128000  2.8288902744900779E-01
    48   4.5600000             128000  2.8288877323705874E-01
    49   4.6550000             128000  2.8288862244403717E-01
    50   4.7500000             128000  2.8288857717998267E-01
    51   4.8450000             128000  2.8288863802413949E-01
    52   4.9400000             128000  2.8288880412062489E-01
    53   5.0350000             128000  2.8288907344675596E-01
    54   5.1300000             128000  2.8288944239614044E-01
    55   5.2250000             128000  2.8288990512876344E-01
    56   5.3200000             128000  2.8289045401438839E-01
    57   5.4150000             128000  2.8289108067892188E-01
    58   5.5100000             128000  2.8289177588936215E-01
    59   5.6050000             128000  2.8289252831697287E-01
    60   5.7000000             128000  2.8289332419973756E-01
    61   5.7950000             128000  2.8289414903180166E-01
    62   5.8900000             128000  2.8289498973894767E-01
    63   5.9850000             128000  2.8289583475076513E-01
    64   6.0800000             128000  2.8289667184139228E-01
    65   6.1750000             128000  2.8289748673115978E-01
    66   6.2700000             128000  2.8289826446694294E-01
    67   6.3650000             128000  2.8289899168407812E-01
    68   6.4600000             128000  2.8289965703393050E-01
    69   6.5550000             128000  2.8290025016953846E-01
    70   6.6500000             128000  2.8290076128446595E-01
    71   6.7450000             128000  2.8290118148860299E-01
    72   6.8400000             128000  2.8290150313816881E-01
    73   6.9350000             128000  2.8290172004107361E-01
    74   7.0300000             128000  2.8290182778846046E-01
    75   7.1250000             128000  2.8290182406034486E-01
    76   7.2200000             128000  2.8290170906053014E-01
    77   7.3150000             128000  2.8290148593753217E-01
    78   7.4100000             128000  2.8290115988958020E-01
    79   7.5050000             128000  2.8290073592490217E-01
    80   7.6000000             128000  2.8290021797643294E-01
    81   7.6950000             128000  2.8289961086470261E-01
    82   7.7900000             128000  2.8289892256791005E-01
    83   7.8850000             128000  2.8289816397513801E-01
    84   7.9800000             128000  2.8289734696544966E-01
    85   8.0750000             128000  2.8289648344231144E-01
    86   8.1700000             128000  2.8289558605157222E-01
    87   8.2650000             128000  2.8289466908309513E-01
    88   8.3600000             128000  2.8289374799298272E-01
    89   8.4550000             128000  2.8289283762873818E-01
    90   8.5500000             128000  2.8289195075693602E-01
    91   8.6450000             128000  2.8289109818270242E-01
    92   8.7400000             128000  2.8289028989323300E-01
    93   8.8350000             128000  2.8288953572887893E-01
    94   8.9300000             128000  2.8288884516425189E-01
    95   9.0250000             128000  2.8288822678112724E-01
    96   9.1200000             128000  2.8288768777149947E-01
    97   9.2150000             128000  2.8288723380297853E-01
    98   9.3100000             128000  2.8288686963831250E-01
    99   9.4050000             128000  2.8288659969153723E-01
   100   9.5000000             128000  2.8288642734810443E-01
   101   9.5950000             128000  2.8288635400842421E-01
   102   9.6900000             128000  2.8288637958079965E-01
   103   9.7850000             128000  2.8288650338405263E-01
   104   9.8800000             128000  2.8288672308782825E-01
   105   9.9750000             128000  2.8288703241440194E-01
   106   10.070000             128000  2.8288742065792766E-01
   107   10.165000             128000  2.8288787467144627E-01
   108   10.260000             128000  2.8288838099771546E-01
   109   10.355000             128000  2.8288892648349090E-01
   110   10.450000             128000  2.8288949775857430E-01
   111   10.545000             128000  2.8289008060607618E-01
   112   10.640000             128000  2.8289066019454595E-01
   113   10.735000             128000  2.8289122228307489E-01
   114   10.830000             128000  2.8289175365151809E-01
   115   10.925000             128000  2.8289224056735929E-01
   116   11.020000             128000  2.8289266766537391E-01
   117   11.115000             128000  2.8289301978412107E-01
   118   11.210000             128000  2.8289328436193217E-01
   119   11.305000             128000  2.8289345042480657E-01
   120   11.400000             128000  2.8289350558764847E-01
   121   11.495000             128000  2.8289343594653305E-01
   122   11.590000             128000  2.8289322961824920E-01
   123   11.685000             128000  2.8289287987155798E-01
   124   11.780000             128000  2.8289238470336486E-01
   125   11.875000             128000  2.8289174354022173E-01
   126   11.970000             128000  2.8289095406896564E-01
   127   12.065000             128000  2.8289001183571910E-01
   128   12.160000             128000  2.8288891243635683E-01
   129   12.255000             128000  2.8288765373490976E-01
   130   12.350000             128000  2.8288623680032332E-01
   131   12.445000             128000  2.8288466646265509E-01
   132   12.540000             128000  2.8288295146748760E-01
   133   12.635000             128000  2.8288110270528188E-01
   134   12.730000             128000  2.8287912981523761E-01
   135   12.825000             128000  2.8287703915481260E-01
   136   12.920000             128000  2.8287483531873153E-01
   137   13.015000             128000  2.8287252480460229E-01
   138   13.110000             128000  2.8287011835787523E-01
   139   13.205000             128000  2.8286762983630037E-01
   140   13.300000             128000  2.8286507182346338E-01
   141   13.395000             128000  2.8286245000404431E-01
   142   13.490000             128000  2.8285975999395285E-01
   143   13.585000             128000  2.8285699000140319E-01
   144   13.680000             128000  2.8285412824149503E-01
   145   13.775000             128000  2.8285116962321510E-01
   146   13.870000             128000  2.8284811739168797E-01
   147   13.965000             128000  2.8284498004267422E-01
   148   14.060000             128000  2.8284176628949764E-01
   149   14.155000             128000  2.8283848046200577E-01
   150   14.250000             128000  2.8283511987417692E-01
   151   14.345000             128000  2.8283167471170684E-01
   152   14.440000             128000  2.8282812923643330E-01
   153   14.535000             128000  2.8282446220522295E-01
   154   14.630000             128000  2.8282064635164877E-01
   155   14.725000             128000  2.8281664924513439E-01
   156   14.820000             128000  2.8281243655162752E-01
   157   14.915000             128000  2.8280797536285074E-01
   158   15.010000             128000  2.8280323515661449E-01
   159   15.105000             128000  2.8279818655877781E-01
   160   15.200000             128000  2.8279279891038506E-01
   161   15.295000             128000  2.8278703680145317E-01
   162   15.390000             128000  2.8278085613331205E-01
   163   15.485000             128000  2.8277420180559537E-01
   164   15.580000             128000  2.8276700972232133E-01
   165   15.675000             128000  2.8275921404209037E-01
   166   15.770000             128000  2.8275075659570442E-01
   167   15.865000             128000  2.8274159243784924E-01
   168   15.960000             128000  2.8273168753627687E-01
   169   16.055000             128000  2.8272101033794078E-01
   170   16.150000             128000  2.8270952276784267E-01
   171   16.245000             128000  2.8269717517752946E-01
   172   16.340000             128000  2.8268390613172117E-01
   173   16.435000             128000  2.8266964527979460E-01
   174   16.530000             128000  2.8265431700298083E-01
   175   16.625000             128000  2.8263784307426515E-01
   176   16.720000             128000  2.8262014417135128E-01
   177   16.815000             128000  2.8260114241738510E-01
   178   16.910000             128000  2.8258076668301058E-01
   179   17.005000             128000  2.8255895746628967E-01
   180   17.100000             128000  2.8253566532408414E-01
   181   17.195000             128000  2.8251084184164010E-01
   182   17.290000             128000  2.8248442905748705E-01
   183   17.385000             128000  2.8245635355917426E-01
   184   17.480000             128000  2.8242652632678811E-01
   185   17.575000             128000  2.8239484525062691E-01
   186   17.670000             128000  2.8236119654461034E-01
   187   17.765000             128000  2.8232545340018667E-01
   188   17.860000             128000  2.8228747379135166E-01
   189   17.955000             128000  2.8224710126949054E-01
   190   18.050000             128000  2.8220417034846446E-01
   191   18.145000             128000  2.8215851444996204E-01
   192   18.240000             128000  2.8210997392705273E-01
   193   18.335000             128000  2.8205840312160557E-01
   194   18.430000             128000  2.8200367456359404E-01
   195   18.525000             128000  2.8194567634292728E-01
   196   18.620000             128000  2.8188430005682519E-01
   197   18.715000             128000  2.8181942228286810E-01
   198   18.810000             128000  2.8175088781937024E-01
   199   18.905000             128000  2.8167850306832531E-01
   200   19.000000             128000  2.8160204043071180E-01
   201   19.095000             128000  2.8152124565995290E-01
   202   19.190000             128000  2.8143584190311399E-01
   203   19.285000             128000  2.8134553610640578E-01
   204   19.380000             128000  2.8125003537767285E-01
   205   19.475000             128000  2.8114906396030059E-01
   206   19.570000             128000  2.8104236178049713E-01
   207   19.665000             128000  2.8092966510484496E-01
   208   19.760000             128000  2.8081069470250258E-01
   209   19.855000             128000  2.8068516675750455E-01
   210   19.950000             128000  2.8055280620942075E-01
   211   20.045000             128000  2.8041333180212319E-01
   212   20.140000             128000  2.8026641744543640E-01
   213   20.235000             128000  2.8011167571610801E-01
   214   20.330000             128000  2.7994870226487245E-01
   215   20.425000             128000  2.7977716083279830E-01
   216   20.520000             128000  2.7959683294789323E-01
   217   20.615000             128000  2.7940757492389279E-01
   218   20.710000             128000  2.7920921819855676E-01
   219   20.805000             128000  2.7900151241505927E-01
   220   20.900000             128000  2.7878415527158729E-01
   221   20.995000             128000  2.7855684797427493E-01
   222   21.090000             128000  2.7831930246037684E-01
   223   21.185000             128000  2.7807121354179909E-01
   224   21.280000             128000  2.7781226340844012E-01
   225   21.375000             128000  2.7754216925808739E-01
   226   21.470000             128000  2.7726071158951959E-01
   227   21.565000             128000  2.7696770976091578E-01
   228   21.660000             128000  2.7666299857466214E-01
   229   21.755000             128000  2.7634646007848840E-01
   230   21.850000             128000  2.7601806874847418E-01
   231   21.945000             128000  2.7567785809457157E-01
   232   22.040000             128000  2.7532580366302362E-01
   233   22.135000             128000  2.7496173550128555E-01
   234   22.230000             128000  2.7458537614356482E-01
   235   22.325000             128000  2.7419645352582650E-01
   236   22.420000             128000  2.7379474762565537E-01
   237   22.515000             128000  2.7338002773712095E-01
   238   22.610000             128000  2.7295198187842534E-01
   239   22.705000             128000  2.7251023481485459E-01
   240   22.800000             128000  2.7205442247586875E-01
   241   22.895000             128000  2.7158423182464997E-01
   242   22.990000             128000  2.7109939762924856E-01
   243   23.085000             128000  2.7059971230022495E-01
   244   23.180000             128000  2.7008504836116587E-01
   245   23.275000             128000  2.6955531593611842E-01
   246   23.370000             128000  2.6901031760455407E-01
   247   23.465000             128000  2.6844961294801772E-01
   248   23.560000             128000  2.6787255902656137E-01
   249   23.655000             128000  2.6727851825006832E-01
   250   23.750000             128000  2.6666702151718302E-01
   251   23.845000             128000  2.6603774263422764E-01
   252   23.940000             128000  2.6539038864518721E-01
   253   24.035000             128000  2.6472469278726279E-01
   254   24.130000             128000  2.6404054026441304E-01
   255   24.225000             128000  2.6333809990335744E-01
   256   24.320000             128000  2.6261785011225480E-01
   257   24.415000             128000  2.6188052787167027E-01
   258   24.510000             128000  2.6112709713950089E-01
   259   24.605000             128000  2.6035877383779427E-01
   260   24.700000             128000  2.5957704959518313E-01
   261   24.795000             128000  2.5878366066646963E-01
   262   24.890000             128000  2.5798052359050139E-01
   263   24.985000             128000  2.5716968000084384E-01
   264   25.080000             128000  2.5635330660518318E-01
   265   25.175000             128000  2.5553381505166073E-01
   266   25.270000             128000  2.5471395668880337E-01
   267   25.365000             128000  2.5389681287082949E-01
   268   25.460000             128000  2.5308568473037785E-01
   269   25.555000             128000  2.5228401736288181E-01
   270   25.650000             128000  2.5149542190189134E-01
   271   25.745000             128000  2.5072374401017494E-01
   272   25.840000             128000  2.4997312911154576E-01
   273   25.935000             128000  2.4924803072376750E-01
   274   26.030000             128000  2.4855315184372168E-01
   275   26.125000             128000  2.4789336998370695E-01
   276   26.220000             128000  2.4727370177769609E-01
   277   26.315000             128000  2.4669928951980152E-01
   278   26.410000             128000  2.4617529890844878E-01
   279   26.505000             128000  2.4570671042860642E-01
   280   26.600000             128000  2.4529812597575160E-01
   281   26.695000             128000  2.4495368195318773E-01
   282   26.790000             128000  2.4467704032228216E-01
   283   26.885000             128000  2.4447138996904488E-01
   284   26.980000             128000  2.4433942848395412E-01
   285   27.075000             128000  2.4428336122790931E-01
   286   27.170000             128000  2.4430494457115970E-01
   287   27.265000             128000  2.4440550076918921E-01
   288   27.360000             128000  2.4458585072870967E-01
   289   27.455000             128000  2.4484619194756974E-01
   290   27.550000             128000  2.4518594332302568E-01
   291   27.645000             128000  2.4560351251252199E-01
   292   27.740000             128000  2.4609606594733774E-01
   293   27.835000             128000  2.4665948990249809E-01
   294   27.930000             128000  2.4728853159027592E-01
   295   28.025000             128000  2.4797696977575329E-01
   296   28.120000             128000  2.4871781515554228E-01
   297   28.215000             128000  2.4950367971682669E-01
   298   28.310000             128000  2.5032729654192992E-01
   299   28.405000             128000  2.5118201898748072E-01
   300   28.500000             128000  2.5206221198109069E-01
   301   28.595000             128000  2.5296348273280433E-01
   302   28.690000             128000  2.5388267186365648E-01
   303   28.785000             128000  2.5481754176263571E-01
   304   28.880000             128000  2.5576624068769638E-01
   305   28.975000             128000  2.5672677806922461E-01
   306   29.070000             128000  2.5769661471193006E-01
   307   29.165000             128000  2.5867232556256392E-01
   308   29.260000             128000  2.5964928568781864E-01
   309   29.355000             128000  2.6062149997453304E-01
   310   29.450000             128000  2.6158177092029888E-01
   311   29.545000             128000  2.6252216079070434E-01
   312   29.640000             128000  2.6343446658089481E-01
   313   29.735000             128000  2.6431046929519653E-01
   314   29.830000             128000  2.6514205016451659E-01
   315   29.925000             128000  2.6592139716984214E-01
   316   30.020000             128000  2.6664125896410285E-01
   317   30.115000             128000  2.6729503226026530E-01
   318   30.210000             128000  2.6787669937092312E-01
   319   30.305000             128000  2.6838087267737204E-01
   320   30.400000             128000  2.6880298494307303E-01
   321   30.495000             128000  2.6913938768550172E-01
   322   30.590000             128000  2.6938730993019577E-01
   323   30.685000             128000  2.6954493068576940E-01
   324   30.780000             128000  2.6961172229170510E-01
   325   30.875000             128000  2.6958884219921747E-01
   326   30.970000             128000  2.6947927740402255E-01
   327   31.065000             128000  2.6928763143742745E-01
   328   31.160000             128000  2.6901968437766277E-01
   329   31.255000             128000  2.6868211635382999E-01
   330   31.350000             128000  2.6828250534179121E-01
   331   31.445000             128000  2.6782921467401377E-01
   332   31.540000             128000  2.6733094086412101E-01
   333   31.635000             128000  2.6679620733498854E-01
   334   31.730000             128000  2.6623316914787443E-01
   335   31.825000             128000  2.6564975578289318E-01
   336   31.920000             128000  2.6505385161487827E-01
   337   32.015000             128000  2.6445322612913996E-01
   338   32.110000             128000  2.6385527380014284E-01
   339   32.205000             128000  2.6326686690735684E-01
   340   32.300000             128000  2.6269450013160989E-01
   341   32.395000             128000  2.6214456729337432E-01
   342   32.490000             128000  2.6162344015396027E-01
   343   32.585000             128000  2.6113725353890826E-01
   344   32.680000             128000  2.6069162020563874E-01
   345   32.775000             128000  2.6029139462998713E-01
   346   32.870000             128000  2.5994036090357786E-01
   347   32.965000             128000  2.5964078637925347E-01
   348   33.060000             128000  2.5939300685586097E-01
   349   33.155000             128000  2.5919520472585328E-01
   350   33.250000             128000  2.5904335575966198E-01
   351   33.345000             128000  2.5893123983378918E-01
   352   33.440000             128000  2.5885055475511864E-01
   353   33.535000             128000  2.5879132437757174E-01
   354   33.630000             128000  2.5874264320340035E-01
   355   33.725000             128000  2.5869352894172154E-01
   356   33.820000             128000  2.5863360847457928E-01
   357   33.915000             128000  2.5855347561956876E-01
   358   34.010000             128000  2.5844467866507909E-01
   359   34.105000             128000  2.5829944889660350E-01
   360   34.200000             128000  2.5811037339590165E-01
   361   34.295000             128000  2.5787021330022808E-01
   362   34.390000             128000  2.5757184301729741E-01
   363   34.485000             128000  2.5720813373350238E-01
   364   34.580000             128000  2.5677181434929480E-01
   365   34.675000             128000  2.5625554411950691E-01
   366   34.770000             128000  2.5565224944888409E-01
   367   34.865000             128000  2.5495552115156339E-01
   368   34.960000             128000  2.5415995142945702E-01
   369   35.055000             128000  2.5326147302602897E-01
   370   35.150000             128000  2.5225770821790028E-01
   371   35.245000             128000  2.5114824015277326E-01
   372   35.340000             128000  2.4993480195638410E-01
   373   35.435000             128000  2.4862148012995811E-01
   374   35.530000             128000  2.4721490773556942E-01
   375   35.625000             128000  2.4572433606526284E-01
   376   35.720000             128000  2.4416159512307750E-01
   377   35.815000             128000  2.4254096282016593E-01
   378   35.910000             128000  2.4087887576636113E-01
   379   36.005000             128000  2.3919342370853830E-01
   380   36.100000             128000  2.3750368857232063E-01
   381   36.195000             128000  2.3582897692954782E-01
   382   36.290000             128000  2.3418800981016050E-01
   383   36.385000             128000  2.3259822128958096E-01
   384   36.480000             128000  2.3107527975710945E-01
   385   36.575000             128000  2.2963279097201678E-01
   386   36.670000             128000  2.2828209308094177E-01
   387   36.765000             128000  2.2703215146005118E-01
   388   36.860000             128000  2.2588960792268198E-01
   389   36.955000             128000  2.2485895247872778E-01
   390   37.050000             128000  2.2394271259413989E-01
   391   37.145000             128000  2.2314162978375102E-01
   392   37.240000             128000  2.2245483904547314E-01
   393   37.335000             128000  2.2188002549478397E-01
   394   37.430000             128000  2.2141354327574009E-01
   395   37.525000             128000  2.2105053825926385E-01
   396   37.620000             128000  2.2078513060655894E-01
   397   37.715000             128000  2.2061068750168256E-01
   398   37.810000             128000  2.2052013309270027E-01
   399   37.905000             128000  2.2050624745641265E-01
   400   38.000000             128000  2.2056188293756313E-01
   401   38.095000             128000  2.2067993873113562E-01
   402   38.190000             128000  2.2085302380259819E-01
   403   38.285000             128000  2.2107301505005067E-01
   404   38.380000             128000  2.2133079267573266E-01
   405   38.475000             128000  2.2161613162188981E-01
   406   38.570000             128000  2.2191751869163939E-01
   407   38.665000             128000  2.2222187601707352E-01
   408   38.760000             128000  2.2251445482116897E-01
   409   38.855000             128000  2.2277910336480308E-01
   410   38.950000             128000  2.2299887768782872E-01
   411   39.045000             128000  2.2315683349814347E-01
   412   39.140000             128000  2.2323691501924714E-01
   413   39.235000             128000  2.2322494495900766E-01
   414   39.330000             128000  2.2310959208426184E-01
   415   39.425000             128000  2.2288311958645485E-01
   416   39.520000             128000  2.2254189541633496E-01
   417   39.615000             128000  2.2208678539114998E-01
   418   39.710000             128000  2.2152346059274311E-01
   419   39.805000             128000  2.2086246976723892E-01
   420   39.900000             128000  2.2011890987464261E-01
   421   39.995000             128000  2.1931177275072539E-01
   422   40.090000             128000  2.1846323206566248E-01
