! Kinetic energy for species "electrons-up"
  Iter        Time          Total Par.             Kin. Energy
     0   0.0000000             128000  2.8277894632917300E-01
     1  0.95000000E-01         128000  2.8277889169786086E-01
     2  0.19000000             128000  2.8277872895703005E-01
     3  0.28500000             128000  2.8277846126683953E-01
     4  0.38000000             128000  2.8277809331139026E-01
     5  0.47500000             128000  2.8277763109193887E-01
     6  0.57000000             128000  2.8277708197930485E-01
     7  0.66500000             128000  2.8277645482154823E-01
     8  0.76000000             128000  2.8277575983145731E-01
     9  0.85500000             128000  2.8277500822672802E-01
    10  0.95000000             128000  2.8277421196410363E-01
    11   1.0450000             128000  2.8277338372761884E-01
    12   1.1400000             128000  2.8277253680893544E-01
    13   1.2350000             128000  2.8277168466760694E-01
    14   1.3300000             128000  2.8277084057495600E-01
    15   1.4250000             128000  2.8277001759647846E-01
    16   1.5200000             128000  2.8276922854531539E-01
    17   1.6150000             128000  2.8276848570974622E-01
    18   1.7100000             128000  2.8276780067926832E-01
    19   1.8050000             128000  2.8276718430940451E-01
    20   1.9000000             128000  2.8276664644657673E-01
    21   1.9950000             128000  2.8276619549136289E-01
    22   2.0900000             128000  2.8276583830207302E-01
    23   2.1850000             128000  2.8276558039417837E-01
    24   2.2800000             128000  2.8276542591185205E-01
    25   2.3750000             128000  2.8276537734803953E-01
    26   2.4700000             128000  2.8276543542703692E-01
    27   2.5650000             128000  2.8276559916532634E-01
    28   2.6600000             128000  2.8276586590179997E-01
    29   2.7550000             128000  2.8276623141201740E-01
    30   2.8500000             128000  2.8276669004672633E-01
    31   2.9450000             128000  2.8276723451767261E-01
    32   3.0400000             128000  2.8276785571091156E-01
    33   3.1350000             128000  2.8276854332374274E-01
    34   3.2300000             128000  2.8276928672426116E-01
    35   3.3250000             128000  2.8277007477139915E-01
    36   3.4200000             128000  2.8277089511570597E-01
    37   3.5150000             128000  2.8277173444645975E-01
    38   3.6100000             128000  2.8277257943208522E-01
    39   3.7050000             128000  2.8277341703834991E-01
    40   3.8000000             128000  2.8277423418932413E-01
    41   3.8950000             128000  2.8277501765630053E-01
    42   3.9900000             128000  2.8277575440034908E-01
    43   4.0850000             128000  2.8277643208282088E-01
    44   4.1800000             128000  2.8277703958717737E-01
    45   4.2750000             128000  2.8277756726266162E-01
    46   4.3700000             128000  2.8277800663336056E-01
    47   4.4650000             128000  2.8277835014340102E-01
    48   4.5600000             128000  2.8277859167420166E-01
    49   4.6550000             128000  2.8277872722547509E-01
    50   4.7500000             128000  2.8277875471727354E-01
    51   4.8450000             128000  2.8277867352562108E-01
    52   4.9400000             128000  2.8277848492587832E-01
    53   5.0350000             128000  2.8277819271134341E-01
    54   5.1300000             128000  2.8277780259370577E-01
    55   5.2250000             128000  2.8277732103497055E-01
    56   5.3200000             128000  2.8277675503979377E-01
    57   5.4150000             128000  2.8277611269760039E-01
    58   5.5100000             128000  2.8277540340741425E-01
    59   5.6050000             128000  2.8277463788443247E-01
    60   5.7000000             128000  2.8277382829658726E-01
    61   5.7950000             128000  2.8277298786627303E-01
    62   5.8900000             128000  2.8277212975910332E-01
    63   5.9850000             128000  2.8277126648815709E-01
    64   6.0800000             128000  2.8277041042480189E-01
    65   6.1750000             128000  2.8276957445591377E-01
    66   6.2700000             128000  2.8276877212812163E-01
    67   6.3650000             128000  2.8276801733792811E-01
    68   6.4600000             128000  2.8276732315092151E-01
    69   6.5550000             128000  2.8276669988888503E-01
    70   6.6500000             128000  2.8276615446121300E-01
    71   6.7450000             128000  2.8276569229044796E-01
    72   6.8400000             128000  2.8276531982130615E-01
    73   6.9350000             128000  2.8276504456971696E-01
    74   7.0300000             128000  2.8276487288478602E-01
    75   7.1250000             128000  2.8276480813751170E-01
    76   7.2200000             128000  2.8276485055068573E-01
    77   7.3150000             128000  2.8276499775422331E-01
    78   7.4100000             128000  2.8276524542535958E-01
    79   7.5050000             128000  2.8276558796525963E-01
    80   7.6000000             128000  2.8276601872179807E-01
    81   7.6950000             128000  2.8276652967689248E-01
    82   7.7900000             128000  2.8276711144115113E-01
    83   7.8850000             128000  2.8276775377244878E-01
    84   7.9800000             128000  2.8276844589036798E-01
    85   8.0750000             128000  2.8276917644069699E-01
    86   8.1700000             128000  2.8276993361327629E-01
    87   8.2650000             128000  2.8277070530006332E-01
    88   8.3600000             128000  2.8277147880679121E-01
    89   8.4550000             128000  2.8277224054511146E-01
    90   8.5500000             128000  2.8277297659061296E-01
    91   8.6450000             128000  2.8277367362776945E-01
    92   8.7400000             128000  2.8277431884481263E-01
    93   8.8350000             128000  2.8277489904702402E-01
    94   8.9300000             128000  2.8277540088913211E-01
    95   9.0250000             128000  2.8277581241864014E-01
    96   9.1200000             128000  2.8277612399639485E-01
    97   9.2150000             128000  2.8277632795460517E-01
    98   9.3100000             128000  2.8277641840856838E-01
    99   9.4050000             128000  2.8277639181379777E-01
   100   9.5000000             128000  2.8277624731424478E-01
   101   9.5950000             128000  2.8277598649595798E-01
   102   9.6900000             128000  2.8277561310079014E-01
   103   9.7850000             128000  2.8277513269453924E-01
   104   9.8800000             128000  2.8277455180877986E-01
   105   9.9750000             128000  2.8277387681125310E-01
   106   10.070000             128000  2.8277311319169640E-01
   107   10.165000             128000  2.8277226564008584E-01
   108   10.260000             128000  2.8277133927696785E-01
   109   10.355000             128000  2.8277034177238991E-01
   110   10.450000             128000  2.8276928436869370E-01
   111   10.545000             128000  2.8276818008897608E-01
   112   10.640000             128000  2.8276704084526499E-01
   113   10.735000             128000  2.8276587694400213E-01
   114   10.830000             128000  2.8276469931007170E-01
   115   10.925000             128000  2.8276352109496716E-01
   116   11.020000             128000  2.8276235643091036E-01
   117   11.115000             128000  2.8276121778590269E-01
   118   11.210000             128000  2.8276011454531219E-01
   119   11.305000             128000  2.8275905359698117E-01
   120   11.400000             128000  2.8275804067413041E-01
   121   11.495000             128000  2.8275708094878316E-01
   122   11.590000             128000  2.8275617893982802E-01
   123   11.685000             128000  2.8275533885686377E-01
   124   11.780000             128000  2.8275456487751782E-01
   125   11.875000             128000  2.8275385948958009E-01
   126   11.970000             128000  2.8275322049745821E-01
   127   12.065000             128000  2.8275263994964750E-01
   128   12.160000             128000  2.8275210620069274E-01
   129   12.255000             128000  2.8275160680590411E-01
   130   12.350000             128000  2.8275113018921760E-01
   131   12.445000             128000  2.8275066612509947E-01
   132   12.540000             128000  2.8275020515281601E-01
   133   12.635000             128000  2.8274973656629132E-01
   134   12.730000             128000  2.8274924601638696E-01
   135   12.825000             128000  2.8274871494521192E-01
   136   12.920000             128000  2.8274812271139960E-01
   137   13.015000             128000  2.8274745004648871E-01
   138   13.110000             128000  2.8274668148150239E-01
   139   13.205000             128000  2.8274580454428072E-01
   140   13.300000             128000  2.8274480524778789E-01
   141   13.395000             128000  2.8274366274730700E-01
   142   13.490000             128000  2.8274234775172080E-01
   143   13.585000             128000  2.8274082651512455E-01
   144   13.680000             128000  2.8273906778203040E-01
   145   13.775000             128000  2.8273704834110402E-01
   146   13.870000             128000  2.8273475441015550E-01
   147   13.965000             128000  2.8273217895087893E-01
   148   14.060000             128000  2.8272931738211721E-01
   149   14.155000             128000  2.8272616456354327E-01
   150   14.250000             128000  2.8272271398738513E-01
   151   14.345000             128000  2.8271895773759126E-01
   152   14.440000             128000  2.8271488545583590E-01
   153   14.535000             128000  2.8271048246162711E-01
   154   14.630000             128000  2.8270572925754989E-01
   155   14.725000             128000  2.8270060455959278E-01
   156   14.820000             128000  2.8269509067664572E-01
   157   14.915000             128000  2.8268917647485314E-01
   158   15.010000             128000  2.8268285491492590E-01
   159   15.105000             128000  2.8267611844867407E-01
   160   15.200000             128000  2.8266895719799445E-01
   161   15.295000             128000  2.8266135889797039E-01
   162   15.390000             128000  2.8265330628339347E-01
   163   15.485000             128000  2.8264477305096225E-01
   164   15.580000             128000  2.8263572436555023E-01
   165   15.675000             128000  2.8262612342023946E-01
   166   15.770000             128000  2.8261593855885325E-01
   167   15.865000             128000  2.8260514585592711E-01
   168   15.960000             128000  2.8259372716238740E-01
   169   16.055000             128000  2.8258166570179072E-01
   170   16.150000             128000  2.8256894057121495E-01
   171   16.245000             128000  2.8255552142052487E-01
   172   16.340000             128000  2.8254136442263361E-01
   173   16.435000             128000  2.8252641031381626E-01
   174   16.530000             128000  2.8251058629657450E-01
   175   16.625000             128000  2.8249381273612129E-01
   176   16.720000             128000  2.8247601066823919E-01
   177   16.815000             128000  2.8245710416875014E-01
   178   16.910000             128000  2.8243701780083186E-01
   179   17.005000             128000  2.8241567545855467E-01
   180   17.100000             128000  2.8239300354390251E-01
   181   17.195000             128000  2.8236893293608845E-01
   182   17.290000             128000  2.8234339233046379E-01
   183   17.385000             128000  2.8231629423524435E-01
   184   17.480000             128000  2.8228752514013372E-01
   185   17.575000             128000  2.8225694948281232E-01
   186   17.670000             128000  2.8222442192571939E-01
   187   17.765000             128000  2.8218979210368966E-01
   188   17.860000             128000  2.8215289610840288E-01
   189   17.955000             128000  2.8211354730054217E-01
   190   18.050000             128000  2.8207154068233886E-01
   191   18.145000             128000  2.8202666978326008E-01
   192   18.240000             128000  2.8197874433361197E-01
   193   18.335000             128000  2.8192759912056098E-01
   194   18.430000             128000  2.8187309051401566E-01
   195   18.525000             128000  2.8181508354497631E-01
   196   18.620000             128000  2.8175343830746102E-01
   197   18.715000             128000  2.8168800174866276E-01
   198   18.810000             128000  2.8161860070781769E-01
   199   18.905000             128000  2.8154503189665975E-01
   200   19.000000             128000  2.8146705694228352E-01
   201   19.095000             128000  2.8138441258727309E-01
   202   19.190000             128000  2.8129682817356300E-01
   203   19.285000             128000  2.8120403135401439E-01
   204   19.380000             128000  2.8110573909239633E-01
   205   19.475000             128000  2.8100165410513578E-01
   206   19.570000             128000  2.8089148235932282E-01
   207   19.665000             128000  2.8077495611356873E-01
   208   19.760000             128000  2.8065183098959645E-01
   209   19.855000             128000  2.8052185104771571E-01
   210   19.950000             128000  2.8038471559991368E-01
   211   20.045000             128000  2.8024008482337481E-01
   212   20.140000             128000  2.8008762027607642E-01
   213   20.235000             128000  2.7992701915514145E-01
   214   20.330000             128000  2.7975800991923527E-01
   215   20.425000             128000  2.7958031978746545E-01
   216   20.520000             128000  2.7939365561018903E-01
   217   20.615000             128000  2.7919772457608727E-01
   218   20.710000             128000  2.7899227373218233E-01
   219   20.805000             128000  2.7877709852835220E-01
   220   20.900000             128000  2.7855199839309175E-01
   221   20.995000             128000  2.7831671576865746E-01
   222   21.090000             128000  2.7807091578382459E-01
   223   21.185000             128000  2.7781422312494880E-01
   224   21.280000             128000  2.7754627677654264E-01
   225   21.375000             128000  2.7726676198188593E-01
   226   21.470000             128000  2.7697542218789695E-01
   227   21.565000             128000  2.7667206863082433E-01
   228   21.660000             128000  2.7635657967393279E-01
   229   21.755000             128000  2.7602887736938797E-01
   230   21.850000             128000  2.7568889614646186E-01
   231   21.945000             128000  2.7533656316671923E-01
   232   22.040000             128000  2.7497179466214372E-01
   233   22.135000             128000  2.7459450953961084E-01
   234   22.230000             128000  2.7420464795329236E-01
   235   22.325000             128000  2.7380215251884393E-01
   236   22.420000             128000  2.7338690640975916E-01
   237   22.515000             128000  2.7295870675772144E-01
   238   22.610000             128000  2.7251733440874648E-01
   239   22.705000             128000  2.7206267179571503E-01
   240   22.800000             128000  2.7159477284671973E-01
   241   22.895000             128000  2.7111384981245851E-01
   242   22.990000             128000  2.7062021757006188E-01
   243   23.085000             128000  2.7011425857747978E-01
   244   23.180000             128000  2.6959642874323614E-01
   245   23.275000             128000  2.6906725581843238E-01
   246   23.370000             128000  2.6852729425385957E-01
   247   23.465000             128000  2.6797707116625913E-01
   248   23.560000             128000  2.6741708391466507E-01
   249   23.655000             128000  2.6684785554447765E-01
   250   23.750000             128000  2.6627000613193008E-01
   251   23.845000             128000  2.6568433285104631E-01
   252   23.940000             128000  2.6509190381517633E-01
   253   24.035000             128000  2.6449411313112164E-01
   254   24.130000             128000  2.6389265691486274E-01
   255   24.225000             128000  2.6328947681676679E-01
   256   24.320000             128000  2.6268675491689286E-01
   257   24.415000             128000  2.6208696842327089E-01
   258   24.510000             128000  2.6149293299576915E-01
   259   24.605000             128000  2.6090777557260225E-01
   260   24.700000             128000  2.6033481669598135E-01
   261   24.795000             128000  2.5977740266518656E-01
   262   24.890000             128000  2.5923875903475918E-01
   263   24.985000             128000  2.5872190726002642E-01
   264   25.080000             128000  2.5822960197766742E-01
   265   25.175000             128000  2.5776420517321397E-01
   266   25.270000             128000  2.5732752213456866E-01
   267   25.365000             128000  2.5692068576449550E-01
   268   25.460000             128000  2.5654406626448883E-01
   269   25.555000             128000  2.5619714310800168E-01
   270   25.650000             128000  2.5587841931946764E-01
   271   25.745000             128000  2.5558549059977020E-01
   272   25.840000             128000  2.5531525128329807E-01
   273   25.935000             128000  2.5506415783386566E-01
   274   26.030000             128000  2.5482843777698161E-01
   275   26.125000             128000  2.5460416731860824E-01
   276   26.220000             128000  2.5438727229912550E-01
   277   26.315000             128000  2.5417355144581033E-01
   278   26.410000             128000  2.5395878414595280E-01
   279   26.505000             128000  2.5373888287963225E-01
   280   26.600000             128000  2.5351002494160535E-01
   281   26.695000             128000  2.5326874186007464E-01
   282   26.790000             128000  2.5301197079371218E-01
   283   26.885000             128000  2.5273711159157414E-01
   284   26.980000             128000  2.5244215260208158E-01
   285   27.075000             128000  2.5212586183378460E-01
   286   27.170000             128000  2.5178791271032080E-01
   287   27.265000             128000  2.5142880647399374E-01
   288   27.360000             128000  2.5104960389316977E-01
   289   27.455000             128000  2.5065159214384275E-01
   290   27.550000             128000  2.5023594422406048E-01
   291   27.645000             128000  2.4980340631470094E-01
   292   27.740000             128000  2.4935406936687815E-01
   293   27.835000             128000  2.4888733323518686E-01
   294   27.930000             128000  2.4840215375212532E-01
   295   28.025000             128000  2.4789747051392630E-01
   296   28.120000             128000  2.4737257584953412E-01
   297   28.215000             128000  2.4682729954516383E-01
   298   28.310000             128000  2.4626214080490638E-01
   299   28.405000             128000  2.4567843957569363E-01
   300   28.500000             128000  2.4507851211457427E-01
   301   28.595000             128000  2.4446569554626535E-01
   302   28.690000             128000  2.4384439309266870E-01
   303   28.785000             128000  2.4322018404966408E-01
   304   28.880000             128000  2.4259984465214568E-01
   305   28.975000             128000  2.4199115743842170E-01
   306   29.070000             128000  2.4140262007807509E-01
   307   29.165000             128000  2.4084322766198210E-01
   308   29.260000             128000  2.4032232656360214E-01
   309   29.355000             128000  2.3984936563043674E-01
   310   29.450000             128000  2.3943342398146489E-01
   311   29.545000             128000  2.3908266596540137E-01
   312   29.640000             128000  2.3880395998811232E-01
   313   29.735000             128000  2.3860269566191528E-01
   314   29.830000             128000  2.3848268658944471E-01
   315   29.925000             128000  2.3844606755004896E-01
   316   30.020000             128000  2.3849322893133212E-01
   317   30.115000             128000  2.3862294237388132E-01
   318   30.210000             128000  2.3883271823767324E-01
   319   30.305000             128000  2.3911919376297305E-01
   320   30.400000             128000  2.3947835605008971E-01
   321   30.495000             128000  2.3990564017035990E-01
   322   30.590000             128000  2.4039603194167372E-01
   323   30.685000             128000  2.4094414209308568E-01
   324   30.780000             128000  2.4154418070024120E-01
   325   30.875000             128000  2.4218985753974537E-01
   326   30.970000             128000  2.4287425738817764E-01
   327   31.065000             128000  2.4358978609810103E-01
   328   31.160000             128000  2.4432824549030807E-01
   329   31.255000             128000  2.4508094808829350E-01
   330   31.350000             128000  2.4583874765958491E-01
   331   31.445000             128000  2.4659206377135853E-01
   332   31.540000             128000  2.4733109159659572E-01
   333   31.635000             128000  2.4804620352567891E-01
   334   31.730000             128000  2.4872835055292125E-01
   335   31.825000             128000  2.4936926958109834E-01
   336   31.920000             128000  2.4996153232801813E-01
   337   32.015000             128000  2.5049864693707286E-01
   338   32.110000             128000  2.5097530043898231E-01
   339   32.205000             128000  2.5138764394387003E-01
   340   32.300000             128000  2.5173343530883158E-01
   341   32.395000             128000  2.5201195650981589E-01
   342   32.490000             128000  2.5222382936954479E-01
   343   32.585000             128000  2.5237088005211289E-01
   344   32.680000             128000  2.5245602961302094E-01
   345   32.775000             128000  2.5248309961645637E-01
   346   32.870000             128000  2.5245656079910223E-01
   347   32.965000             128000  2.5238139649060820E-01
   348   33.060000             128000  2.5226315957567436E-01
   349   33.155000             128000  2.5210806897098431E-01
   350   33.250000             128000  2.5192295868632408E-01
   351   33.345000             128000  2.5171512589276129E-01
   352   33.440000             128000  2.5149226459497459E-01
   353   33.535000             128000  2.5126249772237580E-01
   354   33.630000             128000  2.5103438307355896E-01
   355   33.725000             128000  2.5081685030728684E-01
   356   33.820000             128000  2.5061908714772102E-01
   357   33.915000             128000  2.5045035911412961E-01
   358   34.010000             128000  2.5031976332100903E-01
   359   34.105000             128000  2.5023599888292231E-01
   360   34.200000             128000  2.5020722042976135E-01
   361   34.295000             128000  2.5024095362623711E-01
   362   34.390000             128000  2.5034400915400062E-01
   363   34.485000             128000  2.5052237063966720E-01
   364   34.580000             128000  2.5078108513995861E-01
   365   34.675000             128000  2.5112413256495358E-01
   366   34.770000             128000  2.5155419105298410E-01
   367   34.865000             128000  2.5207229845672885E-01
   368   34.960000             128000  2.5267757849062594E-01
   369   35.055000             128000  2.5336723562934294E-01
   370   35.150000             128000  2.5413681396945453E-01
   371   35.245000             128000  2.5498048927309558E-01
   372   35.340000             128000  2.5589125150959519E-01
   373   35.435000             128000  2.5686101288177821E-01
   374   35.530000             128000  2.5788069188170043E-01
   375   35.625000             128000  2.5894034551368644E-01
   376   35.720000             128000  2.6002942121374173E-01
   377   35.815000             128000  2.6113709576090022E-01
   378   35.910000             128000  2.6225259548515650E-01
   379   36.005000             128000  2.6336537494252354E-01
   380   36.100000             128000  2.6446516078023985E-01
   381   36.195000             128000  2.6554196033120364E-01
   382   36.290000             128000  2.6658606525657352E-01
   383   36.385000             128000  2.6758799084608964E-01
   384   36.480000             128000  2.6853831672239298E-01
   385   36.575000             128000  2.6942752398638836E-01
   386   36.670000             128000  2.7024592581059342E-01
   387   36.765000             128000  2.7098365954495907E-01
   388   36.860000             128000  2.7163076591354790E-01
   389   36.955000             128000  2.7217749070553421E-01
   390   37.050000             128000  2.7261482422396371E-01
   391   37.145000             128000  2.7293511798335263E-01
   392   37.240000             128000  2.7313258817971009E-01
   393   37.335000             128000  2.7320367547822322E-01
   394   37.430000             128000  2.7314726276101337E-01
   395   37.525000             128000  2.7296470850875232E-01
   396   37.620000             128000  2.7265968683839292E-01
   397   37.715000             128000  2.7223778759671613E-01
   398   37.810000             128000  2.7170590067946698E-01
   399   37.905000             128000  2.7107159641269368E-01
   400   38.000000             128000  2.7034273190526886E-01
   401   38.095000             128000  2.6952733972223497E-01
   402   38.190000             128000  2.6863367082090317E-01
   403   38.285000             128000  2.6767032705754701E-01
   404   38.380000             128000  2.6664653193455379E-01
   405   38.475000             128000  2.6557258036464071E-01
   406   38.570000             128000  2.6446022086984411E-01
   407   38.665000             128000  2.6332272559203695E-01
   408   38.760000             128000  2.6217493791188173E-01
   409   38.855000             128000  2.6103366324857791E-01
   410   38.950000             128000  2.5991805734279572E-01
   411   39.045000             128000  2.5884926867206953E-01
   412   39.140000             128000  2.5784932782726311E-01
   413   39.235000             128000  2.5693978258110084E-01
   414   39.330000             128000  2.5614020590189424E-01
   415   39.425000             128000  2.5546654508124267E-01
   416   39.520000             128000  2.5492965335600032E-01
   417   39.615000             128000  2.5453444455992136E-01
   418   39.710000             128000  2.5427990550017660E-01
   419   39.805000             128000  2.5416002769657370E-01
   420   39.900000             128000  2.5416519232358142E-01
   421   39.995000             128000  2.5428313784366702E-01
   422   40.090000             128000  2.5449942465924713E-01
