! EM field energy per field component
  Iter        Time                          B1                      B2                      B3                      E1                      E2                      E3
     0   0.0000000      0.0000000000000000E+00  0.0000000000000000E+00  0.0000000000000000E+00  0.0000000000000000E+00  0.0000000000000000E+00  0.0000000000000000E+00
     1  0.95000000E-01  0.0000000000000000E+00  6.5646288640412074E-11  5.1616420888176013E-11  8.7025123361036934E-10  9.8365202215335474E-10  7.8238522426988278E-10
     2  0.19000000      0.0000000000000000E+00  7.1787966053849597E-10  5.9902182038956082E-10  3.4310140240030900E-09  3.2363784571160878E-09  2.2246590025983254E-09
     3  0.28500000      0.0000000000000000E+00  2.0788377644087025E-09  1.9741252255465127E-09  7.5362819817892542E-09  5.9712529910305636E-09  3.4575020020475854E-09
     4  0.38000000      0.0000000000000000E+00  3.5144114990098075E-09  4.0359072786647777E-09  1.2953115849521004E-08  8.9327222109156975E-09  4.5740476425239214E-09
     5  0.47500000      0.0000000000000000E+00  4.7957764426032197E-09  6.7372819320209464E-09  1.9375593800280368E-08  1.1769152423410854E-08  5.4744242161040736E-09
     6  0.57000000      0.0000000000000000E+00  6.0247632487968269E-09  9.9884196350762163E-09  2.6443085891738772E-08  1.4247147193248554E-08  6.0374121878094940E-09
     7  0.66500000      0.0000000000000000E+00  7.2692855232010932E-09  1.3365339977295619E-08  3.3761714117058130E-08  1.6577929781353789E-08  6.3116012497441795E-09
     8  0.76000000      0.0000000000000000E+00  8.5528011325579993E-09  1.6583405434141185E-08  4.0927695871602448E-08  1.8843215955566698E-08  6.2649764579064869E-09
     9  0.85500000      0.0000000000000000E+00  9.6474723240901202E-09  1.9849019544531168E-08  4.7551137119361812E-08  2.0643256897119025E-08  6.0938007606340528E-09
    10  0.95000000      0.0000000000000000E+00  1.0486779677802662E-08  2.3443324263299078E-08  5.3278851181036854E-08  2.1704884030904160E-08  5.8105818209678512E-09
    11   1.0450000      0.0000000000000000E+00  1.1242661874243831E-08  2.7573941544533520E-08  5.7814816388201208E-08  2.2037244661469230E-08  5.2108994314980018E-09
    12   1.1400000      0.0000000000000000E+00  1.1749246683120831E-08  3.2540811638094267E-08  6.0937080105417549E-08  2.1558955287086644E-08  4.5869597056278345E-09
    13   1.2350000      0.0000000000000000E+00  1.1792692979619911E-08  3.8388456569820828E-08  6.2510032752778726E-08  2.0300952920719217E-08  4.2514929193099303E-09
    14   1.3300000      0.0000000000000000E+00  1.1435440775327500E-08  4.4597206806943968E-08  6.2491340548824360E-08  1.8645936013692367E-08  4.1114156748252938E-09
    15   1.4250000      0.0000000000000000E+00  1.0728806811159706E-08  5.0528475599528772E-08  6.0933214366287158E-08  1.6898384706765549E-08  4.1541073771082206E-09
    16   1.5200000      0.0000000000000000E+00  9.8993296783144683E-09  5.5944056067259908E-08  5.7977924096969186E-08  1.5015099264148526E-08  4.2255980617867283E-09
    17   1.6150000      0.0000000000000000E+00  9.2005575305901453E-09  6.1008695530531337E-08  5.3847892135745671E-08  1.3018458842318861E-08  4.1609443264854477E-09
    18   1.7100000      0.0000000000000000E+00  8.5529055552042641E-09  6.6353936110197007E-08  4.8831008339429586E-08  1.0907884348800435E-08  4.1496407425581997E-09
    19   1.8050000      0.0000000000000000E+00  7.9517255292496367E-09  7.2707248464381357E-08  4.3262171307425088E-08  8.5821202871863972E-09  4.1211298742807621E-09
    20   1.9000000      0.0000000000000000E+00  7.4309780778949507E-09  8.0016694457766988E-08  3.7502188071138414E-08  6.3196059904192490E-09  3.8548980209936737E-09
    21   1.9950000      0.0000000000000000E+00  6.7426682576622018E-09  8.7508463769153420E-08  3.1915358311454200E-08  4.5875032502079366E-09  3.5706939353777681E-09
    22   2.0900000      0.0000000000000000E+00  5.8727762173050391E-09  9.4476241526023163E-08  2.6847120115439133E-08  3.5760196918271418E-09  3.3824171600772319E-09
    23   2.1850000      0.0000000000000000E+00  5.1372515075620056E-09  1.0066057720997161E-07  2.2603160517533712E-08  3.3278215826845806E-09  3.1399054219716173E-09
    24   2.2800000      0.0000000000000000E+00  4.5563873005915514E-09  1.0631937433930903E-07  1.9431222108323002E-08  3.8494738966144605E-09  3.0590690698830471E-09
    25   2.3750000      0.0000000000000000E+00  3.9676520880556711E-09  1.1228219547135523E-07  1.7506765963227058E-08  4.8870156134829218E-09  3.4142665295681899E-09
    26   2.4700000      0.0000000000000000E+00  3.3954869738364568E-09  1.1958886060177275E-07  1.6923319200257675E-08  6.0353056146231096E-09  4.0825913608444318E-09
    27   2.5650000      0.0000000000000000E+00  2.9695711114791031E-09  1.2880751931801137E-07  1.7688037199538302E-08  7.0941804284474677E-09  4.8143929480790878E-09
    28   2.6600000      0.0000000000000000E+00  3.0034821985080722E-09  1.3979546742333332E-07  1.9722780940079020E-08  7.9479385101090881E-09  5.1901824753449595E-09
    29   2.7550000      0.0000000000000000E+00  3.6439122137766248E-09  1.5188059417166845E-07  2.2870434186920830E-08  8.5527235753671835E-09  5.0100240034319857E-09
    30   2.8500000      0.0000000000000000E+00  4.5235779465681798E-09  1.6438365124913839E-07  2.6906037788251658E-08  9.1816149729076649E-09  4.6974375082917655E-09
    31   2.9450000      0.0000000000000000E+00  5.4502837420334180E-09  1.7748135885528908E-07  3.1552035449297978E-08  1.0013179639805041E-08  4.3693420247102878E-09
    32   3.0400000      0.0000000000000000E+00  6.4245101798645187E-09  1.9220344044676019E-07  3.6496636225318244E-08  1.0891458464534092E-08  3.8803955524390936E-09
    33   3.1350000      0.0000000000000000E+00  7.1348028077946129E-09  2.0940387851314470E-07  4.1414097093524571E-08  1.1728272794603173E-08  3.5596177758658470E-09
    34   3.2300000      0.0000000000000000E+00  7.3903263195008666E-09  2.2905084885484710E-07  4.5985586145295379E-08  1.2733062599890168E-08  3.6842115231714177E-09
    35   3.3250000      0.0000000000000000E+00  7.4033222041440238E-09  2.5048556071126823E-07  4.9919319510957052E-08  1.4042704386930530E-08  4.0927810239169401E-09
    36   3.4200000      0.0000000000000000E+00  7.4223963436481479E-09  2.7288401331255584E-07  5.2968763178317465E-08  1.5677744247979272E-08  4.5403733480669578E-09
    37   3.5150000      0.0000000000000000E+00  7.4912467154059758E-09  2.9581480425974330E-07  5.4947694514052522E-08  1.7771131121484052E-08  4.8703398885708959E-09
    38   3.6100000      0.0000000000000000E+00  7.3296756987675184E-09  3.2006979848471158E-07  5.5741241409994172E-08  2.0290866741064539E-08  5.2489582221673141E-09
    39   3.7050000      0.0000000000000000E+00  6.7808992319929040E-09  3.4766801133554466E-07  5.5312250221073819E-08  2.2826909410555156E-08  5.7776827010827938E-09
    40   3.8000000      0.0000000000000000E+00  6.1920286858453410E-09  3.8052517074413076E-07  5.3702627314047039E-08  2.4987904710174354E-08  6.0675738975140435E-09
    41   3.8950000      0.0000000000000000E+00  5.7559476470635331E-09  4.1924018226515462E-07  5.1029664831034771E-08  2.6698771549937418E-08  6.0231694706415732E-09
    42   3.9900000      0.0000000000000000E+00  5.3704497161156444E-09  4.6328577220696755E-07  4.7477618972443534E-08  2.7892549993147850E-08  5.9129398220963611E-09
    43   4.0850000      0.0000000000000000E+00  5.2296393299524055E-09  5.1186450560053759E-07  4.3285080007685096E-08  2.8393079196216235E-08  5.5161602633774777E-09
    44   4.1800000      0.0000000000000000E+00  5.4698889884692269E-09  5.6437679756011436E-07  3.8729035630752226E-08  2.8318592988479098E-08  4.6217456812042396E-09
    45   4.2750000      0.0000000000000000E+00  5.9154440424889565E-09  6.2071297292994454E-07  3.4106682857239641E-08  2.7902949636911015E-08  3.4113209196620530E-09
    46   4.3700000      0.0000000000000000E+00  6.3511459040354671E-09  6.8106246726139854E-07  2.9716197284078068E-08  2.7169239381589468E-08  2.1805710809004923E-09
    47   4.4650000      0.0000000000000000E+00  6.5142080109750131E-09  7.4520463835905787E-07  2.5837672057203977E-08  2.6331025808828152E-08  1.4310023920515541E-09
    48   4.5600000      0.0000000000000000E+00  6.4157460517327005E-09  8.1273502804298266E-07  2.2715407210578634E-08  2.5543221801174848E-08  1.3850405337014286E-09
    49   4.6550000      0.0000000000000000E+00  6.4067794033482376E-09  8.8352706411653788E-07  2.0542700582939004E-08  2.4655131930420916E-08  1.7429459852073037E-09
    50   4.7500000      0.0000000000000000E+00  6.5600410573843649E-09  9.5733075411191496E-07  1.9450088915093153E-08  2.3716524567936128E-08  2.4082337976628682E-09
    51   4.8450000      0.0000000000000000E+00  6.7898704317041115E-09  1.0335514251287016E-06  1.9497774424684116E-08  2.3131395458553397E-08  3.3672286882820153E-09
    52   4.9400000      0.0000000000000000E+00  7.2664561055413501E-09  1.1121219763274178E-06  2.0672585987653459E-08  2.3144909155076090E-08  4.2276363371471648E-09
    53   5.0350000      0.0000000000000000E+00  7.9589926405918153E-09  1.1945639611068627E-06  2.2889709524556729E-08  2.3561486178013928E-08  4.8418968672189025E-09
    54   5.1300000      0.0000000000000000E+00  8.5601948599223196E-09  1.2837942438407745E-06  2.5999018093050595E-08  2.4225635949922192E-08  5.3931026155130117E-09
    55   5.2250000      0.0000000000000000E+00  8.9911474668009472E-09  1.3829824399333433E-06  2.9795502147827582E-08  2.5226714882785185E-08  5.7447683671625866E-09
    56   5.3200000      0.0000000000000000E+00  9.1906036723113504E-09  1.4944116945749438E-06  3.4033093637487879E-08  2.6661296997150894E-08  5.8203978192624189E-09
    57   5.4150000      0.0000000000000000E+00  9.0764129144673415E-09  1.6189414560252146E-06  3.8441009779771291E-08  2.8479496659882188E-08  5.7371795425500413E-09
    58   5.5100000      0.0000000000000000E+00  8.7700857902855770E-09  1.7561599750638887E-06  4.2741458249611324E-08  3.0588055591639699E-08  5.4831562871719916E-09
    59   5.6050000      0.0000000000000000E+00  8.2268822050652243E-09  1.9050634113236980E-06  4.6667585003802392E-08  3.2924562536645491E-08  5.3187601387221550E-09
    60   5.7000000      0.0000000000000000E+00  7.4237327723735167E-09  2.0649154605225322E-06  4.9980466821535090E-08  3.5399748056453719E-08  5.3934671692672201E-09
    61   5.7950000      0.0000000000000000E+00  6.6164394546719862E-09  2.2358686918538076E-06  5.2484131468902783E-08  3.7859130929295110E-08  5.3471185573226581E-09
    62   5.8900000      0.0000000000000000E+00  5.8074536774148088E-09  2.4191585071876275E-06  5.4037595884106372E-08  4.0118894238245304E-08  5.0932424669307841E-09
    63   5.9850000      0.0000000000000000E+00  4.8622349052845901E-09  2.6167742685367677E-06  5.4563182022215195E-08  4.2316724788219154E-08  4.7924770008414551E-09
    64   6.0800000      0.0000000000000000E+00  3.9165153988326387E-09  2.8310498580369102E-06  5.4050655359061016E-08  4.4969397123513016E-08  4.4019112253280811E-09
    65   6.1750000      0.0000000000000000E+00  3.1289338728729277E-09  3.0642731608408150E-06  5.2556930161519233E-08  4.8347957018224900E-08  3.9934309473941989E-09
    66   6.2700000      0.0000000000000000E+00  2.6914866795811905E-09  3.3178777754818097E-06  5.0201438384440906E-08  5.2304275304102339E-08  3.5691312413840545E-09
    67   6.3650000      0.0000000000000000E+00  2.6343467484952364E-09  3.5922065137834931E-06  4.7157514899607324E-08  5.6746576233446538E-08  3.1832906308466597E-09
    68   6.4600000      0.0000000000000000E+00  2.7367514460707586E-09  3.8880718560498035E-06  4.3640358980936423E-08  6.1801709904498564E-08  3.1266227854849185E-09
    69   6.5550000      0.0000000000000000E+00  3.3267531621383813E-09  4.2087844604347687E-06  3.9892458634021741E-08  6.7395166672020822E-08  2.9171629211966215E-09
    70   6.6500000      0.0000000000000000E+00  4.5877276992942978E-09  4.5595755301466141E-06  3.6167411393518515E-08  7.3623524926254793E-08  2.1394806482449411E-09
    71   6.7450000      0.0000000000000000E+00  5.4798076625177523E-09  4.9450240075117837E-06  3.2713260440354403E-08  8.1209988415765242E-08  1.9003341690646841E-09
    72   6.8400000      0.0000000000000000E+00  5.3875361074485085E-09  5.3680114390819519E-06  2.9756286719550697E-08  9.0258813760888490E-08  2.7870912369347407E-09
    73   6.9350000      0.0000000000000000E+00  4.8537500828774628E-09  5.8301503304523881E-06  2.7486384040834276E-08  9.9970818035968107E-08  4.0664369393162710E-09
    74   7.0300000      0.0000000000000000E+00  4.3598328862879638E-09  6.3329181678218391E-06  2.6045072364654932E-08  1.0974368901772521E-07  5.2679164662358434E-09
    75   7.1250000      0.0000000000000000E+00  4.2400775033139611E-09  6.8791357374475471E-06  2.5516822352804961E-08  1.1912023929811292E-07  6.1245502379693098E-09
    76   7.2200000      0.0000000000000000E+00  4.7591514562040706E-09  7.4725080319507056E-06  2.5924164896904216E-08  1.2755583214765034E-07  6.3978400732643835E-09
    77   7.3150000      0.0000000000000000E+00  5.8564017925791678E-09  8.1154233858234955E-06  2.7226873687966988E-08  1.3497719474900937E-07  6.1616895289090793E-09
    78   7.4100000      0.0000000000000000E+00  7.3676766805845090E-09  8.8083894681325146E-06  2.9325332854295143E-08  1.4199986166331402E-07  5.4549326817318410E-09
    79   7.5050000      0.0000000000000000E+00  8.8995241394439941E-09  9.5524277176198069E-06  3.2067703011448962E-08  1.4924095340618689E-07  4.5466842538990957E-09
    80   7.6000000      0.0000000000000000E+00  9.9839241658236724E-09  1.0351489331955232E-05  3.5260481827017278E-08  1.5709043507649208E-07  3.9025361606677518E-09
    81   7.6950000      0.0000000000000000E+00  1.0684468483163703E-08  1.1212552591925328E-05  3.8681757662752056E-08  1.6605152250025755E-07  3.4603235352707751E-09
    82   7.7900000      0.0000000000000000E+00  1.1184074295676883E-08  1.2144282965825026E-05  4.2096138181381749E-08  1.7645199026029559E-07  3.1130841166043408E-09
    83   7.8850000      0.0000000000000000E+00  1.1378735169814438E-08  1.3155556523168952E-05  4.5270412646528714E-08  1.8825222112626537E-07  3.0961027461875698E-09
    84   7.9800000      0.0000000000000000E+00  1.1229908796214343E-08  1.4254647193233324E-05  4.7988973594807098E-08  2.0146326676290865E-07  3.4189692162502576E-09
    85   8.0750000      0.0000000000000000E+00  1.0672894529656104E-08  1.5449301432795812E-05  5.0067937809807806E-08  2.1635049563201069E-07  4.0508670237057498E-09
    86   8.1700000      0.0000000000000000E+00  9.7018261463027605E-09  1.6747058833785460E-05  5.1367048886618689E-08  2.3296043706749978E-07  4.9057905888382089E-09
    87   8.2650000      0.0000000000000000E+00  8.6003609820946997E-09  1.8155060351811291E-05  5.1798602443081418E-08  2.5123801432604608E-07  5.5567193778541098E-09
    88   8.3600000      0.0000000000000000E+00  7.4334378024824998E-09  1.9681066231969389E-05  5.1332755755153317E-08  2.7122337583447058E-07  5.9016101694507885E-09
    89   8.4550000      0.0000000000000000E+00  6.1178953996677599E-09  2.1336714918180889E-05  4.9999013154775271E-08  2.9265440708940657E-07  6.0654471870547346E-09
    90   8.5500000      0.0000000000000000E+00  4.8776970088692531E-09  2.3139866617114275E-05  4.7883838922143040E-08  3.1508229203364318E-07  5.8312744799976735E-09
    91   8.6450000      0.0000000000000000E+00  3.8420838280165197E-09  2.5112265013445734E-05  4.5124518094679199E-08  3.3815747990877087E-07  5.2018024757934551E-09
    92   8.7400000      0.0000000000000000E+00  2.9484653622079674E-09  2.7272042583431511E-05  4.1899713692399210E-08  3.6141156679622227E-07  4.5098455417028142E-09
    93   8.8350000      0.0000000000000000E+00  2.3942753495635761E-09  2.9625580344109373E-05  3.8417383942585701E-08  3.8442704578638347E-07  3.7582845502952565E-09
    94   8.9300000      0.0000000000000000E+00  2.3392177388286237E-09  3.2166452617291781E-05  3.4900845025599840E-08  4.0757153167060560E-07  2.9037773059813753E-09
    95   9.0250000      0.0000000000000000E+00  2.5562572174265605E-09  3.4885105003258301E-05  3.1573978313316635E-08  4.3228432560582054E-07  2.2409373767561188E-09
    96   9.1200000      0.0000000000000000E+00  2.7545879156735566E-09  3.7783683633308546E-05  2.8646578291937925E-08  4.6074276979737953E-07  2.0032371999133029E-09
    97   9.2150000      0.0000000000000000E+00  2.7022805737941254E-09  4.0885812691530851E-05  2.6300697097570616E-08  4.9548452628301271E-07  2.3585125464281894E-09
    98   9.3100000      0.0000000000000000E+00  2.4834692824400616E-09  4.4235459594644188E-05  2.4678854009385365E-08  5.3869331313689208E-07  3.1808858548233841E-09
    99   9.4050000      0.0000000000000000E+00  2.5988523765939885E-09  4.7886392031591023E-05  2.3874969665398088E-08  5.9130783887038883E-07  3.8545503187574629E-09
   100   9.5000000      0.0000000000000000E+00  3.1589395629647803E-09  5.1888913631196741E-05  2.3928636768678590E-08  6.5318686225436636E-07  4.2394896258391359E-09
   101   9.5950000      0.0000000000000000E+00  3.9070193747407680E-09  5.6281988148629760E-05  2.4823011748192047E-08  7.2352630074858257E-07  4.5962673434318123E-09
   102   9.6900000      0.0000000000000000E+00  4.8678125063463538E-09  6.1093374043795292E-05  2.6486485882311375E-08  8.0095200787378321E-07  4.7633873371056725E-09
   103   9.7850000      0.0000000000000000E+00  5.9954999824925393E-09  6.6344140046859337E-05  2.8797942934889391E-08  8.8393405511949591E-07  4.6778202453452979E-09
   104   9.8800000      0.0000000000000000E+00  6.9649421878203532E-09  7.2054064013958886E-05  3.1595256226085774E-08  9.7157778813455673E-07  4.6514227641238026E-09
   105   9.9750000      0.0000000000000000E+00  7.5548547313363086E-09  7.8247959256371640E-05  3.4686456398910044E-08  1.0637618689363480E-06  4.8932112800476740E-09
   106   10.070000      0.0000000000000000E+00  7.7881214118442245E-09  8.4962393499335686E-05  3.7862768214002992E-08  1.1606327425141913E-06  5.3663178480220518E-09
   107   10.165000      0.0000000000000000E+00  7.9348980244545643E-09  9.2248664256158530E-05  4.0912683931302487E-08  1.2624063316906488E-06  5.7302443695758942E-09
   108   10.260000      0.0000000000000000E+00  8.1455573879264339E-09  1.0016816892134444E-04  4.3636066777379425E-08  1.3691457922154647E-06  5.7565554415583774E-09
   109   10.355000      0.0000000000000000E+00  8.1939852743509166E-09  1.0878128129468000E-04  4.5857444141556425E-08  1.4804179998555605E-06  5.7130853165851188E-09
   110   10.450000      0.0000000000000000E+00  8.1093250089813313E-09  1.1813714688589587E-04  4.7437544463289413E-08  1.5956588847882840E-06  5.5901611550245796E-09
   111   10.545000      0.0000000000000000E+00  8.1682445254391697E-09  1.2827383157567638E-04  4.8282377634353297E-08  1.7153367657623120E-06  5.0907301177247185E-09
   112   10.640000      0.0000000000000000E+00  8.2144436661565380E-09  1.3923200972990480E-04  4.8349263147519449E-08  1.8415110951739363E-06  4.4642646598001235E-09
   113   10.735000      0.0000000000000000E+00  8.0247517957218494E-09  1.5107394439015272E-04  4.7649379601785354E-08  1.9771731108990433E-06  3.9858136507488005E-09
   114   10.830000      0.0000000000000000E+00  7.6613050698186572E-09  1.6389388826773129E-04  4.6246598776140354E-08  2.1254930530194249E-06  3.5565383204346617E-09
   115   10.925000      0.0000000000000000E+00  7.2291319846201205E-09  1.7781306233422090E-04  4.4252867591764249E-08  2.2890471657844934E-06  3.1190590837937429E-09
   116   11.020000      0.0000000000000000E+00  6.9441818837978240E-09  1.9296331403050859E-04  4.1820438531116367E-08  2.4687613982142823E-06  2.5547176455790047E-09
   117   11.115000      0.0000000000000000E+00  6.8474381763697982E-09  2.0946872669287914E-04  3.9131388501450975E-08  2.6642481045053278E-06  2.0181673153704578E-09
   118   11.210000      0.0000000000000000E+00  6.6979351488206429E-09  2.2743534953947685E-04  3.6385194316226787E-08  2.8749374497476789E-06  1.9947249884976287E-09
   119   11.305000      0.0000000000000000E+00  6.4931744046681673E-09  2.4695449152218007E-04  3.3785214873457546E-08  3.1007253795696793E-06  2.5126716079543510E-09
   120   11.400000      0.0000000000000000E+00  6.3026968376004563E-09  2.6811743649646555E-04  3.1524935304605047E-08  3.3428169290394687E-06  3.3121464282171280E-09
   121   11.495000      0.0000000000000000E+00  5.9136376166537757E-09  2.9103498200523436E-04  2.9774957472731927E-08  3.6044100027560686E-06  4.3894274585212418E-09
   122   11.590000      0.0000000000000000E+00  5.3521737826496647E-09  3.1585311436524519E-04  2.8671551696276732E-08  3.8902104309223989E-06  5.4860095323585297E-09
   123   11.685000      0.0000000000000000E+00  4.9460022732630940E-09  3.4275720832018197E-04  2.8307565078756390E-08  4.2048042200629858E-06  6.1271365576913955E-09
   124   11.780000      0.0000000000000000E+00  4.7749543462851650E-09  3.7196266744981069E-04  2.8726206112722835E-08  4.5515299803697031E-06  6.3218431548125988E-09
   125   11.875000      0.0000000000000000E+00  4.8629479372389575E-09  4.0369860902027954E-04  2.9918205796875878E-08  4.9324796546206590E-06  6.1655488845784853E-09
   126   11.970000      0.0000000000000000E+00  5.2493079565428341E-09  4.3819537756136336E-04  3.1822575497141418E-08  5.3489480515553720E-06  5.6529503930846528E-09
   127   12.065000      0.0000000000000000E+00  5.7618266711873644E-09  4.7568193196081401E-04  3.4330886767147180E-08  5.8020862665174726E-06  4.9960194129233679E-09
   128   12.160000      0.0000000000000000E+00  6.3438473874459143E-09  5.1639075509638031E-04  3.7294782430458022E-08  6.2936165090688958E-06  4.2180491446033993E-09
   129   12.255000      0.0000000000000000E+00  6.8745540465066695E-09  5.6056389594674684E-04  4.0536133571016752E-08  6.8266341302018995E-06  3.4128815059209410E-09
   130   12.350000      0.0000000000000000E+00  6.9528086328811751E-09  6.0845831518494811E-04  4.3859332430328083E-08  7.4061594996964373E-06  3.0573313798521387E-09
   131   12.445000      0.0000000000000000E+00  6.5357350079859653E-09  6.6035592966278995E-04  4.7064831604891798E-08  8.0392923686134099E-06  3.1899034236774079E-09
   132   12.540000      0.0000000000000000E+00  5.8965771755769811E-09  7.1658450031627195E-04  4.9962761213349218E-08  8.7343776140035153E-06  3.5183555870501497E-09
   133   12.635000      0.0000000000000000E+00  5.1994087938478239E-09  7.7754441765699039E-04  5.2386109527964379E-08  9.4994129134928993E-06  3.9706489238154904E-09
   134   12.730000      0.0000000000000000E+00  4.6454993142130903E-09  8.4372311383926549E-04  5.4202587520662970E-08  1.0340227319367559E-05  4.4076155324969364E-09
   135   12.825000      0.0000000000000000E+00  4.3176946102514301E-09  9.1567793698001413E-04  5.5324087568323086E-08  1.1258419634339849E-05  4.7622229725930345E-09
   136   12.920000      0.0000000000000000E+00  4.1832525461493175E-09  9.9398465253461234E-04  5.5713279527049546E-08  1.2250455084775485E-05  4.9875480590342628E-09
   137   13.015000      0.0000000000000000E+00  4.2082853766149237E-09  1.0791751357913700E-03  5.5387262422788696E-08  1.3309871809094267E-05  4.8539231784935575E-09
   138   13.110000      0.0000000000000000E+00  3.8344343185625485E-09  1.1717052603159167E-03  5.4417703695786042E-08  1.4432131716234553E-05  4.8143629946373517E-09
   139   13.205000      0.0000000000000000E+00  2.8200748071292853E-09  1.2719839619336898E-03  5.2927128817091070E-08  1.5618919936307942E-05  5.2049235745309069E-09
   140   13.300000      0.0000000000000000E+00  2.1846176313502816E-09  1.3804567611446182E-03  5.1081863472327204E-08  1.6880171009862464E-05  5.0506205933548262E-09
   141   13.395000      0.0000000000000000E+00  2.4841927767116691E-09  1.4976997910638367E-03  4.9081970300318151E-08  1.8233945781724083E-05  4.0894498882307904E-09
   142   13.490000      0.0000000000000000E+00  3.1490801848003293E-09  1.6244741604478981E-03  4.7148848662905215E-08  1.9702117143169516E-05  3.3405923807727941E-09
   143   13.585000      0.0000000000000000E+00  3.8897202704045784E-09  1.7617144433437087E-03  4.5511429041263578E-08  2.1303583410780138E-05  3.1613625809816151E-09
   144   13.680000      0.0000000000000000E+00  4.6736321156439669E-09  1.9104631457441453E-03  4.4392089487464930E-08  2.3050423281238454E-05  3.4384663629415799E-09
   145   13.775000      0.0000000000000000E+00  5.4670676220157961E-09  2.0717919946202294E-03  4.3992934492859548E-08  2.4947405652541062E-05  3.9899001743388193E-09
   146   13.870000      0.0000000000000000E+00  6.3858295133733651E-09  2.2467491607850360E-03  4.4483155575530918E-08  2.6994017878585303E-05  4.4392401294310991E-09
   147   13.965000      0.0000000000000000E+00  7.4296090356261334E-09  2.4363505443806078E-03  4.5987891332547739E-08  2.9188674356150269E-05  4.6413665653486558E-09
   148   14.060000      0.0000000000000000E+00  8.6046615926974904E-09  2.6416131078769445E-03  4.8580248207868478E-08  3.1533408952931961E-05  4.5110632660314428E-09
   149   14.155000      0.0000000000000000E+00  9.9356927057861384E-09  2.8636155718197104E-03  5.2276828604787265E-08  3.4036002456505523E-05  3.9444630777318901E-09
   150   14.250000      0.0000000000000000E+00  1.1038565292233784E-08  3.1035618719088966E-03  5.7036227705708946E-08  3.6709028307422843E-05  3.3966979387406932E-09
   151   14.345000      0.0000000000000000E+00  1.1611757676788297E-08  3.3628173758065462E-03  6.2760409563905781E-08  3.9567612402114380E-05  3.2465240386938015E-09
   152   14.440000      0.0000000000000000E+00  1.1747757342799222E-08  3.6428975338813397E-03  6.9300473079529419E-08  4.2626779399021920E-05  3.3741598021148248E-09
   153   14.535000      0.0000000000000000E+00  1.1433384719734859E-08  3.9454136075960404E-03  7.6466330992940193E-08  4.5899550241187807E-05  3.7571154768826732E-09
   154   14.630000      0.0000000000000000E+00  1.0619774280881652E-08  4.2720097993500811E-03  8.4038449765229988E-08  4.9397789377173593E-05  4.3234679272240189E-09
   155   14.725000      0.0000000000000000E+00  9.3223076696949143E-09  4.6243386476679934E-03  9.1780256092756786E-08  5.3135577463772233E-05  4.9185130005905295E-09
   156   14.820000      0.0000000000000000E+00  7.5262661148624995E-09  5.0040985455922418E-03  9.9452360939270354E-08  5.7131763269426550E-05  5.6326625530479321E-09
   157   14.915000      0.0000000000000000E+00  5.6420432679534795E-09  5.4131106404105879E-03  1.0682981893857925E-07  6.1410055766884772E-05  6.2326074003347311E-09
   158   15.010000      0.0000000000000000E+00  4.2257781009185614E-09  5.8533817972907486E-03  1.1371506766063322E-07  6.5996858906412881E-05  6.3561686089731403E-09
   159   15.105000      0.0000000000000000E+00  3.3333791925848851E-09  6.3271108164568018E-03  1.1995153149202832E-07  7.0917216917277962E-05  6.1307239645115638E-09
   160   15.200000      0.0000000000000000E+00  2.8837957577440316E-09  6.8366354884448867E-03  1.2543625242560137E-07  7.6191775967898406E-05  5.6139561964704765E-09
   161   15.295000      0.0000000000000000E+00  2.8306974603156741E-09  7.3843570662994826E-03  1.3012442964901107E-07  8.1836631472959745E-05  4.6828143632252441E-09
   162   15.390000      0.0000000000000000E+00  2.8265240345716021E-09  7.9726920058458585E-03  1.3403671541869246E-07  8.7865015378024768E-05  3.6472008810255267E-09
   163   15.485000      0.0000000000000000E+00  2.5978540374445825E-09  8.6040776455343949E-03  1.3726733328677224E-07  9.4288616531865033E-05  2.8641237592534675E-09
   164   15.580000      0.0000000000000000E+00  2.2688705464633376E-09  9.2810173274847172E-03  1.3998406563905482E-07  1.0111806713616462E-04  2.3204980285154136E-09
   165   15.675000      0.0000000000000000E+00  2.0035933649022497E-09  1.0006122907966934E-02  1.4242134076845314E-07  1.0836219793604989E-04  2.0260088151080471E-09
   166   15.770000      0.0000000000000000E+00  1.9256092359169884E-09  1.0782116799162484E-02  1.4486597530816809E-07  1.1602681287852346E-04  1.9944202491984023E-09
   167   15.865000      0.0000000000000000E+00  2.0123199196206529E-09  1.1611788105040752E-02  1.4764691434221169E-07  1.2411439506002648E-04  2.3184980275146874E-09
   168   15.960000      0.0000000000000000E+00  2.0283063837627011E-09  1.2497930517570338E-02  1.5114098221541613E-07  1.3262499370244804E-04  3.2985504236675395E-09
   169   16.055000      0.0000000000000000E+00  2.1455851157226751E-09  1.3443301043439410E-02  1.5575390296948423E-07  1.4155673067163391E-04  4.6249005400439489E-09
   170   16.150000      0.0000000000000000E+00  2.7264104680456375E-09  1.4450621013137399E-02  1.6190314741512650E-07  1.5090638231150883E-04  5.6357968633096700E-09
   171   16.245000      0.0000000000000000E+00  3.6260556234343684E-09  1.5522606673196548E-02  1.6999916590871103E-07  1.6066969019714570E-04  6.2760351330568180E-09
   172   16.340000      0.0000000000000000E+00  4.6799490300717498E-09  1.6661991940224816E-02  1.8042610622545891E-07  1.7084085911549479E-04  6.5536159498331381E-09
   173   16.435000      0.0000000000000000E+00  5.9910125472399030E-09  1.7871504323037486E-02  1.9352699287272585E-07  1.8141047749624148E-04  6.2712879735506711E-09
   174   16.530000      0.0000000000000000E+00  7.5299760394752269E-09  1.9153792336827753E-02  2.0962665170460137E-07  1.9236578970059632E-04  5.4913182350098858E-09
   175   16.625000      0.0000000000000000E+00  9.0261472495088159E-09  2.0511345606665201E-02  2.2904052370717344E-07  2.0369259452143116E-04  4.5419410549821738E-09
   176   16.720000      0.0000000000000000E+00  1.0069856742157937E-08  2.1946448607989624E-02  2.5208815694910302E-07  2.1537847977056085E-04  3.8740959547153609E-09
   177   16.815000      0.0000000000000000E+00  1.0484226098691998E-08  2.3461189313599889E-02  2.7910487034265319E-07  2.2741696172987898E-04  3.6692086563384790E-09
   178   16.910000      0.0000000000000000E+00  1.0539784723512643E-08  2.5057517448150532E-02  3.1045410824800151E-07  2.3981135959174048E-04  3.5722541539685467E-09
   179   17.005000      0.0000000000000000E+00  1.0316627895223266E-08  2.6737321313604501E-02  3.4652411826779568E-07  2.5257356859932574E-04  3.5209592530983125E-09
   180   17.100000      0.0000000000000000E+00  9.7042075733015682E-09  2.8502480518673153E-02  3.8768221523903130E-07  2.6571828311916095E-04  3.7463122615200579E-09
   181   17.195000      0.0000000000000000E+00  8.9991277305905777E-09  3.0354848555568550E-02  4.3431053897276098E-07  2.7925359144708844E-04  3.9793977536676533E-09
   182   17.290000      0.0000000000000000E+00  8.4640723542463081E-09  3.2296152771092178E-02  4.8679151489418724E-07  2.9317513733979834E-04  3.9946767955072660E-09
   183   17.385000      0.0000000000000000E+00  7.9827651437095527E-09  3.4327852562548743E-02  5.4553143008907673E-07  3.0746543371265719E-04  3.9957631343353702E-09
   184   17.480000      0.0000000000000000E+00  7.4407175313456499E-09  3.6451031226415624E-02  6.1093454831635792E-07  3.2209881672171743E-04  4.0835747840561926E-09
   185   17.575000      0.0000000000000000E+00  6.7235941483843939E-09  3.8666390626480217E-02  6.8341833867100343E-07  3.3704774921898182E-04  4.3539547099808408E-09
   186   17.670000      0.0000000000000000E+00  5.9225375030028601E-09  4.0974334102832216E-02  7.6338258079450980E-07  3.5228626096461894E-04  4.6745216814891465E-09
   187   17.765000      0.0000000000000000E+00  5.3306111594081124E-09  4.3375030475268264E-02  8.5108495701774074E-07  3.6779342528956159E-04  4.6816497047262885E-09
   188   17.860000      0.0000000000000000E+00  4.8835864522482279E-09  4.5868390608571806E-02  9.4663110411954529E-07  3.8356114436853702E-04  4.5031912693656684E-09
   189   17.955000      0.0000000000000000E+00  4.3931056509870099E-09  4.8454002328850450E-02  1.0501109098569737E-06  3.9960087192663686E-04  4.4529317341294241E-09
   190   18.050000      0.0000000000000000E+00  3.9919907030834156E-09  5.1131106963541284E-02  1.1615627896078178E-06  4.1594061420713226E-04  4.4342435385128511E-09
   191   18.145000      0.0000000000000000E+00  3.7045238566864946E-09  5.3898639839327911E-02  1.2808374155852036E-06  4.3261327999301845E-04  4.4787901378768774E-09
   192   18.240000      0.0000000000000000E+00  3.4341434023919360E-09  5.6755302636450039E-02  1.4073902594937095E-06  4.4964479849354317E-04  4.7478023980415428E-09
   193   18.335000      0.0000000000000000E+00  3.4013835016043519E-09  5.9699617913443540E-02  1.5399832404916375E-06  4.6703868107808122E-04  4.9597961953287115E-09
   194   18.430000      0.0000000000000000E+00  3.7649300799143137E-09  6.2729923197562196E-02  1.6773869557646222E-06  4.8476293113364753E-04  4.8854600985113907E-09
   195   18.525000      0.0000000000000000E+00  4.4242209006502497E-09  6.5844275417145839E-02  1.8187562574554755E-06  5.0273828258494792E-04  4.5825827343058350E-09
   196   18.620000      0.0000000000000000E+00  5.3040578963256457E-09  6.9040220566576091E-02  1.9632930716616918E-06  5.2082985680466866E-04  4.0170995092627734E-09
   197   18.715000      0.0000000000000000E+00  6.1612918340852494E-09  7.2314442577782703E-02  2.1097070929330532E-06  5.3884489315992516E-04  3.4156781496944409E-09
   198   18.810000      0.0000000000000000E+00  6.8362527508957401E-09  7.5662390647193808E-02  2.2565569897054716E-06  5.5652454647123813E-04  2.9944915589799105E-09
   199   18.905000      0.0000000000000000E+00  7.4984057133673519E-09  7.9077962949625866E-02  2.4024555215030501E-06  5.7352794243950306E-04  2.5922582566276339E-09
   200   19.000000      0.0000000000000000E+00  8.0485435087230430E-09  8.2553202217366228E-02  2.5462899483449127E-06  5.8941241584599109E-04  2.3960721836105480E-09
   201   19.095000      0.0000000000000000E+00  8.2374565144165664E-09  8.6077941442522427E-02  2.6867030879801576E-06  6.0363521413973236E-04  2.7213904591974754E-09
   202   19.190000      0.0000000000000000E+00  8.1093538541064467E-09  8.9639389888617665E-02  2.8206928803964406E-06  6.1556682948890596E-04  3.4370641724998919E-09
   203   19.285000      0.0000000000000000E+00  7.7436033362686528E-09  9.3221705787161921E-02  2.9442369559546909E-06  6.2453202787341702E-04  4.3633502837483105E-09
   204   19.380000      0.0000000000000000E+00  7.2582669352881232E-09  9.6805699744620999E-02  3.0531318512628568E-06  6.2987474448550828E-04  5.2741624510208512E-09
   205   19.475000      0.0000000000000000E+00  6.7695317987400418E-09  1.0036878647924659E-01  3.1427561741577716E-06  6.3103670626562961E-04  5.9576883244850824E-09
   206   19.570000      0.0000000000000000E+00  6.2830804109572082E-09  1.0388531830369790E-01  3.2091096353333547E-06  6.2764075698040593E-04  6.4555376486247840E-09
   207   19.665000      0.0000000000000000E+00  6.2283555873549690E-09  1.0732731236411533E-01  3.2498555997460658E-06  6.1955206150216609E-04  6.3422308488453334E-09
   208   19.760000      0.0000000000000000E+00  6.8099990851149783E-09  1.1066544670676173E-01  3.2641983407505084E-06  6.0689174452023184E-04  5.4666680359356965E-09
   209   19.855000      0.0000000000000000E+00  7.2939122098533845E-09  1.1387018459070145E-01  3.2544998381641418E-06  5.9001095071886656E-04  4.8722298314884781E-09
   210   19.950000      0.0000000000000000E+00  7.5498246704790871E-09  1.1691283101852240E-01  3.2277350902494301E-06  5.6944893585167422E-04  4.7771997454055414E-09
   211   20.045000      0.0000000000000000E+00  8.2516365557480723E-09  1.1976636994835169E-01  3.1949278659248878E-06  5.4591892789224280E-04  4.2753153289799922E-09
   212   20.140000      0.0000000000000000E+00  9.2720879676367308E-09  1.2240606705829034E-01  3.1688250647275923E-06  5.2032184470088836E-04  3.4236450529707269E-09
   213   20.235000      0.0000000000000000E+00  1.0092856446387730E-08  1.2481006153173607E-01  3.1624921896901880E-06  4.9374501153061313E-04  2.7435375741826685E-09
   214   20.330000      0.0000000000000000E+00  1.0516553218538546E-08  1.2696006823344744E-01  3.1864035881048750E-06  4.6737408244425867E-04  2.4981193500075499E-09
   215   20.425000      0.0000000000000000E+00  1.0529207667652134E-08  1.2884193968418742E-01  3.2459529025057782E-06  4.4236812275239533E-04  2.8669531745435354E-09
   216   20.520000      0.0000000000000000E+00  1.0346273802404621E-08  1.3044582101406060E-01  3.3411661595163429E-06  4.1977288416418236E-04  3.6393034476421046E-09
   217   20.615000      0.0000000000000000E+00  1.0080072698742717E-08  1.3176597285998429E-01  3.4661353322771013E-06  4.0050882365734436E-04  4.5297361002628781E-09
   218   20.710000      0.0000000000000000E+00  9.6748346615006031E-09  1.3280062938227677E-01  3.6078772999543598E-06  3.8537906585815523E-04  5.4014734473995669E-09
   219   20.805000      0.0000000000000000E+00  9.4023998511752976E-09  1.3355212113987744E-01  3.7493239056314292E-06  3.7501236087526417E-04  5.7799336763181986E-09
   220   20.900000      0.0000000000000000E+00  9.4146629210504267E-09  1.3402707034899677E-01  3.8715778149632972E-06  3.6974340491037461E-04  5.4850407365795427E-09
   221   20.995000      0.0000000000000000E+00  9.4123991438222157E-09  1.3423607892913944E-01  3.9564735671424308E-06  3.6958441088043748E-04  4.9394343817956778E-09
   222   21.090000      0.0000000000000000E+00  9.1704167319755889E-09  1.3419290697494690E-01  3.9897845846732653E-06  3.7430201917353583E-04  4.3994235964907032E-09
   223   21.185000      0.0000000000000000E+00  8.5801024549858561E-09  1.3391376465590091E-01  3.9690923382976971E-06  3.8346024189877094E-04  4.0165787914828027E-09
   224   21.280000      0.0000000000000000E+00  7.6948361150279769E-09  1.3341697678806899E-01  3.9082182991430348E-06  3.9639501449333130E-04  3.9114713574108442E-09
   225   21.375000      0.0000000000000000E+00  6.8931279447861105E-09  1.3272255875543337E-01  3.8328584669522108E-06  4.1222223403269580E-04  3.8650261228813686E-09
   226   21.470000      0.0000000000000000E+00  6.2661538562061077E-09  1.3185140486469143E-01  3.7750432568954363E-06  4.2996991599146767E-04  3.9293808545076105E-09
   227   21.565000      0.0000000000000000E+00  5.6442147063084943E-09  1.3082470004339705E-01  3.7638313004170916E-06  4.4873466508489265E-04  4.2789377178116311E-09
   228   21.660000      0.0000000000000000E+00  5.1277313936823337E-09  1.2966395268925798E-01  3.8199339734666448E-06  4.6766300569042068E-04  4.6169928134991155E-09
   229   21.755000      0.0000000000000000E+00  4.7596324568289835E-09  1.2839113694922438E-01  3.9523029274792779E-06  4.8595115576164369E-04  4.7989372065739405E-09
   230   21.850000      0.0000000000000000E+00  4.4680794820453835E-09  1.2702829221672723E-01  4.1542329503507990E-06  5.0294251883917262E-04  4.9429280111946027E-09
   231   21.945000      0.0000000000000000E+00  4.4182488260963995E-09  1.2559677479747708E-01  4.4064683597344972E-06  5.1826487292915176E-04  4.8457083966451595E-09
   232   22.040000      0.0000000000000000E+00  4.6105906724484825E-09  1.2411675330899968E-01  4.6866503695062718E-06  5.3184488081282303E-04  4.4200478658775139E-09
   233   22.135000      0.0000000000000000E+00  4.6975101307108995E-09  1.2260695318692738E-01  4.9747837960724462E-06  5.4383508105808733E-04  4.0127763555827916E-09
   234   22.230000      0.0000000000000000E+00  4.5268213489391151E-09  1.2108442641240923E-01  5.2534502527276269E-06  5.5460300560065403E-04  3.8414316027845113E-09
   235   22.325000      0.0000000000000000E+00  4.2067551017826534E-09  1.1956435606228727E-01  5.5039756067072327E-06  5.6487518801828145E-04  3.9510111477676260E-09
   236   22.420000      0.0000000000000000E+00  3.9787948717366385E-09  1.1806020432276942E-01  5.7109138923582084E-06  5.7565225939339539E-04  4.2449983633944029E-09
   237   22.515000      0.0000000000000000E+00  4.1277446984571190E-09  1.1658398922208897E-01  5.8660593214392245E-06  5.8806844738485136E-04  4.4162589622822518E-09
   238   22.610000      0.0000000000000000E+00  4.4570359613995296E-09  1.1514631587024732E-01  5.9640438509393075E-06  6.0328786877402406E-04  4.6413787449754659E-09
   239   22.705000      0.0000000000000000E+00  4.6519040933983709E-09  1.1375617229133642E-01  6.0004356922611628E-06  6.2256625295801647E-04  5.2155307494060209E-09
   240   22.800000      0.0000000000000000E+00  4.9683422940189218E-09  1.1242083379966213E-01  5.9735980769444876E-06  6.4737696229348943E-04  5.7141847852846588E-09
   241   22.895000      0.0000000000000000E+00  5.6433459990205478E-09  1.1114611016776899E-01  5.8908043580912199E-06  6.7929950028946130E-04  5.7839833818352754E-09
   242   22.990000      0.0000000000000000E+00  6.5882581427294294E-09  1.0993661298511380E-01  5.7679612595927603E-06  7.1981033285397722E-04  5.5097629708730465E-09
   243   23.085000      0.0000000000000000E+00  7.7789471770158084E-09  1.0879586865246903E-01  5.6276237229738300E-06  7.7011602396307301E-04  4.9014879359272312E-09
   244   23.180000      0.0000000000000000E+00  9.1997944090558330E-09  1.0772660130993766E-01  5.4973282620664795E-06  8.3106595206062768E-04  3.9460281490759765E-09
   245   23.275000      0.0000000000000000E+00  1.0677488934137333E-08  1.0673137261094326E-01  5.4047722970012707E-06  9.0300654983037170E-04  2.7254189375405531E-09
   246   23.370000      0.0000000000000000E+00  1.1760154861954700E-08  1.0581329847632955E-01  5.3761466615291625E-06  9.8567069106566966E-04  1.5856886476694667E-09
   247   23.465000      0.0000000000000000E+00  1.1876585221929469E-08  1.0497641900458524E-01  5.4335490476816772E-06  1.0780706168359536E-03  1.1539072415437503E-09
   248   23.560000      0.0000000000000000E+00  1.1107183114311014E-08  1.0422564168935140E-01  5.5897661173503651E-06  1.1786036304000378E-03  1.4915817650978305E-09
   249   23.655000      0.0000000000000000E+00  1.0038040521438346E-08  1.0356672749127505E-01  5.8477143749205416E-06  1.2850045429407605E-03  2.2096915239965659E-09
   250   23.750000      0.0000000000000000E+00  8.9249145332802286E-09  1.0300640567333373E-01  6.2019697608570869E-06  1.3943328078749144E-03  3.3321611730274623E-09
   251   23.845000      0.0000000000000000E+00  7.9565854506070388E-09  1.0255250706008134E-01  6.6414873764201087E-06  1.5030513004840164E-03  4.7491250854613522E-09
   252   23.940000      0.0000000000000000E+00  7.4546503485234956E-09  1.0221391279846817E-01  7.1473921889373152E-06  1.6072574700250247E-03  5.9330418863701176E-09
   253   24.035000      0.0000000000000000E+00  7.4157254521272167E-09  1.0200011057924799E-01  7.6879280881908187E-06  1.7030198831655215E-03  6.6536438543224101E-09
   254   24.130000      0.0000000000000000E+00  7.6579135131095773E-09  1.0192052455885472E-01  8.2241637172034221E-06  1.7865971670577522E-03  6.8686669127001794E-09
   255   24.225000      0.0000000000000000E+00  7.8797933341837686E-09  1.0198373605796532E-01  8.7221823358514368E-06  1.8545943592512667E-03  6.7462261884016413E-09
   256   24.320000      0.0000000000000000E+00  7.7362837332655878E-09  1.0219649241653411E-01  9.1595472670388472E-06  1.9041406829147522E-03  6.6502259575733034E-09
   257   24.415000      0.0000000000000000E+00  7.3467749958711766E-09  1.0256262335410056E-01  9.5215483396113667E-06  1.9331183029498865E-03  6.4681854179274415E-09
   258   24.510000      0.0000000000000000E+00  6.9685285169459219E-09  1.0308245096770850E-01  9.8024874389869993E-06  1.9403385788346952E-03  5.9887173752030310E-09
   259   24.605000      0.0000000000000000E+00  6.5408564465457800E-09  1.0375311156626146E-01  1.0006656405542258E-05  1.9256551362143205E-03  5.4489194793838952E-09
   260   24.700000      0.0000000000000000E+00  6.1238948817082279E-09  1.0456935475630545E-01  1.0149541675393681E-05  1.8899614909161221E-03  4.9337858482063690E-09
   261   24.795000      0.0000000000000000E+00  5.8698675678320782E-09  1.0552381067773996E-01  1.0252828437471871E-05  1.8351234353792365E-03  4.3674953751581576E-09
   262   24.890000      0.0000000000000000E+00  5.5761580372073612E-09  1.0660654083165140E-01  1.0339745047099364E-05  1.7638293539251407E-03  4.0381736816070297E-09
   263   24.985000      0.0000000000000000E+00  5.1035499495100570E-09  1.0780492911987510E-01  1.0425762535233088E-05  1.6793236302826454E-03  4.0455316905831864E-09
   264   25.080000      0.0000000000000000E+00  4.5755633986440290E-09  1.0910477455012124E-01  1.0520042317226738E-05  1.5851533179505003E-03  4.1429122311960849E-09
   265   25.175000      0.0000000000000000E+00  4.0825984664395805E-09  1.1049207590430495E-01  1.0628855519213551E-05  1.4849339842551027E-03  4.2474518402039176E-09
   266   25.270000      0.0000000000000000E+00  3.8696896784140225E-09  1.1195424570006729E-01  1.0758728468535788E-05  1.3822062918501449E-03  4.1616135597024170E-09
   267   25.365000      0.0000000000000000E+00  4.0652964560623692E-09  1.1348021143680863E-01  1.0907025216811789E-05  1.2803621336889793E-03  3.8298105697954332E-09
   268   25.460000      0.0000000000000000E+00  4.4037682205494799E-09  1.1505994773467654E-01  1.1059580969824866E-05  1.1824847043913327E-03  3.6243501297954963E-09
   269   25.555000      0.0000000000000000E+00  4.8032998360391266E-09  1.1668443097251974E-01  1.1211569914983065E-05  1.0912263786271960E-03  3.5448580307558084E-09
   270   25.650000      0.0000000000000000E+00  5.2574025654983071E-09  1.1834636586715944E-01  1.1369617147050402E-05  1.0087782006882686E-03  3.4216888458483272E-09
   271   25.745000      0.0000000000000000E+00  5.4903142179200316E-09  1.2004092668755502E-01  1.1528773427250359E-05  9.3688431498735046E-04  3.4809348235839865E-09
   272   25.840000      0.0000000000000000E+00  5.4206525509481668E-09  1.2176556585439267E-01  1.1675878961329697E-05  8.7689867885059518E-04  3.8144795109349018E-09
   273   25.935000      0.0000000000000000E+00  5.2125516945480446E-09  1.2351894852173539E-01  1.1806973818670356E-05  8.2980033205650892E-04  4.3568696926709055E-09
   274   26.030000      0.0000000000000000E+00  5.1362227415986842E-09  1.2529993646047016E-01  1.1923337228540996E-05  7.9619325484144542E-04  4.9802740112584661E-09
   275   26.125000      0.0000000000000000E+00  5.5095495891119471E-09  1.2710741983223414E-01  1.2018916567853286E-05  7.7627143527777295E-04  5.3729145943454980E-09
   276   26.220000      0.0000000000000000E+00  6.1624395095857291E-09  1.2894073216806565E-01  1.2092254917319050E-05  7.6970672475489129E-04  5.6954980518452363E-09
   277   26.315000      0.0000000000000000E+00  6.9654584453036072E-09  1.3079943329611282E-01  1.2150192133514701E-05  7.7561602886977031E-04  5.9825686614882685E-09
   278   26.410000      0.0000000000000000E+00  8.3868631525666731E-09  1.3268236540118170E-01  1.2199339840324379E-05  7.9256798582829117E-04  5.4316501636485765E-09
   279   26.505000      0.0000000000000000E+00  1.0082084861448795E-08  1.3458677197630078E-01  1.2243727154608492E-05  8.1855184163524212E-04  4.2785899578690500E-09
   280   26.600000      0.0000000000000000E+00  1.1015277606359780E-08  1.3650769879130129E-01  1.2294761673512525E-05  8.5104253269140714E-04  3.7295643161660624E-09
   281   26.695000      0.0000000000000000E+00  1.1203749815468256E-08  1.3843740482665687E-01  1.2365908263967848E-05  8.8718950767578100E-04  3.7509816888486093E-09
   282   26.790000      0.0000000000000000E+00  1.1146991500958775E-08  1.4036491564168138E-01  1.2465247513990630E-05  9.2406913678245149E-04  3.8261819641872360E-09
   283   26.885000      0.0000000000000000E+00  1.0980351069301932E-08  1.4227645248069132E-01  1.2594656133401363E-05  9.5889732508177238E-04  3.8938906812761819E-09
   284   26.980000      0.0000000000000000E+00  1.0727990095288573E-08  1.4415672786701714E-01  1.2762522142698726E-05  9.8918610091996984E-04  3.9257049170038226E-09
   285   27.075000      0.0000000000000000E+00  1.0195069456918790E-08  1.4599028855208968E-01  1.3001355480315898E-05  1.0130397087820269E-03  4.1456420911032949E-09
   286   27.170000      0.0000000000000000E+00  9.2538772646166150E-09  1.4776253124651231E-01  1.3359322259870812E-05  1.0294862994629126E-03  4.6752281435349090E-09
   287   27.265000      0.0000000000000000E+00  8.0323292542412630E-09  1.4946065665651517E-01  1.3896293151899992E-05  1.0386196263552480E-03  5.3281187494058846E-09
   288   27.360000      0.0000000000000000E+00  6.5855466905661884E-09  1.5107483633413946E-01  1.4694478558096954E-05  1.0415303860210274E-03  6.1110958961650145E-09
   289   27.455000      0.0000000000000000E+00  5.2022528604630022E-09  1.5259962435683472E-01  1.5826194255865365E-05  1.0402124902514399E-03  6.8231109009590769E-09
   290   27.550000      0.0000000000000000E+00  4.4239640843347921E-09  1.5403537380094121E-01  1.7305794815540736E-05  1.0375533591647518E-03  6.9225040600772363E-09
   291   27.645000      0.0000000000000000E+00  4.3030964285769509E-09  1.5538911597611943E-01  1.9063485143832127E-05  1.0372951013093139E-03  6.3778244934794448E-09
   292   27.740000      0.0000000000000000E+00  4.5361440183069277E-09  1.5667397690310547E-01  2.0935174837550188E-05  1.0438833707462093E-03  5.4231570509652673E-09
   293   27.835000      0.0000000000000000E+00  4.7754340620976546E-09  1.5790703632152636E-01  2.2677970313971424E-05  1.0622052446082415E-03  4.2891861053342158E-09
   294   27.930000      0.0000000000000000E+00  4.6482964024956757E-09  1.5910678628302918E-01  2.4037380081699031E-05  1.0972571658588708E-03  3.4133680842895005E-09
   295   28.025000      0.0000000000000000E+00  4.2342277272244527E-09  1.6029126736871779E-01  2.4802999142717005E-05  1.1537944453386317E-03  2.8776265357835416E-09
   296   28.120000      0.0000000000000000E+00  3.8731896879356736E-09  1.6147705502187637E-01  2.4862722600850595E-05  1.2358812012424614E-03  2.5483648616386243E-09
   297   28.215000      0.0000000000000000E+00  3.6211242576493202E-09  1.6267827287247552E-01  2.4249513840381764E-05  1.3464384916622300E-03  2.6409608171494867E-09
   298   28.310000      0.0000000000000000E+00  3.6539114277963332E-09  1.6390508514508023E-01  2.3107681163044109E-05  1.4868722824678707E-03  3.0773422305832321E-09
   299   28.405000      0.0000000000000000E+00  4.2147053431597097E-09  1.6516230946707147E-01  2.1663389898811722E-05  1.6569520077682710E-03  3.5010325070642749E-09
   300   28.500000      0.0000000000000000E+00  5.0641436978069045E-09  1.6644959865514328E-01  2.0204472164786763E-05  1.8547404808452184E-03  3.9624997909592491E-09
   301   28.595000      0.0000000000000000E+00  5.8577428850066071E-09  1.6776350278390362E-01  1.9018481758644381E-05  2.0765574972156616E-03  4.5070508264775997E-09
   302   28.690000      0.0000000000000000E+00  6.5610104830680050E-09  1.6910018329372858E-01  1.8328037120006689E-05  2.3170972931223230E-03  4.8551689225886667E-09
   303   28.785000      0.0000000000000000E+00  7.1792558911198396E-09  1.7045764979759892E-01  1.8263993700560945E-05  2.5697028540801470E-03  4.9087751813092343E-09
   304   28.880000      0.0000000000000000E+00  7.6952588493846945E-09  1.7183708691314903E-01  1.8856761780888739E-05  2.8268109252486749E-03  4.7438532456295711E-09
   305   28.975000      0.0000000000000000E+00  7.9993408256453358E-09  1.7324358025991210E-01  2.0025732485083197E-05  3.0805497956184810E-03  4.5433574414230837E-09
   306   29.070000      0.0000000000000000E+00  7.8802125862280996E-09  1.7468710129357989E-01  2.1595088636223225E-05  3.3232235664421360E-03  4.6109787464238688E-09
   307   29.165000      0.0000000000000000E+00  7.5784767480028012E-09  1.7618377784504505E-01  2.3347403098197239E-05  3.5476156946258365E-03  4.7197672050508464E-09
   308   29.260000      0.0000000000000000E+00  7.4854170678032068E-09  1.7775612686528006E-01  2.5053042195114230E-05  3.7473647724782463E-03  4.5066432797732824E-09
   309   29.355000      0.0000000000000000E+00  7.4417254092330693E-09  1.7943102512492048E-01  2.6495373529251132E-05  3.9174418837511762E-03  4.3046416594994673E-09
   310   29.450000      0.0000000000000000E+00  7.2836771432539580E-09  1.8123576437938616E-01  2.7497778193177871E-05  4.0545936101430520E-03  4.3363402197926139E-09
   311   29.545000      0.0000000000000000E+00  7.1495157978734947E-09  1.8319399442835105E-01  2.7933038672784164E-05  4.1575490647706133E-03  4.3745401938479361E-09
   312   29.640000      0.0000000000000000E+00  7.0958186421579725E-09  1.8532292052308114E-01  2.7730387659726345E-05  4.2267226532584955E-03  4.3386682748907507E-09
   313   29.735000      0.0000000000000000E+00  7.1347852970848154E-09  1.8763125657078505E-01  2.6899361377196943E-05  4.2637231499756002E-03  4.2440338985841967E-09
   314   29.830000      0.0000000000000000E+00  7.2857776893558466E-09  1.9011735793119056E-01  2.5552809908541110E-05  4.2710499221973270E-03  4.1242250686604791E-09
   315   29.925000      0.0000000000000000E+00  7.6309445255630237E-09  1.9276849498850088E-01  2.3896523984582804E-05  4.2518066387274523E-03  3.9110201309964610E-09
   316   30.020000      0.0000000000000000E+00  8.2797139022117339E-09  1.9556217578007540E-01  2.2196765506576655E-05  4.2092711434826976E-03  3.4085826790246587E-09
   317   30.115000      0.0000000000000000E+00  8.9059322526963370E-09  1.9846908470063274E-01  2.0739259200148781E-05  4.1464341490302535E-03  2.9047979632625068E-09
   318   30.210000      0.0000000000000000E+00  9.0308760735455978E-09  2.0145633466228105E-01  1.9779263156366518E-05  4.0658333615740238E-03  2.9070574839598629E-09
   319   30.305000      0.0000000000000000E+00  8.7494885803677265E-09  2.0449095175955581E-01  1.9481561990922859E-05  3.9697094847584644E-03  3.2613493592085207E-09
   320   30.400000      0.0000000000000000E+00  8.2632575824885752E-09  2.0754418503929398E-01  1.9895832791338845E-05  3.8600681616875049E-03  3.7767292262126921E-09
   321   30.495000      0.0000000000000000E+00  7.5762937830687433E-09  2.1059554224563801E-01  2.0929169280143213E-05  3.7387004245243594E-03  4.5445669460350260E-09
   322   30.590000      0.0000000000000000E+00  6.8983732726575720E-09  2.1363490773118993E-01  2.2356087736519903E-05  3.6076175079379023E-03  5.3257164908529803E-09
   323   30.685000      0.0000000000000000E+00  6.4372566474051236E-09  2.1666259439220836E-01  2.3857986188510363E-05  3.4698018277284238E-03  5.8205915813088128E-09
   324   30.780000      0.0000000000000000E+00  6.2877759976770828E-09  2.1968859181235328E-01  2.5078992014911900E-05  3.3295512062355066E-03  5.8301812599052585E-09
   325   30.875000      0.0000000000000000E+00  6.4834091979416717E-09  2.2273121985077290E-01  2.5711912114157097E-05  3.1922453915898190E-03  5.2281463449980141E-09
   326   30.970000      0.0000000000000000E+00  6.7037288579609868E-09  2.2581436775685881E-01  2.5585032633345075E-05  3.0641982512401144E-03  4.4471190897866860E-09
   327   31.065000      0.0000000000000000E+00  6.7208348696213153E-09  2.2896416830197941E-01  2.4710137750187192E-05  2.9526818122130247E-03  3.8955132360156582E-09
   328   31.160000      0.0000000000000000E+00  6.7104368304110988E-09  2.3220648090063853E-01  2.3275753319849541E-05  2.8656369077702977E-03  3.4671190546762576E-09
   329   31.255000      0.0000000000000000E+00  6.6834376872610686E-09  2.3556499673766382E-01  2.1626451587730561E-05  2.8108826167215868E-03  3.2121679713814399E-09
   330   31.350000      0.0000000000000000E+00  6.5294991445342184E-09  2.3905890719210077E-01  2.0217949428459930E-05  2.7952436832449027E-03  3.3132892122416316E-09
   331   31.445000      0.0000000000000000E+00  6.4604349099219588E-09  2.4270071109549121E-01  1.9463050604680077E-05  2.8239969798234733E-03  3.5298673706589060E-09
   332   31.540000      0.0000000000000000E+00  6.5324995600518208E-09  2.4649591140271090E-01  1.9638893986125407E-05  2.8996009458964671E-03  3.7797790858662152E-09
   333   31.635000      0.0000000000000000E+00  6.5131312367216069E-09  2.5044376751317854E-01  2.0822681786542870E-05  3.0204153594037288E-03  4.2704120406769534E-09
   334   31.730000      0.0000000000000000E+00  6.3681610180016070E-09  2.5453742794531858E-01  2.2844412748692551E-05  3.1804001610357211E-03  4.9238581695068274E-09
   335   31.825000      0.0000000000000000E+00  6.1359418525492755E-09  2.5876463319390297E-01  2.5346432442518282E-05  3.3697358751393030E-03  5.6437742364819249E-09
   336   31.920000      0.0000000000000000E+00  5.9474672212083859E-09  2.6310978684826952E-01  2.7875616205549016E-05  3.5751827445309071E-03  6.2612814952145196E-09
   337   32.015000      0.0000000000000000E+00  6.0786125946050842E-09  2.6755507108786825E-01  3.0008863118025251E-05  3.7809994537493681E-03  6.3801069453742349E-09
   338   32.110000      0.0000000000000000E+00  6.4298180187782831E-09  2.7207957426961776E-01  3.1507789705940657E-05  3.9708020327191519E-03  6.1089483821369209E-09
   339   32.205000      0.0000000000000000E+00  6.8447690363142730E-09  2.7665736931763024E-01  3.2430099080491756E-05  4.1294370036587735E-03  5.7166324036660540E-09
   340   32.300000      0.0000000000000000E+00  7.5355344652016491E-09  2.8125555200398339E-01  3.3172703209467314E-05  4.2448312895523354E-03  5.0241118024190642E-09
   341   32.395000      0.0000000000000000E+00  8.4934937138908661E-09  2.8583295230490585E-01  3.4358385962600237E-05  4.3097221442915347E-03  4.0614527404642937E-09
   342   32.490000      0.0000000000000000E+00  9.3905497717644329E-09  2.9033958905623974E-01  3.6506504325660097E-05  4.3231294591155340E-03  3.1106758702311695E-09
   343   32.585000      0.0000000000000000E+00  9.8797796049310179E-09  2.9471942938784096E-01  3.9702174262730982E-05  4.2907668936079738E-03  2.4352264045814835E-09
   344   32.680000      0.0000000000000000E+00  9.7668822355661404E-09  2.9891915618260773E-01  4.3451327467782987E-05  4.2237950807639214E-03  2.2719638930709368E-09
   345   32.775000      0.0000000000000000E+00  9.3801308316328795E-09  3.0290060576077438E-01  4.6730768017642784E-05  4.1363020247480609E-03  2.3184339663028417E-09
   346   32.870000      0.0000000000000000E+00  8.8994247905290191E-09  3.0665047161210474E-01  4.8461767888086107E-05  4.0428315476551454E-03  2.4151202828909655E-09
   347   32.965000      0.0000000000000000E+00  7.8560453984233248E-09  3.1018323921402097E-01  4.8097635761523739E-05  3.9570299485675751E-03  3.1944661571193575E-09
   348   33.060000      0.0000000000000000E+00  6.5737154705178835E-09  3.1353986492459418E-01  4.5889905649825967E-05  3.8908958817499787E-03  4.2944030423315573E-09
   349   33.155000      0.0000000000000000E+00  5.9690392028322148E-09  3.1678599548997521E-01  4.2822162445429901E-05  3.8535578971766525E-03  4.6268240617020919E-09
   350   33.250000      0.0000000000000000E+00  5.8341788962165365E-09  3.2000830602030572E-01  4.0129388742605545E-05  3.8503962508396696E-03  4.5260393875914211E-09
   351   33.345000      0.0000000000000000E+00  5.5893259435493967E-09  3.2330713851477516E-01  3.8551223030472255E-05  3.8831697514593606E-03  4.6992839737481535E-09
   352   33.440000      0.0000000000000000E+00  5.2574626854470366E-09  3.2678752842695868E-01  3.8095383984685967E-05  3.9503527372455995E-03  5.0803531272873507E-09
   353   33.535000      0.0000000000000000E+00  5.0135408188850209E-09  3.3055086449008370E-01  3.8335743639641122E-05  4.0470118896496713E-03  5.4911867766633772E-09
   354   33.630000      0.0000000000000000E+00  5.1176357033547530E-09  3.3468575662863870E-01  3.8831007187923320E-05  4.1652292041724649E-03  5.6007939630641387E-09
   355   33.725000      0.0000000000000000E+00  5.6191023941095659E-09  3.3925630504506266E-01  3.9562648597651558E-05  4.2955821923330584E-03  5.2967125176956155E-09
   356   33.820000      0.0000000000000000E+00  6.2604092119030364E-09  3.4429111247162658E-01  4.1005545445199035E-05  4.4289116620356865E-03  4.8260722808564296E-09
   357   33.915000      0.0000000000000000E+00  6.8980252305980839E-09  3.4977870519390797E-01  4.3768957677438916E-05  4.5569649447280520E-03  4.2423080370254337E-09
   358   34.010000      0.0000000000000000E+00  7.3007475309292063E-09  3.5567084774709185E-01  4.8134822378151387E-05  4.6722698614127230E-03  3.7273196645925151E-09
   359   34.105000      0.0000000000000000E+00  7.1534300153741974E-09  3.6189186483401886E-01  5.3824817691109523E-05  4.7674698739148553E-03  3.6886044687113644E-09
   360   34.200000      0.0000000000000000E+00  6.6696836190872468E-09  3.6835046168707386E-01  6.0093893095698926E-05  4.8349701429482722E-03  3.9390837967989831E-09
   361   34.295000      0.0000000000000000E+00  6.2331685133732666E-09  3.7495034376494796E-01  6.5991803887607657E-05  4.8670598074791217E-03  4.1192202390362680E-09
   362   34.390000      0.0000000000000000E+00  6.0312470193794088E-09  3.8159799221882684E-01  7.0512390630699559E-05  4.8572806683083725E-03  4.0970433392800527E-09
   363   34.485000      0.0000000000000000E+00  6.2207313378751364E-09  3.8820698001023324E-01  7.2689610434603047E-05  4.8023313710069369E-03  3.7496214544516095E-09
   364   34.580000      0.0000000000000000E+00  6.6655201244627805E-09  3.9469781830531664E-01  7.1944943490714444E-05  4.7038383445764560E-03  3.3255645680139970E-09
   365   34.675000      0.0000000000000000E+00  7.0822205798715468E-09  4.0099390152732772E-01  6.8469991527426405E-05  4.5695866711798301E-03  3.2041470185141341E-09
   366   34.770000      0.0000000000000000E+00  7.4662569239424232E-09  4.0701626963037080E-01  6.3455108441806798E-05  4.4139129493858667E-03  3.2667950047899928E-09
   367   34.865000      0.0000000000000000E+00  7.6657780554781957E-09  4.1268002855700348E-01  5.8888027679218885E-05  4.2567801033396233E-03  3.5567336095389164E-09
   368   34.960000      0.0000000000000000E+00  7.4834368305469977E-09  4.1789161722552193E-01  5.6815191207816728E-05  4.1231120798235592E-03  4.2290164193375128E-09
   369   35.055000      0.0000000000000000E+00  7.1140990664393207E-09  4.2254849991623034E-01  5.8454156292504695E-05  4.0417366890005578E-03  4.9814178847252978E-09
   370   35.150000      0.0000000000000000E+00  6.7124508463234169E-09  4.2654372713718502E-01  6.3586213845672816E-05  4.0430450541550636E-03  5.5842635655352495E-09
   371   35.245000      0.0000000000000000E+00  6.1985162472794355E-09  4.2977321319609985E-01  7.0659819548825805E-05  4.1555729046366284E-03  6.1594521001777273E-09
   372   35.340000      0.0000000000000000E+00  5.7228290228955978E-09  4.3214424297647902E-01  7.7382482424548794E-05  4.4019775975592734E-03  6.6335998532449980E-09
   373   35.435000      0.0000000000000000E+00  5.6143226990939578E-09  4.3358483924070712E-01  8.1785144003540419E-05  4.7943861956977266E-03  6.7888686109710916E-09
   374   35.530000      0.0000000000000000E+00  6.0839796831999703E-09  4.3405213721999125E-01  8.2904641402163794E-05  5.3308667470780922E-03  6.5249591865133958E-09
   375   35.625000      0.0000000000000000E+00  7.1059209097375434E-09  4.3353789673245713E-01  8.1055974026295684E-05  5.9942014215536707E-03  5.8552215097273061E-09
   376   35.720000      0.0000000000000000E+00  8.2000715541256174E-09  4.3206948510909743E-01  7.7597076698153114E-05  6.7534986186972680E-03  5.2421337798835643E-09
   377   35.815000      0.0000000000000000E+00  9.0003929764279026E-09  4.2970593897080844E-01  7.4232696867364436E-05  7.5684977562512808E-03  5.0250771502296172E-09
   378   35.910000      0.0000000000000000E+00  9.7697395532872551E-09  4.2652940445237508E-01  7.2364885604878779E-05  8.3952935257750449E-03  4.7939145202905905E-09
   379   36.005000      0.0000000000000000E+00  1.0605998080866563E-08  4.2263506769900627E-01  7.2664460196905019E-05  9.1928087714262113E-03  4.3807840182642822E-09
   380   36.100000      0.0000000000000000E+00  1.1226306838473475E-08  4.1812410166212566E-01  7.4949629653430337E-05  9.9267447507938866E-03  4.1231370148897794E-09
   381   36.195000      0.0000000000000000E+00  1.1590394384674434E-08  4.1309927823442716E-01  7.8488573173710410E-05  1.0571663363748974E-02  4.1111976464200331E-09
   382   36.290000      0.0000000000000000E+00  1.1857317452471091E-08  4.0766132998858123E-01  8.2343371383724955E-05  1.1112539242871476E-02  4.2482003424836608E-09
   383   36.385000      0.0000000000000000E+00  1.2133226695969385E-08  4.0190606075544955E-01  8.5765413722737875E-05  1.1546510038943006E-02  4.4323770269063794E-09
   384   36.480000      0.0000000000000000E+00  1.2341077240016281E-08  3.9592524623187314E-01  8.8564995256212785E-05  1.1883319396251951E-02  4.6807027643189293E-09
   385   36.575000      0.0000000000000000E+00  1.2344637574341064E-08  3.8981080719840105E-01  9.0946129117073525E-05  1.2142256634339741E-02  5.0872365596557484E-09
   386   36.670000      0.0000000000000000E+00  1.2389002713054644E-08  3.8365936259352673E-01  9.3289400294103387E-05  1.2346580946771586E-02  5.3130652962810021E-09
   387   36.765000      0.0000000000000000E+00  1.2744388927463422E-08  3.7757632031156302E-01  9.6019881285905854E-05  1.2514137582536500E-02  4.9813801857130701E-09
   388   36.860000      0.0000000000000000E+00  1.3064389150916373E-08  3.7167445976013447E-01  9.9252186222326301E-05  1.2649459942932206E-02  4.5097840458383147E-09
   389   36.955000      0.0000000000000000E+00  1.3051559872069921E-08  3.6606639126197904E-01  1.0282214819146855E-04  1.2740178733717628E-02  4.2790475972981023E-09
   390   37.050000      0.0000000000000000E+00  1.2828203979743478E-08  3.6085401365539133E-01  1.0636820932773658E-04  1.2758593077871239E-02  4.1719091586334413E-09
   391   37.145000      0.0000000000000000E+00  1.2398681942799495E-08  3.5611377901128843E-01  1.0945240878598895E-04  1.2669398955431843E-02  4.2411655785158724E-09
   392   37.240000      0.0000000000000000E+00  1.1756021766913715E-08  3.5188062304120676E-01  1.1153309029270057E-04  1.2441002154477149E-02  4.5417526442133430E-09
   393   37.335000      0.0000000000000000E+00  1.1014329219607067E-08  3.4814278635525792E-01  1.1192307341395642E-04  1.2053506122204858E-02  4.9942755203829794E-09
   394   37.430000      0.0000000000000000E+00  1.0296490494886933E-08  3.4485267320001017E-01  1.1000698917927399E-04  1.1499888548701341E-02  5.5382722878596046E-09
   395   37.525000      0.0000000000000000E+00  9.8995514002988341E-09  3.4194204302617232E-01  1.0536064228053959E-04  1.0786260525197724E-02  5.8123520678942724E-09
   396   37.620000      0.0000000000000000E+00  9.8453164814648989E-09  3.3933129365466186E-01  9.8447128615897488E-05  9.9340129522762638E-03  5.7107994026774848E-09
   397   37.715000      0.0000000000000000E+00  9.7327968001208940E-09  3.3693478666041532E-01  9.0841107746404104E-05  8.9818530372224505E-03  5.6144174022110121E-09
   398   37.810000      0.0000000000000000E+00  9.4364681435057674E-09  3.3466565977568696E-01  8.4400595704113552E-05  7.9870437605552048E-03  5.5749898414327187E-09
   399   37.905000      0.0000000000000000E+00  9.0752151295773260E-09  3.3243868462702075E-01  8.0791113299775709E-05  7.0244949403686198E-03  5.4049013006497647E-09
   400   38.000000      0.0000000000000000E+00  8.5227286437670898E-09  3.3016846864992400E-01  8.0770639059504900E-05  6.1830498467184969E-03  5.2805036424949961E-09
   401   38.095000      0.0000000000000000E+00  7.7564071353299866E-09  3.2776647816564530E-01  8.4113313781639045E-05  5.5588069366710336E-03  5.2328353837911817E-09
   402   38.190000      0.0000000000000000E+00  6.9854896425501078E-09  3.2514845089758959E-01  8.9946773173607301E-05  5.2417513934663196E-03  5.0273366233769520E-09
   403   38.285000      0.0000000000000000E+00  6.2679391691990704E-09  3.2225905683646250E-01  9.7294868393138357E-05  5.2961812186013086E-03  4.7466686697442831E-09
   404   38.380000      0.0000000000000000E+00  5.6838391597739701E-09  3.1910387618711294E-01  1.0535014571845065E-04  5.7406115796163459E-03  4.5114129871132978E-09
   405   38.475000      0.0000000000000000E+00  5.2989012295244202E-09  3.1576644000965581E-01  1.1313679289669155E-04  6.5369469660014924E-03  4.4306171310452056E-09
   406   38.570000      0.0000000000000000E+00  5.0590795203949897E-09  3.1239522489733612E-01  1.1975696492775158E-04  7.5949408661797960E-03  4.7327985962627165E-09
   407   38.665000      0.0000000000000000E+00  5.2484775395617740E-09  3.0916343138675273E-01  1.2453655208689813E-04  8.7887607893895985E-03  5.1269207684077735E-09
   408   38.760000      0.0000000000000000E+00  6.1257839515141942E-09  3.0621782996524072E-01  1.2702287048838349E-04  9.9796327033607728E-03  5.2146419522729135E-09
   409   38.855000      0.0000000000000000E+00  7.4200821245171943E-09  3.0363673284927128E-01  1.2741296063680722E-04  1.1038663379631381E-02  5.1457819359314645E-09
   410   38.950000      0.0000000000000000E+00  8.8575134141263020E-09  3.0141299856302095E-01  1.2649444270356849E-04  1.1864850728790496E-02  5.0104560698819896E-09
   411   39.045000      0.0000000000000000E+00  1.0312594432598016E-08  2.9946460138069964E-01  1.2516324815070297E-04  1.2395518670586848E-02  4.7589177887113140E-09
   412   39.140000      0.0000000000000000E+00  1.1616966961449239E-08  2.9766116593028819E-01  1.2407833102418819E-04  1.2609309586493880E-02  4.4623189651573159E-09
   413   39.235000      0.0000000000000000E+00  1.2610327564715781E-08  2.9585251115705385E-01  1.2333786128658906E-04  1.2523043335382584E-02  4.1830627645565394E-09
   414   39.330000      0.0000000000000000E+00  1.2974284177340125E-08  2.9389002719253760E-01  1.2262756392735280E-04  1.2183638655188844E-02  4.2454794665239551E-09
   415   39.425000      0.0000000000000000E+00  1.2701155471514357E-08  2.9163768986935379E-01  1.2134626889418815E-04  1.1657877586107366E-02  4.7141591437513266E-09
   416   39.520000      0.0000000000000000E+00  1.2350189391420015E-08  2.8897845220036233E-01  1.1886863701922814E-04  1.1021691621638786E-02  4.9857023284085108E-09
   417   39.615000      0.0000000000000000E+00  1.1830031923198806E-08  2.8582431073199482E-01  1.1504108102991375E-04  1.0349296244615403E-02  5.3096644231043942E-09
   418   39.710000      0.0000000000000000E+00  1.0768518856921080E-08  2.8212895297062002E-01  1.1021251454821288E-04  9.7046616568545394E-03  6.3198744946990968E-09
   419   39.805000      0.0000000000000000E+00  9.9045719639023651E-09  2.7789457771972742E-01  1.0508297191068894E-04  9.1379474519259103E-03  7.1856595720035523E-09
   420   39.900000      0.0000000000000000E+00  9.8824003421081211E-09  2.7316927808529168E-01  1.0056647696368216E-04  8.6863290424429081E-03  7.1117611316028582E-09
   421   39.995000      0.0000000000000000E+00  1.0336354833343397E-08  2.6803738769970309E-01  9.7420322956653566E-05  8.3758125757236856E-03  6.4505726782375899E-09
   422   40.090000      0.0000000000000000E+00  1.0816666731825039E-08  2.6260569749658963E-01  9.6032638148807511E-05  8.2214811695971533E-03  5.5520235816310780E-09
