! Kinetic energy for species "electrons-down"
  Iter        Time          Total Par.             Kin. Energy
     0   0.0000000             179200  4.9415127930692415E-01
     1  0.95000000E-01         179200  4.9415098788986311E-01
     2  0.19000000             179200  4.9415011798775804E-01
     3  0.28500000             179200  4.9414868251629518E-01
     4  0.38000000             179200  4.9414670258027826E-01
     5  0.47500000             179200  4.9414420700555917E-01
     6  0.57000000             179200  4.9414123191585024E-01
     7  0.66500000             179200  4.9413782028207620E-01
     8  0.76000000             179200  4.9413402137042201E-01
     9  0.85500000             179200  4.9412989006510427E-01
    10  0.95000000             179200  4.9412548603923945E-01
    11   1.0450000             179200  4.9412087286891193E-01
    12   1.1400000             179200  4.9411611719094017E-01
    13   1.2350000             179200  4.9411128775615054E-01
    14   1.3300000             179200  4.9410645431303757E-01
    15   1.4250000             179200  4.9410168658057041E-01
    16   1.5200000             179200  4.9409705334542675E-01
    17   1.6150000             179200  4.9409262144252070E-01
    18   1.7100000             179200  4.9408845475635488E-01
    19   1.8050000             179200  4.9408461345447213E-01
    20   1.9000000             179200  4.9408115312420448E-01
    21   1.9950000             179200  4.9407812369487858E-01
    22   2.0900000             179200  4.9407556871689962E-01
    23   2.1850000             179200  4.9407352509486835E-01
    24   2.2800000             179200  4.9407202255362659E-01
    25   2.3750000             179200  4.9407108272173872E-01
    26   2.4700000             179200  4.9407071862002472E-01
    27   2.5650000             179200  4.9407093485945541E-01
    28   2.6600000             179200  4.9407172804178645E-01
    29   2.7550000             179200  4.9407308695351299E-01
    30   2.8500000             179200  4.9407499246654618E-01
    31   2.9450000             179200  4.9407741728728594E-01
    32   3.0400000             179200  4.9408032612019015E-01
    33   3.1350000             179200  4.9408367656620367E-01
    34   3.2300000             179200  4.9408742013325585E-01
    35   3.3250000             179200  4.9409150288943360E-01
    36   3.4200000             179200  4.9409586615821954E-01
    37   3.5150000             179200  4.9410044725063279E-01
    38   3.6100000             179200  4.9410517982716384E-01
    39   3.7050000             179200  4.9410999459289978E-01
    40   3.8000000             179200  4.9411482109202459E-01
    41   3.8950000             179200  4.9411958953973084E-01
    42   3.9900000             179200  4.9412423145014922E-01
    43   4.0850000             179200  4.9412867973122732E-01
    44   4.1800000             179200  4.9413286947091295E-01
    45   4.2750000             179200  4.9413673944016512E-01
    46   4.3700000             179200  4.9414023353709363E-01
    47   4.4650000             179200  4.9414330145563190E-01
    48   4.5600000             179200  4.9414589861747860E-01
    49   4.6550000             179200  4.9414798652796793E-01
    50   4.7500000             179200  4.9414953431652359E-01
    51   4.8450000             179200  4.9415052005115584E-01
    52   4.9400000             179200  4.9415093011524791E-01
    53   5.0350000             179200  4.9415075779572726E-01
    54   5.1300000             179200  4.9415000353228689E-01
    55   5.2250000             179200  4.9414867658449046E-01
    56   5.3200000             179200  4.9414679583289123E-01
    57   5.4150000             179200  4.9414438891081891E-01
    58   5.5100000             179200  4.9414149063838864E-01
    59   5.6050000             179200  4.9413814186157490E-01
    60   5.7000000             179200  4.9413438933564979E-01
    61   5.7950000             179200  4.9413028614828164E-01
    62   5.8900000             179200  4.9412589117825001E-01
    63   5.9850000             179200  4.9412126733014572E-01
    64   6.0800000             179200  4.9411648004580461E-01
    65   6.1750000             179200  4.9411159675066252E-01
    66   6.2700000             179200  4.9410668629281768E-01
    67   6.3650000             179200  4.9410181800350850E-01
    68   6.4600000             179200  4.9409706082697713E-01
    69   6.5550000             179200  4.9409248212411316E-01
    70   6.6500000             179200  4.9408814586926530E-01
    71   6.7450000             179200  4.9408411163417587E-01
    72   6.8400000             179200  4.9408043498033610E-01
    73   6.9350000             179200  4.9407716723117123E-01
    74   7.0300000             179200  4.9407435351428219E-01
    75   7.1250000             179200  4.9407203114726489E-01
    76   7.2200000             179200  4.9407022990097604E-01
    77   7.3150000             179200  4.9406897279385303E-01
    78   7.4100000             179200  4.9406827582981255E-01
    79   7.5050000             179200  4.9406814660147569E-01
    80   7.6000000             179200  4.9406858263565567E-01
    81   7.6950000             179200  4.9406957111954108E-01
    82   7.7900000             179200  4.9407109086548862E-01
    83   7.8850000             179200  4.9407311451248193E-01
    84   7.9800000             179200  4.9407560844040199E-01
    85   8.0750000             179200  4.9407853125979007E-01
    86   8.1700000             179200  4.9408183365987807E-01
    87   8.2650000             179200  4.9408546015131416E-01
    88   8.3600000             179200  4.9408935074678756E-01
    89   8.4550000             179200  4.9409344098208197E-01
    90   8.5500000             179200  4.9409766092564522E-01
    91   8.6450000             179200  4.9410193565777516E-01
    92   8.7400000             179200  4.9410618890770130E-01
    93   8.8350000             179200  4.9411034802425730E-01
    94   8.9300000             179200  4.9411434607432975E-01
    95   9.0250000             179200  4.9411811919366039E-01
    96   9.1200000             179200  4.9412160205809624E-01
    97   9.2150000             179200  4.9412472591896317E-01
    98   9.3100000             179200  4.9412742079203997E-01
    99   9.4050000             179200  4.9412961998250865E-01
   100   9.5000000             179200  4.9413126418660613E-01
   101   9.5950000             179200  4.9413230356972671E-01
   102   9.6900000             179200  4.9413269803856230E-01
   103   9.7850000             179200  4.9413241701065985E-01
   104   9.8800000             179200  4.9413143922605418E-01
   105   9.9750000             179200  4.9412975155702410E-01
   106   10.070000             179200  4.9412734610515663E-01
   107   10.165000             179200  4.9412421755290659E-01
   108   10.260000             179200  4.9412036413652316E-01
   109   10.355000             179200  4.9411579254408777E-01
   110   10.450000             179200  4.9411052218485096E-01
   111   10.545000             179200  4.9410458384353467E-01
   112   10.640000             179200  4.9409801304460943E-01
   113   10.735000             179200  4.9409084343522525E-01
   114   10.830000             179200  4.9408310466676547E-01
   115   10.925000             179200  4.9407482472565961E-01
   116   11.020000             179200  4.9406603405057836E-01
   117   11.115000             179200  4.9405676908718804E-01
   118   11.210000             179200  4.9404707331794040E-01
   119   11.305000             179200  4.9403699420401537E-01
   120   11.400000             179200  4.9402657687868196E-01
   121   11.495000             179200  4.9401585783607421E-01
   122   11.590000             179200  4.9400486124649184E-01
   123   11.685000             179200  4.9399359862323217E-01
   124   11.780000             179200  4.9398207133648375E-01
   125   11.875000             179200  4.9397027382392733E-01
   126   11.970000             179200  4.9395819457309942E-01
   127   12.065000             179200  4.9394581433441670E-01
   128   12.160000             179200  4.9393310371281396E-01
   129   12.255000             179200  4.9392002196747409E-01
   130   12.350000             179200  4.9390651687775622E-01
   131   12.445000             179200  4.9389252356809732E-01
   132   12.540000             179200  4.9387795928138778E-01
   133   12.635000             179200  4.9386271421638850E-01
   134   12.730000             179200  4.9384664481581975E-01
   135   12.825000             179200  4.9382957796574090E-01
   136   12.920000             179200  4.9381132792227317E-01
   137   13.015000             179200  4.9379171705447206E-01
   138   13.110000             179200  4.9377058578868083E-01
   139   13.205000             179200  4.9374778212004200E-01
   140   13.300000             179200  4.9372313473683904E-01
   141   13.395000             179200  4.9369642623460525E-01
   142   13.490000             179200  4.9366738288307632E-01
   143   13.585000             179200  4.9363568472445818E-01
   144   13.680000             179200  4.9360098703391841E-01
   145   13.775000             179200  4.9356294154146629E-01
   146   13.870000             179200  4.9352120997108939E-01
   147   13.965000             179200  4.9347546632092298E-01
   148   14.060000             179200  4.9342538773791877E-01
   149   14.155000             179200  4.9337063767654865E-01
   150   14.250000             179200  4.9331084794862778E-01
   151   14.345000             179200  4.9324560858810318E-01
   152   14.440000             179200  4.9317447372375017E-01
   153   14.535000             179200  4.9309698261717094E-01
   154   14.630000             179200  4.9301268121636488E-01
   155   14.725000             179200  4.9292112687622347E-01
   156   14.820000             179200  4.9282187335845867E-01
   157   14.915000             179200  4.9271444841759288E-01
   158   15.010000             179200  4.9259833749764798E-01
   159   15.105000             179200  4.9247298194661315E-01
   160   15.200000             179200  4.9233779598580524E-01
   161   15.295000             179200  4.9219219623410115E-01
   162   15.390000             179200  4.9203562217533969E-01
   163   15.485000             179200  4.9186752828219482E-01
   164   15.580000             179200  4.9168735584433954E-01
   165   15.675000             179200  4.9149451502102159E-01
   166   15.770000             179200  4.9128839404105862E-01
   167   15.865000             179200  4.9106837849974549E-01
   168   15.960000             179200  4.9083385881159958E-01
   169   16.055000             179200  4.9058423202101270E-01
   170   16.150000             179200  4.9031891268031014E-01
   171   16.245000             179200  4.9003734056275539E-01
   172   16.340000             179200  4.8973896461813565E-01
   173   16.435000             179200  4.8942322095398549E-01
   174   16.530000             179200  4.8908954254332931E-01
   175   16.625000             179200  4.8873739785284109E-01
   176   16.720000             179200  4.8836632043747868E-01
   177   16.815000             179200  4.8797590208773844E-01
   178   16.910000             179200  4.8756575189960816E-01
   179   17.005000             179200  4.8713544878877146E-01
   180   17.100000             179200  4.8668452073054747E-01
   181   17.195000             179200  4.8621246869122403E-01
   182   17.290000             179200  4.8571881690833196E-01
   183   17.385000             179200  4.8520315720644003E-01
   184   17.480000             179200  4.8466515644902519E-01
   185   17.575000             179200  4.8410450157485613E-01
   186   17.670000             179200  4.8352082813798941E-01
   187   17.765000             179200  4.8291373758078010E-01
   188   17.860000             179200  4.8228289790310563E-01
   189   17.955000             179200  4.8162808074816876E-01
   190   18.050000             179200  4.8094906487901157E-01
   191   18.145000             179200  4.8024551170708668E-01
   192   18.240000             179200  4.7951694426885494E-01
   193   18.335000             179200  4.7876285171887861E-01
   194   18.430000             179200  4.7798283194566882E-01
   195   18.525000             179200  4.7717666758609123E-01
   196   18.620000             179200  4.7634430903121089E-01
   197   18.715000             179200  4.7548587765260647E-01
   198   18.810000             179200  4.7460182105862236E-01
   199   18.905000             179200  4.7369317988998150E-01
   200   19.000000             179200  4.7276182336806788E-01
   201   19.095000             179200  4.7181056870011878E-01
   202   19.190000             179200  4.7084322046381510E-01
   203   19.285000             179200  4.6986460091198357E-01
   204   19.380000             179200  4.6888056683128310E-01
   205   19.475000             179200  4.6789795097167736E-01
   206   19.570000             179200  4.6692441435269771E-01
   207   19.665000             179200  4.6596829106705367E-01
   208   19.760000             179200  4.6503846133156723E-01
   209   19.855000             179200  4.6414420908873283E-01
   210   19.950000             179200  4.6329504504287117E-01
   211   20.045000             179200  4.6250052000587827E-01
   212   20.140000             179200  4.6177008136804226E-01
   213   20.235000             179200  4.6111294659089397E-01
   214   20.330000             179200  4.6053793839923218E-01
   215   20.425000             179200  4.6005325418716447E-01
   216   20.520000             179200  4.5966617099527274E-01
   217   20.615000             179200  4.5938278331284010E-01
   218   20.710000             179200  4.5920790187376714E-01
   219   20.805000             179200  4.5914508928626663E-01
   220   20.900000             179200  4.5919667849111012E-01
   221   20.995000             179200  4.5936378077130791E-01
   222   21.090000             179200  4.5964638528405399E-01
   223   21.185000             179200  4.6004348018921210E-01
   224   21.280000             179200  4.6055298497538244E-01
   225   21.375000             179200  4.6117156318275904E-01
   226   21.470000             179200  4.6189460715779607E-01
   227   21.565000             179200  4.6271629432861339E-01
   228   21.660000             179200  4.6362940488945364E-01
   229   21.755000             179200  4.6462494019726297E-01
   230   21.850000             179200  4.6569201484554862E-01
   231   21.945000             179200  4.6681824566614050E-01
   232   22.040000             179200  4.6799020472379971E-01
   233   22.135000             179200  4.6919357195659134E-01
   234   22.230000             179200  4.7041313572660881E-01
   235   22.325000             179200  4.7163294191863714E-01
   236   22.420000             179200  4.7283652044490032E-01
   237   22.515000             179200  4.7400690509113208E-01
   238   22.610000             179200  4.7512654405398491E-01
   239   22.705000             179200  4.7617751233110628E-01
   240   22.800000             179200  4.7714207032174427E-01
   241   22.895000             179200  4.7800311632968484E-01
   242   22.990000             179200  4.7874445630953255E-01
   243   23.085000             179200  4.7935117917965281E-01
   244   23.180000             179200  4.7981001596415013E-01
   245   23.275000             179200  4.8010941117736605E-01
   246   23.370000             179200  4.8023943176555595E-01
   247   23.465000             179200  4.8019192779905667E-01
   248   23.560000             179200  4.7996099051388658E-01
   249   23.655000             179200  4.7954341332111611E-01
   250   23.750000             179200  4.7893897337519453E-01
   251   23.845000             179200  4.7815032026009585E-01
   252   23.940000             179200  4.7718254748249178E-01
   253   24.035000             179200  4.7604300317386666E-01
   254   24.130000             179200  4.7474151222876526E-01
   255   24.225000             179200  4.7329048144371605E-01
   256   24.320000             179200  4.7170459781103896E-01
   257   24.415000             179200  4.7000061805326909E-01
   258   24.510000             179200  4.6819754057876339E-01
   259   24.605000             179200  4.6631656540523664E-01
   260   24.700000             179200  4.6438028674610149E-01
   261   24.795000             179200  4.6241169989614367E-01
   262   24.890000             179200  4.6043402512162113E-01
   263   24.985000             179200  4.5847110978034322E-01
   264   25.080000             179200  4.5654731853937508E-01
   265   25.175000             179200  4.5468659529779631E-01
   266   25.270000             179200  4.5291130127601231E-01
   267   25.365000             179200  4.5124149961958582E-01
   268   25.460000             179200  4.4969500506730553E-01
   269   25.555000             179200  4.4828784746825218E-01
   270   25.650000             179200  4.4703426422012410E-01
   271   25.745000             179200  4.4594588465361029E-01
   272   25.840000             179200  4.4503100079004437E-01
   273   25.935000             179200  4.4429478379261877E-01
   274   26.030000             179200  4.4373993449894727E-01
   275   26.125000             179200  4.4336664011319260E-01
   276   26.220000             179200  4.4317175989102109E-01
   277   26.315000             179200  4.4314844598648523E-01
   278   26.410000             179200  4.4328685581252364E-01
   279   26.505000             179200  4.4357534708619994E-01
   280   26.600000             179200  4.4400115421471864E-01
   281   26.695000             179200  4.4455039333458052E-01
   282   26.790000             179200  4.4520817683585101E-01
   283   26.885000             179200  4.4595919605673046E-01
   284   26.980000             179200  4.4678831223001225E-01
   285   27.075000             179200  4.4768056401185263E-01
   286   27.170000             179200  4.4862067076687634E-01
   287   27.265000             179200  4.4959279711016653E-01
   288   27.360000             179200  4.5058099375695493E-01
   289   27.455000             179200  4.5156969217552972E-01
   290   27.550000             179200  4.5254348146676182E-01
   291   27.645000             179200  4.5348655148940631E-01
   292   27.740000             179200  4.5438303856322620E-01
   293   27.835000             179200  4.5521842750153713E-01
   294   27.930000             179200  4.5598076297783857E-01
   295   28.025000             179200  4.5666088523895654E-01
   296   28.120000             179200  4.5725232834185459E-01
   297   28.215000             179200  4.5775185998577395E-01
   298   28.310000             179200  4.5816042321633821E-01
   299   28.405000             179200  4.5848328601003818E-01
   300   28.500000             179200  4.5872897021668985E-01
   301   28.595000             179200  4.5890792624197796E-01
   302   28.690000             179200  4.5903187817026270E-01
   303   28.785000             179200  4.5911350451226629E-01
   304   28.880000             179200  4.5916579958103565E-01
   305   28.975000             179200  4.5920118646827568E-01
   306   29.070000             179200  4.5923074189199242E-01
   307   29.165000             179200  4.5926368044370541E-01
   308   29.260000             179200  4.5930705865305682E-01
   309   29.355000             179200  4.5936584510565071E-01
   310   29.450000             179200  4.5944351536225281E-01
   311   29.545000             179200  4.5954302343212183E-01
   312   29.640000             179200  4.5966769360211462E-01
   313   29.735000             179200  4.5982163056263142E-01
   314   29.830000             179200  4.6000961403772278E-01
   315   29.925000             179200  4.6023649003862893E-01
   316   30.020000             179200  4.6050621752860638E-01
   317   30.115000             179200  4.6082084280025282E-01
   318   30.210000             179200  4.6117960134019886E-01
   319   30.305000             179200  4.6157808686959656E-01
   320   30.400000             179200  4.6200741719216037E-01
   321   30.495000             179200  4.6245380173637401E-01
   322   30.590000             179200  4.6289871659416215E-01
   323   30.685000             179200  4.6331940256724707E-01
   324   30.780000             179200  4.6368966059474453E-01
   325   30.875000             179200  4.6398141952415728E-01
   326   30.970000             179200  4.6416690654817783E-01
   327   31.065000             179200  4.6422009157174937E-01
   328   31.160000             179200  4.6411707547416930E-01
   329   31.255000             179200  4.6383708046488847E-01
   330   31.350000             179200  4.6336459094080740E-01
   331   31.445000             179200  4.6269031923439596E-01
   332   31.540000             179200  4.6180978272370232E-01
   333   31.635000             179200  4.6072174179320952E-01
   334   31.730000             179200  4.5942821099346909E-01
   335   31.825000             179200  4.5793458531282333E-01
   336   31.920000             179200  4.5624876853837831E-01
   337   32.015000             179200  4.5438079240101475E-01
   338   32.110000             179200  4.5234408930531805E-01
   339   32.205000             179200  4.5015785370561312E-01
   340   32.300000             179200  4.4784945477216243E-01
   341   32.395000             179200  4.4545582291541375E-01
   342   32.490000             179200  4.4302324359781564E-01
   343   32.585000             179200  4.4060435653875812E-01
   344   32.680000             179200  4.3825049677861727E-01
   345   32.775000             179200  4.3600217551602238E-01
   346   32.870000             179200  4.3388463530736288E-01
   347   32.965000             179200  4.3191025784902431E-01
   348   33.060000             179200  4.3008292782048374E-01
   349   33.155000             179200  4.2840035270324972E-01
   350   33.250000             179200  4.2685472320737228E-01
   351   33.345000             179200  4.2543313311077224E-01
   352   33.440000             179200  4.2411857158895244E-01
   353   33.535000             179200  4.2289273618188605E-01
   354   33.630000             179200  4.2174012130861360E-01
   355   33.725000             179200  4.2065121697500851E-01
   356   33.820000             179200  4.1962348921230630E-01
   357   33.915000             179200  4.1865919462148232E-01
   358   34.010000             179200  4.1776119772155862E-01
   359   34.105000             179200  4.1693028336630111E-01
   360   34.200000             179200  4.1616554254889793E-01
   361   34.295000             179200  4.1546734158684001E-01
   362   34.390000             179200  4.1484127254214098E-01
   363   34.485000             179200  4.1429999589817579E-01
   364   34.580000             179200  4.1386142865510150E-01
   365   34.675000             179200  4.1354452169484174E-01
   366   34.770000             179200  4.1336444076893458E-01
   367   34.865000             179200  4.1332822464990571E-01
   368   34.960000             179200  4.1343341740643813E-01
   369   35.055000             179200  4.1366983619337638E-01
   370   35.150000             179200  4.1402073698482267E-01
   371   35.245000             179200  4.1446436555690025E-01
   372   35.340000             179200  4.1497704367924898E-01
   373   35.435000             179200  4.1553557489860249E-01
   374   35.530000             179200  4.1611929160804850E-01
   375   35.625000             179200  4.1671140624838199E-01
   376   35.720000             179200  4.1729931034923240E-01
   377   35.815000             179200  4.1787440947788812E-01
   378   35.910000             179200  4.1843108885935287E-01
   379   36.005000             179200  4.1896431210456697E-01
   380   36.100000             179200  4.1946565803126906E-01
   381   36.195000             179200  4.1992085531480594E-01
   382   36.290000             179200  4.2031086782377469E-01
   383   36.385000             179200  4.2061415138033464E-01
   384   36.480000             179200  4.2080823481946017E-01
   385   36.575000             179200  4.2087159567144550E-01
   386   36.670000             179200  4.2078425831044963E-01
   387   36.765000             179200  4.2052604018764428E-01
   388   36.860000             179200  4.2007816966941025E-01
   389   36.955000             179200  4.1942806292110818E-01
   390   37.050000             179200  4.1857152684940863E-01
   391   37.145000             179200  4.1751368600396843E-01
   392   37.240000             179200  4.1627194715808952E-01
   393   37.335000             179200  4.1487730155015534E-01
   394   37.430000             179200  4.1337031430645804E-01
   395   37.525000             179200  4.1179586565814674E-01
   396   37.620000             179200  4.1020071437015315E-01
   397   37.715000             179200  4.0863237861446722E-01
   398   37.810000             179200  4.0713766012307528E-01
   399   37.905000             179200  4.0576275845568893E-01
   400   38.000000             179200  4.0455656202814350E-01
   401   38.095000             179200  4.0357527826960771E-01
   402   38.190000             179200  4.0288266833399988E-01
   403   38.285000             179200  4.0254149822990243E-01
   404   38.380000             179200  4.0259866230313324E-01
   405   38.475000             179200  4.0307236384433431E-01
   406   38.570000             179200  4.0395035203643809E-01
   407   38.665000             179200  4.0520023505143798E-01
   408   38.760000             179200  4.0678493258599258E-01
   409   38.855000             179200  4.0867411610480286E-01
   410   38.950000             179200  4.1084458931771062E-01
   411   39.045000             179200  4.1327096047762701E-01
   412   39.140000             179200  4.1591554122329455E-01
   413   39.235000             179200  4.1872520251725298E-01
   414   39.330000             179200  4.2163584009535138E-01
   415   39.425000             179200  4.2458029631016481E-01
   416   39.520000             179200  4.2749491950204999E-01
   417   39.615000             179200  4.3032142645876714E-01
   418   39.710000             179200  4.3300477421820410E-01
   419   39.805000             179200  4.3549103937314659E-01
   420   39.900000             179200  4.3772749000893330E-01
   421   39.995000             179200  4.3966357233759007E-01
   422   40.090000             179200  4.4125297760466997E-01
