! Kinetic energy for species "positrons-down"
  Iter        Time          Total Par.             Kin. Energy
     0   0.0000000             179200  4.9403359550209158E-01
     1  0.95000000E-01         179200  4.9403388539524229E-01
     2  0.19000000             179200  4.9403475114020112E-01
     3  0.28500000             179200  4.9403618075051964E-01
     4  0.38000000             179200  4.9403815394735362E-01
     5  0.47500000             179200  4.9404064230591260E-01
     6  0.57000000             179200  4.9404360984118856E-01
     7  0.66500000             179200  4.9404701374974214E-01
     8  0.76000000             179200  4.9405080505143739E-01
     9  0.85500000             179200  4.9405492918463717E-01
    10  0.95000000             179200  4.9405932672426744E-01
    11   1.0450000             179200  4.9406393421917250E-01
    12   1.1400000             179200  4.9406868508910173E-01
    13   1.2350000             179200  4.9407351062434274E-01
    14   1.3300000             179200  4.9407834105103499E-01
    15   1.4250000             179200  4.9408310655166177E-01
    16   1.5200000             179200  4.9408773826905872E-01
    17   1.6150000             179200  4.9409216927150568E-01
    18   1.7100000             179200  4.9409633534575242E-01
    19   1.8050000             179200  4.9410017584931554E-01
    20   1.9000000             179200  4.9410363498015980E-01
    21   1.9950000             179200  4.9410666298184946E-01
    22   2.0900000             179200  4.9410921646576905E-01
    23   2.1850000             179200  4.9411125832124048E-01
    24   2.2800000             179200  4.9411275840573049E-01
    25   2.3750000             179200  4.9411369475497235E-01
    26   2.4700000             179200  4.9411405405264341E-01
    27   2.5650000             179200  4.9411383137942977E-01
    28   2.6600000             179200  4.9411303014707086E-01
    29   2.7550000             179200  4.9411166210500024E-01
    30   2.8500000             179200  4.9410974690334242E-01
    31   2.9450000             179200  4.9410731169179883E-01
    32   3.0400000             179200  4.9410439122391636E-01
    33   3.1350000             179200  4.9410102774160458E-01
    34   3.2300000             179200  4.9409726997832082E-01
    35   3.3250000             179200  4.9409317199925079E-01
    36   3.4200000             179200  4.9408879272681816E-01
    37   3.5150000             179200  4.9408419554265121E-01
    38   3.6100000             179200  4.9407944702059331E-01
    39   3.7050000             179200  4.9407461537114850E-01
    40   3.8000000             179200  4.9406976971678918E-01
    41   3.8950000             179200  4.9406497977411479E-01
    42   3.9900000             179200  4.9406031482767337E-01
    43   4.0850000             179200  4.9405584228531674E-01
    44   4.1800000             179200  4.9405162667292590E-01
    45   4.2750000             179200  4.9404772872544850E-01
    46   4.3700000             179200  4.9404420421118506E-01
    47   4.4650000             179200  4.9404110331886453E-01
    48   4.5600000             179200  4.9403847068317136E-01
    49   4.6550000             179200  4.9403634465008278E-01
    50   4.7500000             179200  4.9403475572075939E-01
    51   4.8450000             179200  4.9403372593120526E-01
    52   4.9400000             179200  4.9403326943140191E-01
    53   5.0350000             179200  4.9403339260090062E-01
    54   5.1300000             179200  4.9403409329577891E-01
    55   5.2250000             179200  4.9403536042534807E-01
    56   5.3200000             179200  4.9403717424159721E-01
    57   5.4150000             179200  4.9403950698110710E-01
    58   5.5100000             179200  4.9404232398279369E-01
    59   5.6050000             179200  4.9404558482790573E-01
    60   5.7000000             179200  4.9404924327723432E-01
    61   5.7950000             179200  4.9405324642523468E-01
    62   5.8900000             179200  4.9405753502621819E-01
    63   5.9850000             179200  4.9406204515580776E-01
    64   6.0800000             179200  4.9406670960386823E-01
    65   6.1750000             179200  4.9407145897267346E-01
    66   6.2700000             179200  4.9407622348562691E-01
    67   6.3650000             179200  4.9408093431499545E-01
    68   6.4600000             179200  4.9408552284867668E-01
    69   6.5550000             179200  4.9408991984247780E-01
    70   6.6500000             179200  4.9409405730252898E-01
    71   6.7450000             179200  4.9409787189764531E-01
    72   6.8400000             179200  4.9410130672756591E-01
    73   6.9350000             179200  4.9410431111850045E-01
    74   7.0300000             179200  4.9410684013702916E-01
    75   7.1250000             179200  4.9410885460227738E-01
    76   7.2200000             179200  4.9411032182953651E-01
    77   7.3150000             179200  4.9411121712556749E-01
    78   7.4100000             179200  4.9411152475466963E-01
    79   7.5050000             179200  4.9411123733225903E-01
    80   7.6000000             179200  4.9411035497849620E-01
    81   7.6950000             179200  4.9410888564204003E-01
    82   7.7900000             179200  4.9410684544502997E-01
    83   7.8850000             179200  4.9410425784063844E-01
    84   7.9800000             179200  4.9410115288900613E-01
    85   8.0750000             179200  4.9409756783108466E-01
    86   8.1700000             179200  4.9409354756568075E-01
    87   8.2650000             179200  4.9408914363684175E-01
    88   8.3600000             179200  4.9408441251940094E-01
    89   8.4550000             179200  4.9407941399793409E-01
    90   8.5500000             179200  4.9407420936570767E-01
    91   8.6450000             179200  4.9406886043712822E-01
    92   8.7400000             179200  4.9406343105010458E-01
    93   8.8350000             179200  4.9405798941960666E-01
    94   8.9300000             179200  4.9405260728075601E-01
    95   9.0250000             179200  4.9404735507140241E-01
    96   9.1200000             179200  4.9404229651785825E-01
    97   9.2150000             179200  4.9403748536829206E-01
    98   9.3100000             179200  4.9403296497310406E-01
    99   9.4050000             179200  4.9402877107698040E-01
   100   9.5000000             179200  4.9402493631988198E-01
   101   9.5950000             179200  4.9402149213792163E-01
   102   9.6900000             179200  4.9401846601780786E-01
   103   9.7850000             179200  4.9401587753365944E-01
   104   9.8800000             179200  4.9401373673273691E-01
   105   9.9750000             179200  4.9401204384334851E-01
   106   10.070000             179200  4.9401078817681160E-01
   107   10.165000             179200  4.9400994707983226E-01
   108   10.260000             179200  4.9400948687443424E-01
   109   10.355000             179200  4.9400936589195299E-01
   110   10.450000             179200  4.9400953799523351E-01
   111   10.545000             179200  4.9400995398416964E-01
   112   10.640000             179200  4.9401055860343412E-01
   113   10.735000             179200  4.9401128447639542E-01
   114   10.830000             179200  4.9401204840422236E-01
   115   10.925000             179200  4.9401275402217060E-01
   116   11.020000             179200  4.9401329876644207E-01
   117   11.115000             179200  4.9401358022776809E-01
   118   11.210000             179200  4.9401349961493662E-01
   119   11.305000             179200  4.9401296253111288E-01
   120   11.400000             179200  4.9401187670833557E-01
   121   11.495000             179200  4.9401014664008791E-01
   122   11.590000             179200  4.9400766806487378E-01
   123   11.685000             179200  4.9400432677002742E-01
   124   11.780000             179200  4.9400000325266030E-01
   125   11.875000             179200  4.9399458033931354E-01
   126   11.970000             179200  4.9398794908239535E-01
   127   12.065000             179200  4.9398000989566437E-01
   128   12.160000             179200  4.9397066948070184E-01
   129   12.255000             179200  4.9395983723176157E-01
   130   12.350000             179200  4.9394742423259508E-01
   131   12.445000             179200  4.9393334329038507E-01
   132   12.540000             179200  4.9391750534550899E-01
   133   12.635000             179200  4.9389981152332957E-01
   134   12.730000             179200  4.9388014706828243E-01
   135   12.825000             179200  4.9385838467340881E-01
   136   12.920000             179200  4.9383439859345601E-01
   137   13.015000             179200  4.9380808280158794E-01
   138   13.110000             179200  4.9377936138297984E-01
   139   13.205000             179200  4.9374818070694088E-01
   140   13.300000             179200  4.9371448288636333E-01
   141   13.395000             179200  4.9367817400573055E-01
   142   13.490000             179200  4.9363910666079791E-01
   143   13.585000             179200  4.9359708686077752E-01
   144   13.680000             179200  4.9355189772879526E-01
   145   13.775000             179200  4.9350332250664281E-01
   146   13.870000             179200  4.9345115418851621E-01
   147   13.965000             179200  4.9339519117266117E-01
   148   14.060000             179200  4.9333522540207453E-01
   149   14.155000             179200  4.9327102775404258E-01
   150   14.250000             179200  4.9320233225416182E-01
   151   14.345000             179200  4.9312882327208785E-01
   152   14.440000             179200  4.9305013411957799E-01
   153   14.535000             179200  4.9296586213237059E-01
   154   14.630000             179200  4.9287559197853059E-01
   155   14.725000             179200  4.9277890722107831E-01
   156   14.820000             179200  4.9267537638591746E-01
   157   14.915000             179200  4.9256452249186145E-01
   158   15.010000             179200  4.9244580176415192E-01
   159   15.105000             179200  4.9231860809361883E-01
   160   15.200000             179200  4.9218229441735151E-01
   161   15.295000             179200  4.9203619122914938E-01
   162   15.390000             179200  4.9187961378283440E-01
   163   15.485000             179200  4.9171186173864978E-01
   164   15.580000             179200  4.9153221366983335E-01
   165   15.675000             179200  4.9133991657571707E-01
   166   15.770000             179200  4.9113417892485678E-01
   167   15.865000             179200  4.9091418149155097E-01
   168   15.960000             179200  4.9067910671786108E-01
   169   16.055000             179200  4.9042816206938999E-01
   170   16.150000             179200  4.9016057106907795E-01
   171   16.245000             179200  4.8987554099200303E-01
   172   16.340000             179200  4.8957225107099533E-01
   173   16.435000             179200  4.8924988770288369E-01
   174   16.530000             179200  4.8890769097318210E-01
   175   16.625000             179200  4.8854496363631583E-01
   176   16.720000             179200  4.8816105493379930E-01
   177   16.815000             179200  4.8775536212167558E-01
   178   16.910000             179200  4.8732734451508897E-01
   179   17.005000             179200  4.8687651827115763E-01
   180   17.100000             179200  4.8640244091916063E-01
   181   17.195000             179200  4.8590470633808336E-01
   182   17.290000             179200  4.8538294922427361E-01
   183   17.385000             179200  4.8483687543899406E-01
   184   17.480000             179200  4.8426633341589431E-01
   185   17.575000             179200  4.8367137158109508E-01
   186   17.670000             179200  4.8305221097924844E-01
   187   17.765000             179200  4.8240915441516857E-01
   188   17.860000             179200  4.8174252193228634E-01
   189   17.955000             179200  4.8105267563163145E-01
   190   18.050000             179200  4.8034012435265777E-01
   191   18.145000             179200  4.7960562280125385E-01
   192   18.240000             179200  4.7885016153021509E-01
   193   18.335000             179200  4.7807484960863678E-01
   194   18.430000             179200  4.7728079978163634E-01
   195   18.525000             179200  4.7646911873907583E-01
   196   18.620000             179200  4.7564106130940270E-01
   197   18.715000             179200  4.7479827703752137E-01
   198   18.810000             179200  4.7394293779212382E-01
   199   18.905000             179200  4.7307766875455348E-01
   200   19.000000             179200  4.7220547249436085E-01
   201   19.095000             179200  4.7132977383986041E-01
   202   19.190000             179200  4.7045450719906534E-01
   203   19.285000             179200  4.6958416950906590E-01
   204   19.380000             179200  4.6872384008835949E-01
   205   19.475000             179200  4.6787915152149961E-01
   206   19.570000             179200  4.6705609032146089E-01
   207   19.665000             179200  4.6626060693765031E-01
   208   19.760000             179200  4.6549819703372619E-01
   209   19.855000             179200  4.6477358958033155E-01
   210   19.950000             179200  4.6409060208083242E-01
   211   20.045000             179200  4.6345214472539248E-01
   212   20.140000             179200  4.6286025168103639E-01
   213   20.235000             179200  4.6231596593784308E-01
   214   20.330000             179200  4.6181909236904672E-01
   215   20.425000             179200  4.6136811393736687E-01
   216   20.520000             179200  4.6096046205843183E-01
   217   20.615000             179200  4.6059288273186655E-01
   218   20.710000             179200  4.6026152541948412E-01
   219   20.805000             179200  4.5996181054395258E-01
   220   20.900000             179200  4.5968842489719347E-01
   221   20.995000             179200  4.5943561679610811E-01
   222   21.090000             179200  4.5919753281718972E-01
   223   21.185000             179200  4.5896834764982730E-01
   224   21.280000             179200  4.5874230555727263E-01
   225   21.375000             179200  4.5851387078592676E-01
   226   21.470000             179200  4.5827789680140896E-01
   227   21.565000             179200  4.5802960958309558E-01
   228   21.660000             179200  4.5776463800432976E-01
   229   21.755000             179200  4.5747938962350876E-01
   230   21.850000             179200  4.5717150704840370E-01
   231   21.945000             179200  4.5684001736247026E-01
   232   22.040000             179200  4.5648543813708831E-01
   233   22.135000             179200  4.5611020619808695E-01
   234   22.230000             179200  4.5571901664527303E-01
   235   22.325000             179200  4.5531860014353426E-01
   236   22.420000             179200  4.5491730549838916E-01
   237   22.515000             179200  4.5452508146458526E-01
   238   22.610000             179200  4.5415367246028560E-01
   239   22.705000             179200  4.5381646565708011E-01
   240   22.800000             179200  4.5352781975893308E-01
   241   22.895000             179200  4.5330230154631923E-01
   242   22.990000             179200  4.5315427989342538E-01
   243   23.085000             179200  4.5309769137570405E-01
   244   23.180000             179200  4.5314560475012150E-01
   245   23.275000             179200  4.5330958898225637E-01
   246   23.370000             179200  4.5359918565901031E-01
   247   23.465000             179200  4.5402155055045712E-01
   248   23.560000             179200  4.5458108071367787E-01
   249   23.655000             179200  4.5527906529200385E-01
   250   23.750000             179200  4.5611359553110614E-01
   251   23.845000             179200  4.5707969279052846E-01
   252   23.940000             179200  4.5816946239390977E-01
   253   24.035000             179200  4.5937224367483753E-01
   254   24.130000             179200  4.6067478588739913E-01
   255   24.225000             179200  4.6206157822062333E-01
   256   24.320000             179200  4.6351551339188307E-01
   257   24.415000             179200  4.6501866237756811E-01
   258   24.510000             179200  4.6655254319260686E-01
   259   24.605000             179200  4.6809780616129415E-01
   260   24.700000             179200  4.6963411801627120E-01
   261   24.795000             179200  4.7114085917335691E-01
   262   24.890000             179200  4.7259811683734754E-01
   263   24.985000             179200  4.7398703206441828E-01
   264   25.080000             179200  4.7528938746859478E-01
   265   25.175000             179200  4.7648718691763930E-01
   266   25.270000             179200  4.7756292281410895E-01
   267   25.365000             179200  4.7850044241422141E-01
   268   25.460000             179200  4.7928574266720569E-01
   269   25.555000             179200  4.7990698583731661E-01
   270   25.650000             179200  4.8035387131236296E-01
   271   25.745000             179200  4.8061739224547767E-01
   272   25.840000             179200  4.8069047333908810E-01
   273   25.935000             179200  4.8056876996809228E-01
   274   26.030000             179200  4.8025080247027985E-01
   275   26.125000             179200  4.7973755926193951E-01
   276   26.220000             179200  4.7903241900251220E-01
   277   26.315000             179200  4.7814170908551629E-01
   278   26.410000             179200  4.7707502794675494E-01
   279   26.505000             179200  4.7584478998414803E-01
   280   26.600000             179200  4.7446577432465409E-01
   281   26.695000             179200  4.7295542117882911E-01
   282   26.790000             179200  4.7133424969900189E-01
   283   26.885000             179200  4.6962533946216634E-01
   284   26.980000             179200  4.6785302625988823E-01
   285   27.075000             179200  4.6604179623152098E-01
   286   27.170000             179200  4.6421578170028177E-01
   287   27.265000             179200  4.6239838299554004E-01
   288   27.360000             179200  4.6061138407099023E-01
   289   27.455000             179200  4.5887362117691388E-01
   290   27.550000             179200  4.5719988884733387E-01
   291   27.645000             179200  4.5560042259316547E-01
   292   27.740000             179200  4.5408099533199553E-01
   293   27.835000             179200  4.5264356345142864E-01
   294   27.930000             179200  4.5128720638295555E-01
   295   28.025000             179200  4.5000903384399232E-01
   296   28.120000             179200  4.4880457972184162E-01
   297   28.215000             179200  4.4766763391287295E-01
   298   28.310000             179200  4.4659049058893696E-01
   299   28.405000             179200  4.4556526350919062E-01
   300   28.500000             179200  4.4458506081698373E-01
   301   28.595000             179200  4.4364381408937559E-01
   302   28.690000             179200  4.4273526982509492E-01
   303   28.785000             179200  4.4185215159334229E-01
   304   28.880000             179200  4.4098587089394992E-01
   305   28.975000             179200  4.4012652875347019E-01
   306   29.070000             179200  4.3926262174377895E-01
   307   29.165000             179200  4.3838027589840750E-01
   308   29.260000             179200  4.3746288232506980E-01
   309   29.355000             179200  4.3649203162082773E-01
   310   29.450000             179200  4.3544944392432833E-01
   311   29.545000             179200  4.3431878116004485E-01
   312   29.640000             179200  4.3308681403041993E-01
   313   29.735000             179200  4.3174457099332197E-01
   314   29.830000             179200  4.3028884979440873E-01
   315   29.925000             179200  4.2872312234915755E-01
   316   30.020000             179200  4.2705683756771062E-01
   317   30.115000             179200  4.2530372477712375E-01
   318   30.210000             179200  4.2348039305837853E-01
   319   30.305000             179200  4.2160544618038281E-01
   320   30.400000             179200  4.1969870081422805E-01
   321   30.495000             179200  4.1778058628560344E-01
   322   30.590000             179200  4.1587201411931651E-01
   323   30.685000             179200  4.1399434789501321E-01
   324   30.780000             179200  4.1216858695025560E-01
   325   30.875000             179200  4.1041383021259464E-01
   326   30.970000             179200  4.0874613209094945E-01
   327   31.065000             179200  4.0717825680973185E-01
   328   31.160000             179200  4.0571972914087162E-01
   329   31.255000             179200  4.0437648921044833E-01
   330   31.350000             179200  4.0315067263661891E-01
   331   31.445000             179200  4.0204195512226981E-01
   332   31.540000             179200  4.0105009442044709E-01
   333   31.635000             179200  4.0017661416482414E-01
   334   31.730000             179200  3.9942458302321487E-01
   335   31.825000             179200  3.9879726161292861E-01
   336   31.920000             179200  3.9829704033067848E-01
   337   32.015000             179200  3.9792441410089263E-01
   338   32.110000             179200  3.9767618208217276E-01
   339   32.205000             179200  3.9754464705523673E-01
   340   32.300000             179200  3.9751858333304546E-01
   341   32.395000             179200  3.9758413186418617E-01
   342   32.490000             179200  3.9772523048189412E-01
   343   32.585000             179200  3.9792398813832008E-01
   344   32.680000             179200  3.9816020029499166E-01
   345   32.775000             179200  3.9840993435898031E-01
   346   32.870000             179200  3.9864519837054646E-01
   347   32.965000             179200  3.9883577796217762E-01
   348   33.060000             179200  3.9895169260060487E-01
   349   33.155000             179200  3.9896362173187694E-01
   350   33.250000             179200  3.9884118455683570E-01
   351   33.345000             179200  3.9855227719494646E-01
   352   33.440000             179200  3.9806439648567038E-01
   353   33.535000             179200  3.9734584471284834E-01
   354   33.630000             179200  3.9636757578894355E-01
   355   33.725000             179200  3.9510782859924676E-01
   356   33.820000             179200  3.9355769679125696E-01
   357   33.915000             179200  3.9172405747071171E-01
   358   34.010000             179200  3.8962820945558252E-01
   359   34.105000             179200  3.8730156144388250E-01
   360   34.200000             179200  3.8478128012304541E-01
   361   34.295000             179200  3.8210636461413472E-01
   362   34.390000             179200  3.7931311812870172E-01
   363   34.485000             179200  3.7643230368386393E-01
   364   34.580000             179200  3.7349118995364550E-01
   365   34.675000             179200  3.7051901489225780E-01
   366   34.770000             179200  3.6755161063555580E-01
   367   34.865000             179200  3.6463278889236583E-01
   368   34.960000             179200  3.6181250650977903E-01
   369   35.055000             179200  3.5914342052126619E-01
   370   35.150000             179200  3.5667850028770098E-01
   371   35.245000             179200  3.5447052978396743E-01
   372   35.340000             179200  3.5257158141534611E-01
   373   35.435000             179200  3.5103104652263384E-01
   374   35.530000             179200  3.4989202606270886E-01
   375   35.625000             179200  3.4918688932980646E-01
   376   35.720000             179200  3.4893425854436078E-01
   377   35.815000             179200  3.4913890761787758E-01
   378   35.910000             179200  3.4979440154418623E-01
   379   36.005000             179200  3.5088642804662867E-01
   380   36.100000             179200  3.5239429309829184E-01
   381   36.195000             179200  3.5429087790054337E-01
   382   36.290000             179200  3.5654259559990464E-01
   383   36.385000             179200  3.5911046715408046E-01
   384   36.480000             179200  3.6195238140425423E-01
   385   36.575000             179200  3.6502476230907893E-01
   386   36.670000             179200  3.6828417276058545E-01
   387   36.765000             179200  3.7169026291792640E-01
   388   36.860000             179200  3.7520765838786041E-01
   389   36.955000             179200  3.7880633942157882E-01
   390   37.050000             179200  3.8246135870512699E-01
   391   37.145000             179200  3.8615232560874169E-01
   392   37.240000             179200  3.8986304376108161E-01
   393   37.335000             179200  3.9357822676198673E-01
   394   37.430000             179200  3.9727853884984976E-01
   395   37.525000             179200  4.0093689424505830E-01
   396   37.620000             179200  4.0451582654832030E-01
   397   37.715000             179200  4.0796795150510445E-01
   398   37.810000             179200  4.1123913079212832E-01
   399   37.905000             179200  4.1427253546330739E-01
   400   38.000000             179200  4.1701240869445477E-01
   401   38.095000             179200  4.1940624689809441E-01
   402   38.190000             179200  4.2140618195781304E-01
   403   38.285000             179200  4.2296848804646425E-01
   404   38.380000             179200  4.2405313409104417E-01
   405   38.475000             179200  4.2462783421071504E-01
   406   38.570000             179200  4.2467478828680061E-01
   407   38.665000             179200  4.2419747114373951E-01
   408   38.760000             179200  4.2322639053376082E-01
   409   38.855000             179200  4.2182231264579251E-01
   410   38.950000             179200  4.2007420449489935E-01
   411   39.045000             179200  4.1809161854275767E-01
   412   39.140000             179200  4.1599574643790388E-01
   413   39.235000             179200  4.1390984236697997E-01
   414   39.330000             179200  4.1194975698167979E-01
   415   39.425000             179200  4.1021847181256782E-01
   416   39.520000             179200  4.0880380124701243E-01
   417   39.615000             179200  4.0777599275412235E-01
   418   39.710000             179200  4.0718555020060715E-01
   419   39.805000             179200  4.0706264128530723E-01
   420   39.900000             179200  4.0741797212662711E-01
   421   39.995000             179200  4.0824596002507402E-01
   422   40.090000             179200  4.0953024741594574E-01
