! Kinetic energy for species "positrons-up"
  Iter        Time          Total Par.             Kin. Energy
     0   0.0000000             179200  4.9408657380632326E-01
     1  0.95000000E-01         179200  4.9408628220024942E-01
     2  0.19000000             179200  4.9408541179712684E-01
     3  0.28500000             179200  4.9408397557739836E-01
     4  0.38000000             179200  4.9408199458781732E-01
     5  0.47500000             179200  4.9407949759120984E-01
     6  0.57000000             179200  4.9407652078580044E-01
     7  0.66500000             179200  4.9407310732284671E-01
     8  0.76000000             179200  4.9406930664725868E-01
     9  0.85500000             179200  4.9406517381502446E-01
    10  0.95000000             179200  4.9406076865397436E-01
    11   1.0450000             179200  4.9405615470309427E-01
    12   1.1400000             179200  4.9405139830262967E-01
    13   1.2350000             179200  4.9404656798761581E-01
    14   1.3300000             179200  4.9404173370353216E-01
    15   1.4250000             179200  4.9403696555195131E-01
    16   1.5200000             179200  4.9403233244341366E-01
    17   1.6150000             179200  4.9402790103201488E-01
    18   1.7100000             179200  4.9402373492657514E-01
    19   1.8050000             179200  4.9401989408605945E-01
    20   1.9000000             179200  4.9401643418656210E-01
    21   1.9950000             179200  4.9401340559506057E-01
    22   2.0900000             179200  4.9401085206856854E-01
    23   2.1850000             179200  4.9400880993413032E-01
    24   2.2800000             179200  4.9400730804800286E-01
    25   2.3750000             179200  4.9400636783929064E-01
    26   2.4700000             179200  4.9400600292543523E-01
    27   2.5650000             179200  4.9400621872861350E-01
    28   2.6600000             179200  4.9400701239534195E-01
    29   2.7550000             179200  4.9400837260578884E-01
    30   2.8500000             179200  4.9401027934609398E-01
    31   2.9450000             179200  4.9401270445339268E-01
    32   3.0400000             179200  4.9401561278259232E-01
    33   3.1350000             179200  4.9401896277642671E-01
    34   3.2300000             179200  4.9402270636943207E-01
    35   3.3250000             179200  4.9402678945450362E-01
    36   3.4200000             179200  4.9403115301593398E-01
    37   3.5150000             179200  4.9403573390171862E-01
    38   3.6100000             179200  4.9404046540260194E-01
    39   3.7050000             179200  4.9404527851411384E-01
    40   3.8000000             179200  4.9405010337081079E-01
    41   3.8950000             179200  4.9405487004834958E-01
    42   3.9900000             179200  4.9405950933432952E-01
    43   4.0850000             179200  4.9406395394594649E-01
    44   4.1800000             179200  4.9406813953761680E-01
    45   4.2750000             179200  4.9407200544687391E-01
    46   4.3700000             179200  4.9407549584835986E-01
    47   4.4650000             179200  4.9407856080461343E-01
    48   4.5600000             179200  4.9408115622335047E-01
    49   4.6550000             179200  4.9408324357818334E-01
    50   4.7500000             179200  4.9408479107404518E-01
    51   4.8450000             179200  4.9408577566066730E-01
    52   4.9400000             179200  4.9408618355698353E-01
    53   5.0350000             179200  4.9408600898115301E-01
    54   5.1300000             179200  4.9408525334574693E-01
    55   5.2250000             179200  4.9408392600929307E-01
    56   5.3200000             179200  4.9408204510265175E-01
    57   5.4150000             179200  4.9407963732114946E-01
    58   5.5100000             179200  4.9407673734110297E-01
    59   5.6050000             179200  4.9407338724631733E-01
    60   5.7000000             179200  4.9406963542968013E-01
    61   5.7950000             179200  4.9406553517625784E-01
    62   5.8900000             179200  4.9406114385305161E-01
    63   5.9850000             179200  4.9405652273507950E-01
    64   6.0800000             179200  4.9405173676710062E-01
    65   6.1750000             179200  4.9404685399134102E-01
    66   6.2700000             179200  4.9404194453214578E-01
    67   6.3650000             179200  4.9403707891075394E-01
    68   6.4600000             179200  4.9403232613234582E-01
    69   6.5550000             179200  4.9402775237925395E-01
    70   6.6500000             179200  4.9402342042074648E-01
    71   6.7450000             179200  4.9401938943121149E-01
    72   6.8400000             179200  4.9401571499334129E-01
    73   6.9350000             179200  4.9401244860811772E-01
    74   7.0300000             179200  4.9400963609958282E-01
    75   7.1250000             179200  4.9400731570539164E-01
    76   7.2200000             179200  4.9400551733693032E-01
    77   7.3150000             179200  4.9400426316042956E-01
    78   7.4100000             179200  4.9400356806064882E-01
    79   7.5050000             179200  4.9400343883809483E-01
    80   7.6000000             179200  4.9400387292512360E-01
    81   7.6950000             179200  4.9400485836615676E-01
    82   7.7900000             179200  4.9400637512275164E-01
    83   7.8850000             179200  4.9400839591340984E-01
    84   7.9800000             179200  4.9401088583021890E-01
    85   8.0750000             179200  4.9401380211948009E-01
    86   8.1700000             179200  4.9401709528391913E-01
    87   8.2650000             179200  4.9402071071756898E-01
    88   8.3600000             179200  4.9402458929656723E-01
    89   8.4550000             179200  4.9402866644826687E-01
    90   8.5500000             179200  4.9403287119328193E-01
    91   8.6450000             179200  4.9403712774386843E-01
    92   8.7400000             179200  4.9404136031372431E-01
    93   8.8350000             179200  4.9404549786590896E-01
    94   8.9300000             179200  4.9404947466671562E-01
    95   9.0250000             179200  4.9405322666588525E-01
    96   9.1200000             179200  4.9405668763890043E-01
    97   9.2150000             179200  4.9405978817051427E-01
    98   9.3100000             179200  4.9406245776124419E-01
    99   9.4050000             179200  4.9406462921011840E-01
   100   9.5000000             179200  4.9406624344248390E-01
   101   9.5950000             179200  4.9406725188418432E-01
   102   9.6900000             179200  4.9406761566951152E-01
   103   9.7850000             179200  4.9406730438491403E-01
   104   9.8800000             179200  4.9406629589756801E-01
   105   9.9750000             179200  4.9406457563010653E-01
   106   10.070000             179200  4.9406213470192600E-01
   107   10.165000             179200  4.9405896891116935E-01
   108   10.260000             179200  4.9405507955277028E-01
   109   10.355000             179200  4.9405047532238122E-01
   110   10.450000             179200  4.9404517446730523E-01
   111   10.545000             179200  4.9403920527641154E-01
   112   10.640000             179200  4.9403260248721270E-01
   113   10.735000             179200  4.9402540107291226E-01
   114   10.830000             179200  4.9401763249811187E-01
   115   10.925000             179200  4.9400932576712603E-01
   116   11.020000             179200  4.9400051089174352E-01
   117   11.115000             179200  4.9399122211069174E-01
   118   11.210000             179200  4.9398149970908417E-01
   119   11.305000             179200  4.9397138910351046E-01
   120   11.400000             179200  4.9396093630022059E-01
   121   11.495000             179200  4.9395018092264253E-01
   122   11.590000             179200  4.9393914954543788E-01
   123   11.685000             179200  4.9392785270565531E-01
   124   11.780000             179200  4.9391628786028691E-01
   125   11.875000             179200  4.9390444575184850E-01
   126   11.970000             179200  4.9389231357803209E-01
   127   12.065000             179200  4.9387987202734185E-01
   128   12.160000             179200  4.9386709064912737E-01
   129   12.255000             179200  4.9385392676198830E-01
   130   12.350000             179200  4.9384032694010904E-01
   131   12.445000             179200  4.9382622598162823E-01
   132   12.540000             179200  4.9381154045717368E-01
   133   12.635000             179200  4.9379615939232979E-01
   134   12.730000             179200  4.9377993874211407E-01
   135   12.825000             179200  4.9376270602609579E-01
   136   12.920000             179200  4.9374427602366178E-01
   137   13.015000             179200  4.9372447022566779E-01
   138   13.110000             179200  4.9370312723158749E-01
   139   13.205000             179200  4.9368009390360690E-01
   140   13.300000             179200  4.9365519915430595E-01
   141   13.395000             179200  4.9362822612246415E-01
   142   13.490000             179200  4.9359890073505464E-01
   143   13.585000             179200  4.9356690182800111E-01
   144   13.680000             179200  4.9353188365419848E-01
   145   13.775000             179200  4.9349349827761868E-01
   146   13.870000             179200  4.9345140948778754E-01
   147   13.965000             179200  4.9340529413415768E-01
   148   14.060000             179200  4.9335483165877547E-01
   149   14.155000             179200  4.9329968716085426E-01
   150   14.250000             179200  4.9323949427436675E-01
   151   14.345000             179200  4.9317384491592786E-01
   152   14.440000             179200  4.9310229438519848E-01
   153   14.535000             179200  4.9302438303265284E-01
   154   14.630000             179200  4.9293965929272981E-01
   155   14.725000             179200  4.9284768405902035E-01
   156   14.820000             179200  4.9274801372052313E-01
   157   14.915000             179200  4.9264017719773778E-01
   158   15.010000             179200  4.9252366133613767E-01
   159   15.105000             179200  4.9239791058996463E-01
   160   15.200000             179200  4.9226234329555651E-01
   161   15.295000             179200  4.9211637918667772E-01
   162   15.390000             179200  4.9195945860788226E-01
   163   15.485000             179200  4.9179103524997037E-01
   164   15.580000             179200  4.9161054974095875E-01
   165   15.675000             179200  4.9141741276069895E-01
   166   15.770000             179200  4.9121101394865024E-01
   167   15.865000             179200  4.9099074064780635E-01
   168   15.960000             179200  4.9075598481644755E-01
   169   16.055000             179200  4.9050614339444226E-01
   170   16.150000             179200  4.9024062773766408E-01
   171   16.245000             179200  4.8995887221172202E-01
   172   16.340000             179200  4.8966032096058004E-01
   173   16.435000             179200  4.8934440771821142E-01
   174   16.530000             179200  4.8901056488613959E-01
   175   16.625000             179200  4.8865826016118208E-01
   176   16.720000             179200  4.8828702457945494E-01
   177   16.815000             179200  4.8789644578127511E-01
   178   16.910000             179200  4.8748612895326293E-01
   179   17.005000             179200  4.8705565147241736E-01
   180   17.100000             179200  4.8660454254305752E-01
   181   17.195000             179200  4.8613230555213438E-01
   182   17.290000             179200  4.8563846670997901E-01
   183   17.385000             179200  4.8512261907214327E-01
   184   17.480000             179200  4.8458443043065169E-01
   185   17.575000             179200  4.8402358920852573E-01
   186   17.670000             179200  4.8343973481030988E-01
   187   17.765000             179200  4.8283247592455825E-01
   188   17.860000             179200  4.8220148885812575E-01
   189   17.955000             179200  4.8154655019763115E-01
   190   18.050000             179200  4.8086743720797287E-01
   191   18.145000             179200  4.8016380253529117E-01
   192   18.240000             179200  4.7943515225346817E-01
   193   18.335000             179200  4.7868094728623095E-01
   194   18.430000             179200  4.7790074214828732E-01
   195   18.525000             179200  4.7709425731944610E-01
   196   18.620000             179200  4.7626135767951389E-01
   197   18.715000             179200  4.7540204861337915E-01
   198   18.810000             179200  4.7451662414243123E-01
   199   18.905000             179200  4.7360593221760033E-01
   200   19.000000             179200  4.7267161801953123E-01
   201   19.095000             179200  4.7171626136439249E-01
   202   19.190000             179200  4.7074344043360278E-01
   203   19.285000             179200  4.6975778959170955E-01
   204   19.380000             179200  4.6876504579933237E-01
   205   19.475000             179200  4.6777201809445568E-01
   206   19.570000             179200  4.6678646113982142E-01
   207   19.665000             179200  4.6581693263976642E-01
   208   19.760000             179200  4.6487267298462986E-01
   209   19.855000             179200  4.6396344827420233E-01
   210   19.950000             179200  4.6309933099445999E-01
   211   20.045000             179200  4.6229047116136301E-01
   212   20.140000             179200  4.6154692462852515E-01
   213   20.235000             179200  4.6087851127999502E-01
   214   20.330000             179200  4.6029463348881960E-01
   215   20.425000             179200  4.5980402594321140E-01
   216   20.520000             179200  4.5941444258421776E-01
   217   20.615000             179200  4.5913236137862523E-01
   218   20.710000             179200  4.5896281380121706E-01
   219   20.805000             179200  4.5890931610072672E-01
   220   20.900000             179200  4.5897378630693370E-01
   221   20.995000             179200  4.5915648788634145E-01
   222   21.090000             179200  4.5945611926869706E-01
   223   21.185000             179200  4.5987001154752222E-01
   224   21.280000             179200  4.6039426818930579E-01
   225   21.375000             179200  4.6102389086387174E-01
   226   21.470000             179200  4.6175312607789054E-01
   227   21.565000             179200  4.6257585244242028E-01
   228   21.660000             179200  4.6348556137358476E-01
   229   21.755000             179200  4.6447490841153977E-01
   230   21.850000             179200  4.6553534992023698E-01
   231   21.945000             179200  4.6665711700204460E-01
   232   22.040000             179200  4.6782916825790982E-01
   233   22.135000             179200  4.6903893732817759E-01
   234   22.230000             179200  4.7027214768297476E-01
   235   22.325000             179200  4.7151299228162469E-01
   236   22.420000             179200  4.7274448229244781E-01
   237   22.515000             179200  4.7394858141694063E-01
   238   22.610000             179200  4.7510624162359277E-01
   239   22.705000             179200  4.7619774428034489E-01
   240   22.800000             179200  4.7720335994391577E-01
   241   22.895000             179200  4.7810389962940081E-01
   242   22.990000             179200  4.7888110526329641E-01
   243   23.085000             179200  4.7951816277801185E-01
   244   23.180000             179200  4.8000023344439824E-01
   245   23.275000             179200  4.8031472242001200E-01
   246   23.370000             179200  4.8045134219605734E-01
   247   23.465000             179200  4.8040229745906576E-01
   248   23.560000             179200  4.8016260221549217E-01
   249   23.655000             179200  4.7973031442729425E-01
   250   23.750000             179200  4.7910664763260830E-01
   251   23.845000             179200  4.7829579189847243E-01
   252   23.940000             179200  4.7730442289379610E-01
   253   24.035000             179200  4.7614139808424127E-01
   254   24.130000             179200  4.7481787759626926E-01
   255   24.225000             179200  4.7334738166869122E-01
   256   24.320000             179200  4.7174546946018697E-01
   257   24.415000             179200  4.7002952202534898E-01
   258   24.510000             179200  4.6821893075632248E-01
   259   24.605000             179200  4.6633507490512727E-01
   260   24.700000             179200  4.6440051320091397E-01
   261   24.795000             179200  4.6243800769933890E-01
   262   24.890000             179200  4.6047038615164876E-01
   263   24.985000             179200  4.5852096430882067E-01
   264   25.080000             179200  4.5661344685256244E-01
   265   25.175000             179200  4.5477103387846052E-01
   266   25.270000             179200  4.5301531488294328E-01
   267   25.365000             179200  4.5136557491724183E-01
   268   25.460000             179200  4.4983883731920871E-01
   269   25.555000             179200  4.4845032687918457E-01
   270   25.650000             179200  4.4721346268059653E-01
   271   25.745000             179200  4.4613906285704441E-01
   272   25.840000             179200  4.4523470189473652E-01
   273   25.935000             179200  4.4450500210598259E-01
   274   26.030000             179200  4.4395229978868911E-01
   275   26.125000             179200  4.4357664818747555E-01
   276   26.220000             179200  4.4337504990652060E-01
   277   26.315000             179200  4.4334104844060512E-01
   278   26.410000             179200  4.4346539574334320E-01
   279   26.505000             179200  4.4373719766312392E-01
   280   26.600000             179200  4.4414452373344204E-01
   281   26.695000             179200  4.4467433883372709E-01
   282   26.790000             179200  4.4531252295667623E-01
   283   26.885000             179200  4.4604436781733448E-01
   284   26.980000             179200  4.4685513065123761E-01
   285   27.075000             179200  4.4773003781616005E-01
   286   27.170000             179200  4.4865377908094051E-01
   287   27.265000             179200  4.4961029653039042E-01
   288   27.360000             179200  4.5058332067048579E-01
   289   27.455000             179200  4.5155693626629412E-01
   290   27.550000             179200  4.5251535833058287E-01
   291   27.645000             179200  4.5344235651048692E-01
   292   27.740000             179200  4.5432157167952048E-01
   293   27.835000             179200  4.5513789404028354E-01
   294   27.930000             179200  4.5587865507372705E-01
   295   28.025000             179200  4.5653384605354674E-01
   296   28.120000             179200  4.5709606241395284E-01
   297   28.215000             179200  4.5756115225939598E-01
   298   28.310000             179200  4.5792929948388084E-01
   299   28.405000             179200  4.5820534548919295E-01
   300   28.500000             179200  4.5839790959000720E-01
   301   28.595000             179200  4.5851823964842314E-01
   302   28.690000             179200  4.5857963772901550E-01
   303   28.785000             179200  4.5859707881328676E-01
   304   28.880000             179200  4.5858643241442532E-01
   305   28.975000             179200  4.5856340888994046E-01
   306   29.070000             179200  4.5854256728086346E-01
   307   29.165000             179200  4.5853649723656875E-01
   308   29.260000             179200  4.5855514025674943E-01
   309   29.355000             179200  4.5860545460729929E-01
   310   29.450000             179200  4.5869167823186591E-01
   311   29.545000             179200  4.5881606454988566E-01
   312   29.640000             179200  4.5897967642647075E-01
   313   29.735000             179200  4.5918302060261840E-01
   314   29.830000             179200  4.5942653780793818E-01
   315   29.925000             179200  4.5971079709143264E-01
   316   30.020000             179200  4.6003636844765466E-01
   317   30.115000             179200  4.6040338439213685E-01
   318   30.210000             179200  4.6081071835879384E-01
   319   30.305000             179200  4.6125475474105487E-01
   320   30.400000             179200  4.6172785920694415E-01
   321   30.495000             179200  4.6221709700959834E-01
   322   30.590000             179200  4.6270377586858230E-01
   323   30.685000             179200  4.6316386358695599E-01
   324   30.780000             179200  4.6356908883639292E-01
   325   30.875000             179200  4.6388896895042736E-01
   326   30.970000             179200  4.6409352050539687E-01
   327   31.065000             179200  4.6415503326807633E-01
   328   31.160000             179200  4.6404836924242238E-01
   329   31.255000             179200  4.6375170137287003E-01
   330   31.350000             179200  4.6324861382649696E-01
   331   31.445000             179200  4.6252920030007794E-01
   332   31.540000             179200  4.6158890018786325E-01
   333   31.635000             179200  4.6042769797369765E-01
   334   31.730000             179200  4.5905123099608458E-01
   335   31.825000             179200  4.5747149399576142E-01
   336   31.920000             179200  4.5570572707428258E-01
   337   32.015000             179200  4.5377507272692463E-01
   338   32.110000             179200  4.5170381574657748E-01
   339   32.205000             179200  4.4951825634949072E-01
   340   32.300000             179200  4.4724523576469050E-01
   341   32.395000             179200  4.4491182075179669E-01
   342   32.490000             179200  4.4254766281292846E-01
   343   32.585000             179200  4.4018864647786293E-01
   344   32.680000             179200  4.3787724629450731E-01
   345   32.775000             179200  4.3565724716436799E-01
   346   32.870000             179200  4.3356611205284495E-01
   347   32.965000             179200  4.3162934066310432E-01
   348   33.060000             179200  4.2985700314791919E-01
   349   33.155000             179200  4.2824306932739420E-01
   350   33.250000             179200  4.2676950817870007E-01
   351   33.345000             179200  4.2541230740640779E-01
   352   33.440000             179200  4.2414562090533897E-01
   353   33.535000             179200  4.2294462157279422E-01
   354   33.630000             179200  4.2178906267263327E-01
   355   33.725000             179200  4.2066772508312544E-01
   356   33.820000             179200  4.1958211905457743E-01
   357   33.915000             179200  4.1854715548216070E-01
   358   34.010000             179200  4.1758813002373241E-01
   359   34.105000             179200  4.1673535513943261E-01
   360   34.200000             179200  4.1601755696688292E-01
   361   34.295000             179200  4.1545565120676298E-01
   362   34.390000             179200  4.1505886489244564E-01
   363   34.485000             179200  4.1482318081148339E-01
   364   34.580000             179200  4.1473214135602299E-01
   365   34.675000             179200  4.1476152600091065E-01
   366   34.770000             179200  4.1488616563042513E-01
   367   34.865000             179200  4.1508502067071640E-01
   368   34.960000             179200  4.1534381665866182E-01
   369   35.055000             179200  4.1565465879803715E-01
   370   35.150000             179200  4.1601253697683427E-01
   371   35.245000             179200  4.1641205756056177E-01
   372   35.340000             179200  4.1684657014537896E-01
   373   35.435000             179200  4.1730860587792962E-01
   374   35.530000             179200  4.1779016340820163E-01
   375   35.625000             179200  4.1828284302048135E-01
   376   35.720000             179200  4.1877685644462448E-01
   377   35.815000             179200  4.1925970314352889E-01
   378   35.910000             179200  4.1971761834928412E-01
   379   36.005000             179200  4.2013796520641822E-01
   380   36.100000             179200  4.2051016925353302E-01
   381   36.195000             179200  4.2082506759393734E-01
   382   36.290000             179200  4.2107214312148616E-01
   383   36.385000             179200  4.2123548292104257E-01
   384   36.480000             179200  4.2129133873419189E-01
   385   36.575000             179200  4.2121106976903766E-01
   386   36.670000             179200  4.2096665970293845E-01
   387   36.765000             179200  4.2053376338071075E-01
   388   36.860000             179200  4.1989410719779030E-01
   389   36.955000             179200  4.1903828331338822E-01
   390   37.050000             179200  4.1796674152218616E-01
   391   37.145000             179200  4.1668958755362451E-01
   392   37.240000             179200  4.1522831783471409E-01
   393   37.335000             179200  4.1361769356200739E-01
   394   37.430000             179200  4.1190169551965294E-01
   395   37.525000             179200  4.1012782121271790E-01
   396   37.620000             179200  4.0834606781151428E-01
   397   37.715000             179200  4.0660846581225074E-01
   398   37.810000             179200  4.0496740378147844E-01
   399   37.905000             179200  4.0347462029351977E-01
   400   38.000000             179200  4.0218244466507591E-01
   401   38.095000             179200  4.0114691396495761E-01
   402   38.190000             179200  4.0042896555877766E-01
   403   38.285000             179200  4.0009060486551301E-01
   404   38.380000             179200  4.0018461391385401E-01
   405   38.475000             179200  4.0074139772195683E-01
   406   38.570000             179200  4.0176109028741480E-01
   407   38.665000             179200  4.0321576982615659E-01
   408   38.760000             179200  4.0506063531968634E-01
   409   38.855000             179200  4.0724743788919759E-01
   410   38.950000             179200  4.0973119075428149E-01
   411   39.045000             179200  4.1246756077394497E-01
   412   39.140000             179200  4.1540638624041626E-01
   413   39.235000             179200  4.1848763099164232E-01
   414   39.330000             179200  4.2164272018501747E-01
   415   39.425000             179200  4.2480007572991879E-01
   416   39.520000             179200  4.2789127090326851E-01
   417   39.615000             179200  4.3085426815943279E-01
   418   39.710000             179200  4.3363253781505029E-01
   419   39.805000             179200  4.3617330332272242E-01
   420   39.900000             179200  4.3842674916550695E-01
   421   39.995000             179200  4.4034472294013649E-01
   422   40.090000             179200  4.4188116302241665E-01
