! Kinetic energy for species "electrons-up"
  Iter        Time          Total Par.             Kin. Energy
     0   0.0000000             179200  4.9404990057032333E-01
     1  0.95000000E-01         179200  4.9405019066811190E-01
     2  0.19000000             179200  4.9405105691884654E-01
     3  0.28500000             179200  4.9405248712305783E-01
     4  0.38000000             179200  4.9405446089967830E-01
     5  0.47500000             179200  4.9405694990660143E-01
     6  0.57000000             179200  4.9405991827789930E-01
     7  0.66500000             179200  4.9406332321527868E-01
     8  0.76000000             179200  4.9406711566245959E-01
     9  0.85500000             179200  4.9407124097707300E-01
    10  0.95000000             179200  4.9407563961843504E-01
    11   1.0450000             179200  4.9408024798180156E-01
    12   1.1400000             179200  4.9408499941093498E-01
    13   1.2350000             179200  4.9408982526891482E-01
    14   1.3300000             179200  4.9409465597974955E-01
    15   1.4250000             179200  4.9409942200158474E-01
    16   1.5200000             179200  4.9410405465807417E-01
    17   1.6150000             179200  4.9410848688750675E-01
    18   1.7100000             179200  4.9411265416427153E-01
    19   1.8050000             179200  4.9411649570117000E-01
    20   1.9000000             179200  4.9411995567690803E-01
    21   1.9950000             179200  4.9412298412511885E-01
    22   2.0900000             179200  4.9412553744252641E-01
    23   2.1850000             179200  4.9412757883814185E-01
    24   2.2800000             179200  4.9412907886513824E-01
    25   2.3750000             179200  4.9413001576076060E-01
    26   2.4700000             179200  4.9413037557076095E-01
    27   2.5650000             179200  4.9413015253231390E-01
    28   2.6600000             179200  4.9412934976353290E-01
    29   2.7550000             179200  4.9412797949275494E-01
    30   2.8500000             179200  4.9412606232297007E-01
    31   2.9450000             179200  4.9412362612191219E-01
    32   3.0400000             179200  4.9412070546873010E-01
    33   3.1350000             179200  4.9411734172940680E-01
    34   3.2300000             179200  4.9411358307563602E-01
    35   3.3250000             179200  4.9410948400893251E-01
    36   3.4200000             179200  4.9410510436965138E-01
    37   3.5150000             179200  4.9410050788325111E-01
    38   3.6100000             179200  4.9409576068958838E-01
    39   3.7050000             179200  4.9409093050828412E-01
    40   3.8000000             179200  4.9408608627212075E-01
    41   3.8950000             179200  4.9408129754439145E-01
    42   3.9900000             179200  4.9407663361728099E-01
    43   4.0850000             179200  4.9407216238903440E-01
    44   4.1800000             179200  4.9406794883832916E-01
    45   4.2750000             179200  4.9406405341176052E-01
    46   4.3700000             179200  4.9406053115540971E-01
    47   4.4650000             179200  4.9405743174494809E-01
    48   4.5600000             179200  4.9405479957690912E-01
    49   4.6550000             179200  4.9405267314369650E-01
    50   4.7500000             179200  4.9405108385854890E-01
    51   4.8450000             179200  4.9405005497586707E-01
    52   4.9400000             179200  4.9404960088684546E-01
    53   5.0350000             179200  4.9404972691170668E-01
    54   5.1300000             179200  4.9405042974847274E-01
    55   5.2250000             179200  4.9405169815918204E-01
    56   5.3200000             179200  4.9405351320782254E-01
    57   5.4150000             179200  4.9405584818364945E-01
    58   5.5100000             179200  4.9405866880107435E-01
    59   5.6050000             179200  4.9406193370916518E-01
    60   5.7000000             179200  4.9406559508997006E-01
    61   5.7950000             179200  4.9406959949243545E-01
    62   5.8900000             179200  4.9407388888050058E-01
    63   5.9850000             179200  4.9407840117658386E-01
    64   6.0800000             179200  4.9408307006593399E-01
    65   6.1750000             179200  4.9408782549014296E-01
    66   6.2700000             179200  4.9409259596915600E-01
    67   6.3650000             179200  4.9409731108595339E-01
    68   6.4600000             179200  4.9410190190085046E-01
    69   6.5550000             179200  4.9410630032932201E-01
    70   6.6500000             179200  4.9411044004362809E-01
    71   6.7450000             179200  4.9411425870042941E-01
    72   6.8400000             179200  4.9411769933371807E-01
    73   6.9350000             179200  4.9412071041044198E-01
    74   7.0300000             179200  4.9412324577383226E-01
    75   7.1250000             179200  4.9412526532558054E-01
    76   7.2200000             179200  4.9412673645264776E-01
    77   7.3150000             179200  4.9412763546647509E-01
    78   7.4100000             179200  4.9412794775377300E-01
    79   7.5050000             179200  4.9412766649386441E-01
    80   7.6000000             179200  4.9412679169209361E-01
    81   7.6950000             179200  4.9412533056148894E-01
    82   7.7900000             179200  4.9412329811760580E-01
    83   7.8850000             179200  4.9412071716180933E-01
    84   7.9800000             179200  4.9411761830031309E-01
    85   8.0750000             179200  4.9411403993161834E-01
    86   8.1700000             179200  4.9411002724250708E-01
    87   8.2650000             179200  4.9410563074062097E-01
    88   8.3600000             179200  4.9410090569132670E-01
    89   8.4550000             179200  4.9409591177457518E-01
    90   8.5500000             179200  4.9409071128176085E-01
    91   8.6450000             179200  4.9408536691415961E-01
    92   8.7400000             179200  4.9407994208620643E-01
    93   8.8350000             179200  4.9407450345806453E-01
    94   8.9300000             179200  4.9406912160787819E-01
    95   9.0250000             179200  4.9406386726423501E-01
    96   9.1200000             179200  4.9405880520609813E-01
    97   9.2150000             179200  4.9405398989841842E-01
    98   9.3100000             179200  4.9404946520484994E-01
    99   9.4050000             179200  4.9404526761526846E-01
   100   9.5000000             179200  4.9404143005802009E-01
   101   9.5950000             179200  4.9403798310513342E-01
   102   9.6900000             179200  4.9403495304805001E-01
   103   9.7850000             179200  4.9403235935128065E-01
   104   9.8800000             179200  4.9403021349587728E-01
   105   9.9750000             179200  4.9402851799092168E-01
   106   10.070000             179200  4.9402726372572209E-01
   107   10.165000             179200  4.9402642738967439E-01
   108   10.260000             179200  4.9402597282683119E-01
   109   10.355000             179200  4.9402585683139483E-01
   110   10.450000             179200  4.9402603478813334E-01
   111   10.545000             179200  4.9402646076809942E-01
   112   10.640000             179200  4.9402708134313522E-01
   113   10.735000             179200  4.9402782816025365E-01
   114   10.830000             179200  4.9402861562332478E-01
   115   10.925000             179200  4.9402934560981204E-01
   116   11.020000             179200  4.9402991559623882E-01
   117   11.115000             179200  4.9403022510281691E-01
   118   11.210000             179200  4.9403017807722416E-01
   119   11.305000             179200  4.9402968151318227E-01
   120   11.400000             179200  4.9402864138917402E-01
   121   11.495000             179200  4.9402695800754776E-01
   122   11.590000             179200  4.9402452376089012E-01
   123   11.685000             179200  4.9402122453558955E-01
   124   11.780000             179200  4.9401694336116053E-01
   125   11.875000             179200  4.9401156498370236E-01
   126   11.970000             179200  4.9400498035075369E-01
   127   12.065000             179200  4.9399708862627123E-01
   128   12.160000             179200  4.9398779535876369E-01
   129   12.255000             179200  4.9397700931702870E-01
   130   12.350000             179200  4.9396464112239391E-01
   131   12.445000             179200  4.9395060268458268E-01
   132   12.540000             179200  4.9393480366802894E-01
   133   12.635000             179200  4.9391714410184567E-01
   134   12.730000             179200  4.9389750816997741E-01
   135   12.825000             179200  4.9387576689602219E-01
   136   12.920000             179200  4.9385179264353141E-01
   137   13.015000             179200  4.9382547849187752E-01
   138   13.110000             179200  4.9379674878387830E-01
   139   13.205000             179200  4.9376555014529305E-01
   140   13.300000             179200  4.9373182436859075E-01
   141   13.395000             179200  4.9369547747436393E-01
   142   13.490000             179200  4.9365636311168981E-01
   143   13.585000             179200  4.9361428917224293E-01
   144   13.680000             179200  4.9356904042807842E-01
   145   13.775000             179200  4.9352040053675533E-01
   146   13.870000             179200  4.9346816163644863E-01
   147   13.965000             179200  4.9341212135530782E-01
   148   14.060000             179200  4.9335207214923987E-01
   149   14.155000             179200  4.9328778590797656E-01
   150   14.250000             179200  4.9321899694883853E-01
   151   14.345000             179200  4.9314539020766490E-01
   152   14.440000             179200  4.9306660149942383E-01
   153   14.535000             179200  4.9298223138926167E-01
   154   14.630000             179200  4.9289186562199588E-01
   155   14.725000             179200  4.9279508674284689E-01
   156   14.820000             179200  4.9269146320391521E-01
   157   14.915000             179200  4.9258052002562286E-01
   158   15.010000             179200  4.9246171511078862E-01
   159   15.105000             179200  4.9233444162393492E-01
   160   15.200000             179200  4.9219805024588648E-01
   161   15.295000             179200  4.9205186988308180E-01
   162   15.390000             179200  4.9189521614581311E-01
   163   15.485000             179200  4.9172739055702347E-01
   164   15.580000             179200  4.9154767303237940E-01
   165   15.675000             179200  4.9135530942263639E-01
   166   15.770000             179200  4.9114950485430842E-01
   167   15.865000             179200  4.9092943664673050E-01
   168   15.960000             179200  4.9069428494161066E-01
   169   16.055000             179200  4.9044325596126015E-01
   170   16.150000             179200  4.9017557330972483E-01
   171   16.245000             179200  4.8989044622468769E-01
   172   16.340000             179200  4.8958705637145705E-01
   173   16.435000             179200  4.8926459007469369E-01
   174   16.530000             179200  4.8892228413478944E-01
   175   16.625000             179200  4.8855943765438797E-01
   176   16.720000             179200  4.8817539859387094E-01
   177   16.815000             179200  4.8776956427553803E-01
   178   16.910000             179200  4.8734139174422536E-01
   179   17.005000             179200  4.8689039045984678E-01
   180   17.100000             179200  4.8641610763176968E-01
   181   17.195000             179200  4.8591812430027448E-01
   182   17.290000             179200  4.8539605929877794E-01
   183   17.385000             179200  4.8484959828966506E-01
   184   17.480000             179200  4.8427856494197219E-01
   185   17.575000             179200  4.8368297954019213E-01
   186   17.670000             179200  4.8306303326317790E-01
   187   17.765000             179200  4.8241900002016036E-01
   188   17.860000             179200  4.8175117623524821E-01
   189   17.955000             179200  4.8105990995900805E-01
   190   18.050000             179200  4.8034570820830386E-01
   191   18.145000             179200  4.7960933873377087E-01
   192   18.240000             179200  4.7885182421663414E-01
   193   18.335000             179200  4.7807433037364616E-01
   194   18.430000             179200  4.7727805730466266E-01
   195   18.525000             179200  4.7646423568570262E-01
   196   18.620000             179200  4.7563428618051812E-01
   197   18.715000             179200  4.7479006872634605E-01
   198   18.810000             179200  4.7393400845393152E-01
   199   18.905000             179200  4.7306901697193127E-01
   200   19.000000             179200  4.7219839150801679E-01
   201   19.095000             179200  4.7132582350632157E-01
   202   19.190000             179200  4.7045545228886487E-01
   203   19.285000             179200  4.6959188428920867E-01
   204   19.380000             179200  4.6874017831019088E-01
   205   19.475000             179200  4.6790579164127682E-01
   206   19.570000             179200  4.6709437216468719E-01
   207   19.665000             179200  4.6631138625420804E-01
   208   19.760000             179200  4.6556173471762929E-01
   209   19.855000             179200  4.6484948709744689E-01
   210   19.950000             179200  4.6417780463052205E-01
   211   20.045000             179200  4.6354902412460947E-01
   212   20.140000             179200  4.6296475509586371E-01
   213   20.235000             179200  4.6242580086590412E-01
   214   20.330000             179200  4.6193192432992286E-01
   215   20.425000             179200  4.6148174674720849E-01
   216   20.520000             179200  4.6107297885791043E-01
   217   20.615000             179200  4.6070274841147452E-01
   218   20.710000             179200  4.6036763131308900E-01
   219   20.805000             179200  4.6006340014362918E-01
   220   20.900000             179200  4.5978489371604114E-01
   221   20.995000             179200  4.5952626871439828E-01
   222   21.090000             179200  4.5928136980371526E-01
   223   21.185000             179200  4.5904388641821919E-01
   224   21.280000             179200  4.5880740913326823E-01
   225   21.375000             179200  4.5856568704310635E-01
   226   21.470000             179200  4.5831299054536523E-01
   227   21.565000             179200  4.5804424507911201E-01
   228   21.660000             179200  4.5775510335547226E-01
   229   21.755000             179200  4.5744232373275140E-01
   230   21.850000             179200  4.5710424524091986E-01
   231   21.945000             179200  4.5674092301517805E-01
   232   22.040000             179200  4.5635413646407597E-01
   233   22.135000             179200  4.5594766711914958E-01
   234   22.230000             179200  4.5552752710128286E-01
   235   22.325000             179200  4.5510166788777318E-01
   236   22.420000             179200  4.5467945596308118E-01
   237   22.515000             179200  4.5427156373104000E-01
   238   22.610000             179200  4.5389015387715975E-01
   239   22.705000             179200  4.5354870342144804E-01
   240   22.800000             179200  4.5326128069164701E-01
   241   22.895000             179200  4.5304180575504660E-01
   242   22.990000             179200  4.5290376483473938E-01
   243   23.085000             179200  4.5286011740088777E-01
   244   23.180000             179200  4.5292295258743331E-01
   245   23.275000             179200  4.5310293582939010E-01
   246   23.370000             179200  4.5340887851351575E-01
   247   23.465000             179200  4.5384748635789773E-01
   248   23.560000             179200  4.5442303376369658E-01
   249   23.655000             179200  4.5513692286276175E-01
   250   23.750000             179200  4.5598745564582166E-01
   251   23.845000             179200  4.5696988365728930E-01
   252   23.940000             179200  4.5807649615355084E-01
   253   24.035000             179200  4.5929666014131176E-01
   254   24.130000             179200  4.6061691932997900E-01
   255   24.225000             179200  4.6202135763505381E-01
   256   24.320000             179200  4.6349237852404301E-01
   257   24.415000             179200  4.6501158714990060E-01
   258   24.510000             179200  4.6656010785991103E-01
   259   24.605000             179200  4.6811828147227691E-01
   260   24.700000             179200  4.6966558213504217E-01
   261   24.795000             179200  4.7118138004826510E-01
   262   24.890000             179200  4.7264594806788829E-01
   263   24.985000             179200  4.7404073516885759E-01
   264   25.080000             179200  4.7534784981406131E-01
   265   25.175000             179200  4.7654955114185704E-01
   266   25.270000             179200  4.7762847611433479E-01
   267   25.365000             179200  4.7856849661590900E-01
   268   25.460000             179200  4.7935545230574539E-01
   269   25.555000             179200  4.7997708892705393E-01
   270   25.650000             179200  4.8042246946955880E-01
   271   25.745000             179200  4.8068187279558927E-01
   272   25.840000             179200  4.8074754574984374E-01
   273   25.935000             179200  4.8061456050233814E-01
   274   26.030000             179200  4.8028103457495319E-01
   275   26.125000             179200  4.7974785605777337E-01
   276   26.220000             179200  4.7901861018426262E-01
   277   26.315000             179200  4.7809999908258133E-01
   278   26.410000             179200  4.7700204407513802E-01
   279   26.505000             179200  4.7573757153025453E-01
   280   26.600000             179200  4.7432178620480581E-01
   281   26.695000             179200  4.7277267890949315E-01
   282   26.790000             179200  4.7111150487121051E-01
   283   26.885000             179200  4.6936229046442268E-01
   284   26.980000             179200  4.6755059065300975E-01
   285   27.075000             179200  4.6570237037196716E-01
   286   27.170000             179200  4.6384332837892206E-01
   287   27.265000             179200  4.6199823582538602E-01
   288   27.360000             179200  4.6018987994203331E-01
   289   27.455000             179200  4.5843777147594633E-01
   290   27.550000             179200  4.5675713042138832E-01
   291   27.645000             179200  4.5515842713335797E-01
   292   27.740000             179200  4.5364751122114721E-01
   293   27.835000             179200  4.5222618494036659E-01
   294   27.930000             179200  4.5089307089882757E-01
   295   28.025000             179200  4.4964466539578052E-01
   296   28.120000             179200  4.4847602926977725E-01
   297   28.215000             179200  4.4738082019586423E-01
   298   28.310000             179200  4.4635145785440289E-01
   299   28.405000             179200  4.4538006368424821E-01
   300   28.500000             179200  4.4445919047841193E-01
   301   28.595000             179200  4.4358138337884123E-01
   302   28.690000             179200  4.4273808900154593E-01
   303   28.785000             179200  4.4191887816964670E-01
   304   28.880000             179200  4.4111150810508909E-01
   305   28.975000             179200  4.4030261300782547E-01
   306   29.070000             179200  4.3947812145426723E-01
   307   29.165000             179200  4.3862291169551548E-01
   308   29.260000             179200  4.3772055880216953E-01
   309   29.355000             179200  4.3675410484038263E-01
   310   29.450000             179200  4.3570761184504792E-01
   311   29.545000             179200  4.3456753802971160E-01
   312   29.640000             179200  4.3332337465537085E-01
   313   29.735000             179200  4.3196820639501959E-01
   314   29.830000             179200  4.3049994413816683E-01
   315   29.925000             179200  4.2892246836408943E-01
   316   30.020000             179200  4.2724552198008270E-01
   317   30.115000             179200  4.2548359457903767E-01
   318   30.210000             179200  4.2365490937332217E-01
   319   30.305000             179200  4.2178065972328982E-01
   320   30.400000             179200  4.1988385120538296E-01
   321   30.495000             179200  4.1798787293014650E-01
   322   30.590000             179200  4.1611544823112262E-01
   323   30.685000             179200  4.1428775777202376E-01
   324   30.780000             179200  4.1252304021459779E-01
   325   30.875000             179200  4.1083515609058835E-01
   326   30.970000             179200  4.0923314449279663E-01
   327   31.065000             179200  4.0772183899651981E-01
   328   31.160000             179200  4.0630289935122310E-01
   329   31.255000             179200  4.0497556526997447E-01
   330   31.350000             179200  4.0373737656266229E-01
   331   31.445000             179200  4.0258614027788897E-01
   332   31.540000             179200  4.0152270111453719E-01
   333   31.635000             179200  4.0055232848101907E-01
   334   31.730000             179200  3.9968391217802401E-01
   335   31.825000             179200  3.9892820409570540E-01
   336   31.920000             179200  3.9829645550422110E-01
   337   32.015000             179200  3.9779898091038057E-01
   338   32.110000             179200  3.9744274630549825E-01
   339   32.205000             179200  3.9722941469666317E-01
   340   32.300000             179200  3.9715444438903247E-01
   341   32.395000             179200  3.9720618265774910E-01
   342   32.490000             179200  3.9736626319596380E-01
   343   32.585000             179200  3.9761218292507811E-01
   344   32.680000             179200  3.9791979159591306E-01
   345   32.775000             179200  3.9826343858589885E-01
   346   32.870000             179200  3.9861435641056508E-01
   347   32.965000             179200  3.9893894564139110E-01
   348   33.060000             179200  3.9919795945411163E-01
   349   33.155000             179200  3.9934726745448129E-01
   350   33.250000             179200  3.9934035881032992E-01
   351   33.345000             179200  3.9913263048290015E-01
   352   33.440000             179200  3.9868629987771437E-01
   353   33.535000             179200  3.9797258505011174E-01
   354   33.630000             179200  3.9697061052424565E-01
   355   33.725000             179200  3.9566730217803514E-01
   356   33.820000             179200  3.9406004830711261E-01
   357   33.915000             179200  3.9215951953155925E-01
   358   34.010000             179200  3.8999051731385048E-01
   359   34.105000             179200  3.8759047248030370E-01
   360   34.200000             179200  3.8500594656311582E-01
   361   34.295000             179200  3.8228788023094573E-01
   362   34.390000             179200  3.7948631669360505E-01
   363   34.485000             179200  3.7664574678178997E-01
   364   34.580000             179200  3.7380332764997914E-01
   365   34.675000             179200  3.7099009556754992E-01
   366   34.770000             179200  3.6823297069936889E-01
   367   34.865000             179200  3.6555803306211698E-01
   368   34.960000             179200  3.6299571329109948E-01
   369   35.055000             179200  3.6058493196767721E-01
   370   35.150000             179200  3.5837374921000059E-01
   371   35.245000             179200  3.5641607031585587E-01
   372   35.340000             179200  3.5476495644826911E-01
   373   35.435000             179200  3.5346556553876152E-01
   374   35.530000             179200  3.5255093412999056E-01
   375   35.625000             179200  3.5204065268349050E-01
   376   35.720000             179200  3.5194101494793961E-01
   377   35.815000             179200  3.5224590814123857E-01
   378   35.910000             179200  3.5293855747309616E-01
   379   36.005000             179200  3.5399441892044348E-01
   380   36.100000             179200  3.5538524264493115E-01
   381   36.195000             179200  3.5708405558828971E-01
   382   36.290000             179200  3.5906986466542351E-01
   383   36.385000             179200  3.6132904321663500E-01
   384   36.480000             179200  3.6385057170996471E-01
   385   36.575000             179200  3.6661783930434194E-01
   386   36.670000             179200  3.6960367594027060E-01
   387   36.765000             179200  3.7277110049001061E-01
   388   36.860000             179200  3.7607713060924108E-01
   389   36.955000             179200  3.7947648680447638E-01
   390   37.050000             179200  3.8292545198972994E-01
   391   37.145000             179200  3.8638670632724609E-01
   392   37.240000             179200  3.8983266951247386E-01
   393   37.335000             179200  3.9324576643863240E-01
   394   37.430000             179200  3.9661573296012986E-01
   395   37.525000             179200  3.9993566216767196E-01
   396   37.620000             179200  4.0319853384416254E-01
   397   37.715000             179200  4.0639292009190425E-01
   398   37.810000             179200  4.0949833950210951E-01
   399   37.905000             179200  4.1248110143013600E-01
   400   38.000000             179200  4.1529185899337950E-01
   401   38.095000             179200  4.1786854340680502E-01
   402   38.190000             179200  4.2014188672644848E-01
   403   38.285000             179200  4.2203999147857957E-01
   404   38.380000             179200  4.2349409540076977E-01
   405   38.475000             179200  4.2444569966606599E-01
   406   38.570000             179200  4.2485459758881267E-01
   407   38.665000             179200  4.2470661637536367E-01
   408   38.760000             179200  4.2401860115340406E-01
   409   38.855000             179200  4.2284190079253475E-01
   410   38.950000             179200  4.2126265990205802E-01
   411   39.045000             179200  4.1939583798196406E-01
   412   39.140000             179200  4.1737507674615371E-01
   413   39.235000             179200  4.1533979924343767E-01
   414   39.330000             179200  4.1342221629098175E-01
   415   39.425000             179200  4.1173847344205317E-01
   416   39.520000             179200  4.1038329553475639E-01
   417   39.615000             179200  4.0942602204426848E-01
   418   39.710000             179200  4.0890891921516437E-01
   419   39.805000             179200  4.0884809422483259E-01
   420   39.900000             179200  4.0923667254540919E-01
   421   39.995000             179200  4.1005240395339365E-01
   422   40.090000             179200  4.1126801236361887E-01
