! EM field energy per field component
  Iter        Time                          B1                      B2                      B3                      E1                      E2                      E3
     0   0.0000000      0.0000000000000000E+00  0.0000000000000000E+00  0.0000000000000000E+00  0.0000000000000000E+00  0.0000000000000000E+00  0.0000000000000000E+00
     1  0.95000000E-01  0.0000000000000000E+00  7.5295785634369081E-11  6.4401834830459043E-11  9.0694650876154893E-10  9.1348661626802883E-10  9.8489960831421119E-10
     2  0.19000000      0.0000000000000000E+00  8.4590763765834780E-10  7.6483103526338350E-10  3.5790676262359478E-09  2.9342119813773613E-09  2.8920159197188634E-09
     3  0.28500000      0.0000000000000000E+00  2.6076383615758742E-09  2.6797075547704384E-09  7.8743957374858173E-09  5.1813873063044236E-09  4.5504828524379778E-09
     4  0.38000000      0.0000000000000000E+00  4.7601606301982631E-09  5.8847251653416736E-09  1.3566036459214256E-08  7.1493247182644831E-09  5.8351020879713580E-09
     5  0.47500000      0.0000000000000000E+00  6.6934978609108339E-09  1.0009560237019665E-08  2.0354637246450505E-08  8.6513680318422853E-09  6.9081582584674407E-09
     6  0.57000000      0.0000000000000000E+00  8.2474731869092510E-09  1.4365568214446450E-08  2.7884828061273612E-08  9.9594451812197771E-09  7.8060647309427303E-09
     7  0.66500000      0.0000000000000000E+00  9.8153390403803430E-09  1.8605880031005207E-08  3.5764737995033487E-08  1.1199691407977232E-08  8.1137975031065205E-09
     8  0.76000000      0.0000000000000000E+00  1.1703851601023647E-08  2.2833876945564748E-08  4.3587439038954869E-08  1.2414494653949840E-08  7.5903542837860086E-09
     9  0.85500000      0.0000000000000000E+00  1.3664303630398429E-08  2.7580129867764179E-08  5.0953161667184587E-08  1.3405510296355792E-08  6.6795370906868791E-09
    10  0.95000000      0.0000000000000000E+00  1.5327077071779825E-08  3.3337420563938500E-08  5.7491021447741449E-08  1.3915913789620656E-08  5.9132213338063852E-09
    11   1.0450000      0.0000000000000000E+00  1.6501243137976269E-08  4.0034273483953635E-08  6.2879045491496408E-08  1.3994719912768878E-08  5.5202682285164910E-09
    12   1.1400000      0.0000000000000000E+00  1.7092654902523278E-08  4.7226569160809471E-08  6.6861358092059201E-08  1.3861641440587149E-08  5.4655579390049280E-09
    13   1.2350000      0.0000000000000000E+00  1.6985458341689087E-08  5.4577308471033922E-08  6.9261606785263813E-08  1.3855968106599621E-08  5.6536922716239116E-09
    14   1.3300000      0.0000000000000000E+00  1.6230364810214054E-08  6.2530772620880655E-08  6.9991902010002080E-08  1.3785129456000500E-08  5.8316610030562305E-09
    15   1.4250000      0.0000000000000000E+00  1.5050721916087157E-08  7.1849143296068151E-08  6.9056748334052874E-08  1.3157802461845208E-08  5.7140751363666663E-09
    16   1.5200000      0.0000000000000000E+00  1.3542607961429850E-08  8.2571093211816456E-08  6.6551855873543255E-08  1.2006972864295668E-08  5.3898533133170001E-09
    17   1.6150000      0.0000000000000000E+00  1.1767275496931741E-08  9.4074275829635173E-08  6.2657891324344102E-08  1.0747005052409403E-08  5.1260009946651179E-09
    18   1.7100000      0.0000000000000000E+00  1.0023832788994748E-08  1.0572204291709445E-07  5.7629548996981756E-08  9.6609672354085951E-09  4.9070273062865405E-09
    19   1.8050000      0.0000000000000000E+00  8.6570390659496596E-09  1.1701287392495732E-07  5.1780553393116208E-08  8.9346754396556054E-09  4.5904622542822183E-09
    20   1.9000000      0.0000000000000000E+00  7.7586365038519685E-09  1.2770312942958701E-07  4.5465525019488656E-08  8.6687453318496660E-09  4.2148470966899467E-09
    21   1.9950000      0.0000000000000000E+00  7.1447115982488846E-09  1.3835085247881837E-07  3.9059794056498905E-08  8.6113777038025226E-09  4.0188911693507294E-09
    22   2.0900000      0.0000000000000000E+00  6.5712451864804064E-09  1.5044314039601530E-07  3.2938215247984896E-08  8.4742085253712248E-09  4.2490708250459461E-09
    23   2.1850000      0.0000000000000000E+00  6.1011353745244142E-09  1.6583844731042081E-07  2.7454200682290204E-08  8.3543232593479197E-09  4.7783285239292692E-09
    24   2.2800000      0.0000000000000000E+00  6.0486917887903836E-09  1.8593479581465342E-07  2.2920209356747103E-08  8.5044838170040325E-09  5.1958540749369747E-09
    25   2.3750000      0.0000000000000000E+00  6.5809639146016076E-09  2.1083827370612410E-07  1.9590729384445110E-08  8.9884141428051827E-09  5.2821910999459209E-09
    26   2.4700000      0.0000000000000000E+00  7.6005385103789592E-09  2.3904097591841897E-07  1.7648684695216033E-08  9.9077950464825784E-09  5.0369895518955951E-09
    27   2.5650000      0.0000000000000000E+00  8.6550052699339191E-09  2.6860517992716306E-07  1.7196006500574071E-08  1.1211693740149270E-08  4.8291474740195180E-09
    28   2.6600000      0.0000000000000000E+00  9.4408035038154336E-09  2.9873315092555054E-07  1.8248888002592117E-08  1.2485783637118933E-08  4.8237812116975155E-09
    29   2.7550000      0.0000000000000000E+00  1.0056123689269192E-08  3.3000119849280744E-07  2.0738002657042164E-08  1.3777815245157907E-08  4.7306246868216238E-09
    30   2.8500000      0.0000000000000000E+00  1.0461962428757211E-08  3.6435995932914956E-07  2.4513517114346876E-08  1.5350709730090357E-08  4.5559889411846313E-09
    31   2.9450000      0.0000000000000000E+00  1.0433523730552940E-08  4.0447845290257150E-07  2.9354572459576833E-08  1.7281507086180875E-08  4.6325377608067316E-09
    32   3.0400000      0.0000000000000000E+00  9.8666778803251202E-09  4.5238375915759134E-07  3.4982695460000011E-08  1.9771279080677220E-08  5.2289948720016966E-09
    33   3.1350000      0.0000000000000000E+00  9.0336225640844718E-09  5.0913994296672238E-07  4.1078367255572115E-08  2.2563945208208863E-08  6.1563129341037504E-09
    34   3.2300000      0.0000000000000000E+00  8.3862440644352569E-09  5.7481797284782975E-07  4.7299705972790369E-08  2.5173178928279627E-08  6.9084612135588728E-09
    35   3.3250000      0.0000000000000000E+00  8.0442560040606508E-09  6.4883676743417618E-07  5.3302167718488167E-08  2.7499222434293788E-08  7.2826859593180553E-09
    36   3.4200000      0.0000000000000000E+00  7.8504432078192852E-09  7.3079666639024273E-07  5.8758164592630236E-08  2.9848092237195172E-08  7.3570120462374514E-09
    37   3.5150000      0.0000000000000000E+00  7.7749128596979694E-09  8.2110244391305729E-07  6.3375456146334123E-08  3.2416393601730770E-08  7.0925040185085964E-09
    38   3.6100000      0.0000000000000000E+00  7.9638000716741100E-09  9.2071400779303504E-07  6.6913252609852789E-08  3.4919974116780700E-08  6.3038711759087253E-09
    39   3.7050000      0.0000000000000000E+00  8.3236437798703542E-09  1.0299586223928394E-06  6.9195187060421172E-08  3.7213635825908367E-08  5.1687297625370436E-09
    40   3.8000000      0.0000000000000000E+00  8.5002698435469018E-09  1.1481415609439986E-06  7.0118424196194029E-08  3.9425682003721687E-08  4.2280210966300223E-09
    41   3.8950000      0.0000000000000000E+00  8.3085069559634289E-09  1.2743118660855659E-06  6.9658423966552724E-08  4.1825221088798845E-08  3.8608073629546224E-09
    42   3.9900000      0.0000000000000000E+00  7.9914455402123151E-09  1.4086200278485983E-06  6.7869155415998358E-08  4.4984471886169273E-08  3.9815346225707366E-09
    43   4.0850000      0.0000000000000000E+00  8.0215207309261060E-09  1.5537320544540046E-06  6.4878790255464701E-08  4.9378532174030044E-08  4.1684154928546606E-09
    44   4.1800000      0.0000000000000000E+00  8.4354839912391742E-09  1.7145047603783372E-06  6.0881190324783430E-08  5.5142534608904844E-08  4.4024691730029061E-09
    45   4.2750000      0.0000000000000000E+00  8.9540714772439569E-09  1.8959839731395903E-06  5.6123737389697365E-08  6.2302050841157272E-08  4.8743121825355485E-09
    46   4.3700000      0.0000000000000000E+00  9.4959215213693650E-09  2.1021299225520674E-06  5.0892248653324172E-08  7.0861273759909295E-08  5.4091087580006495E-09
    47   4.4650000      0.0000000000000000E+00  1.0096879545333560E-08  2.3364269439187586E-06  4.5493884989886959E-08  8.0916675494738585E-08  5.7448232836319802E-09
    48   4.5600000      0.0000000000000000E+00  1.0855707943529946E-08  2.6034448780186761E-06  4.0239088133733184E-08  9.2753499861212180E-08  5.6081233744332925E-09
    49   4.6550000      0.0000000000000000E+00  1.1635637180202765E-08  2.9097503951628809E-06  3.5423626926163354E-08  1.0643019251210557E-07  5.0766165310192704E-09
    50   4.7500000      0.0000000000000000E+00  1.2041098343896591E-08  3.2628369036892028E-06  3.1311758149093798E-08  1.2130741450405984E-07  4.5897534946130426E-09
    51   4.8450000      0.0000000000000000E+00  1.1858703228393231E-08  3.6680863341579512E-06  2.8121419953664858E-08  1.3655348086660408E-07  4.4353714183005676E-09
    52   4.9400000      0.0000000000000000E+00  1.1237884257742240E-08  4.1265044676479823E-06  2.6012314563654047E-08  1.5166163592041972E-07  4.5994577270466610E-09
    53   5.0350000      0.0000000000000000E+00  1.0563836723213071E-08  4.6357531624309668E-06  2.5077574276474265E-08  1.6617148338785683E-07  4.8482610009654235E-09
    54   5.1300000      0.0000000000000000E+00  1.0047855102834083E-08  5.1935841423950477E-06  2.5339451279893257E-08  1.7991322069427562E-07  5.0741883341599215E-09
    55   5.2250000      0.0000000000000000E+00  9.5290994127891428E-09  5.8014767725444909E-06  2.6749174091650691E-08  1.9338270918544435E-07  5.4407097823172441E-09
    56   5.3200000      0.0000000000000000E+00  8.8566014085144131E-09  6.4661985843449270E-06  2.9191014380778815E-08  2.0732324577777553E-07  5.9504592522425068E-09
    57   5.4150000      0.0000000000000000E+00  8.1328739190080135E-09  7.1982106612150604E-06  3.2490174061943702E-08  2.2247148918213094E-07  6.2925394755946880E-09
    58   5.5100000      0.0000000000000000E+00  7.4617732324276784E-09  8.0091870432613004E-06  3.6424035988322129E-08  2.3967179580583133E-07  6.3035716933830279E-09
    59   5.6050000      0.0000000000000000E+00  6.8947061675643454E-09  8.9111750027593575E-06  4.0736061145231069E-08  2.5982250113695430E-07  6.0574696398904567E-09
    60   5.7000000      0.0000000000000000E+00  6.5349103830259625E-09  9.9168547888803685E-06  4.5151441100945155E-08  2.8374534859031277E-07  5.6502421189568765E-09
    61   5.7950000      0.0000000000000000E+00  6.3780670323301466E-09  1.1039367429584690E-05  4.9393603660010383E-08  3.1210681662618557E-07  5.2923249024614816E-09
    62   5.8900000      0.0000000000000000E+00  6.2561207517760895E-09  1.2292070380985328E-05  5.3200631558127836E-08  3.4535310225063904E-07  5.3067935322867969E-09
    63   5.9850000      0.0000000000000000E+00  6.1352069225112660E-09  1.3689566378573894E-05  5.6340610911992992E-08  3.8394225335572684E-07  5.8011877707316240E-09
    64   6.0800000      0.0000000000000000E+00  6.4236589086813141E-09  1.5249819825045273E-05  5.8624984174391099E-08  4.2854723552688132E-07  6.2801142206643926E-09
    65   6.1750000      0.0000000000000000E+00  7.4564342406781222E-09  1.6994609361295503E-05  5.9919135150657736E-08  4.8009252509148385E-07  6.2391924190091487E-09
    66   6.2700000      0.0000000000000000E+00  8.9473314794586623E-09  1.8947047206529000E-05  6.0149634716149736E-08  5.3960894228881147E-07  5.8219639602035128E-09
    67   6.3650000      0.0000000000000000E+00  1.0349938182378428E-08  2.1129353424571896E-05  5.9307785189006110E-08  6.0788990767605602E-07  5.4107737304081133E-09
    68   6.4600000      0.0000000000000000E+00  1.1396654510321758E-08  2.3564727500146706E-05  5.7449312455782712E-08  6.8587158597058469E-07  5.1840681183840218E-09
    69   6.5550000      0.0000000000000000E+00  1.2607283192042146E-08  2.6283625036267690E-05  5.4690224744632349E-08  7.7451233157201131E-07  4.5309787681225503E-09
    70   6.6500000      0.0000000000000000E+00  1.4370266221922893E-08  2.9328015920474053E-05  5.1199137608909382E-08  8.7481867121151010E-07  3.0046499284209600E-09
    71   6.7450000      0.0000000000000000E+00  1.5618656844565192E-08  3.2748925506860900E-05  4.7186649371579915E-08  9.8831463800298291E-07  1.9531213590869388E-09
    72   6.8400000      0.0000000000000000E+00  1.5458164088296559E-08  3.6600684891061326E-05  4.2892368487900265E-08  1.1155213662526241E-06  2.3937235689587552E-09
    73   6.9350000      0.0000000000000000E+00  1.4219383405844553E-08  4.0935063295046071E-05  3.8570448347434000E-08  1.2557159142552670E-06  3.8083807997074501E-09
    74   7.0300000      0.0000000000000000E+00  1.2529127981638392E-08  4.5798705610178723E-05  3.4474457947185148E-08  1.4080241883879343E-06  5.3843776170228576E-09
    75   7.1250000      0.0000000000000000E+00  1.0809857243637102E-08  5.1235108353883828E-05  3.0842476694997619E-08  1.5721105608017467E-06  6.5445595313824254E-09
    76   7.2200000      0.0000000000000000E+00  9.0484084992510299E-09  5.7289527426024174E-05  2.7883295031198838E-08  1.7493972034510849E-06  7.3275313215795100E-09
    77   7.3150000      0.0000000000000000E+00  7.2694475468438626E-09  6.4017349111228472E-05  2.5764559502706339E-08  1.9431347460215427E-06  7.8193394574966786E-09
    78   7.4100000      0.0000000000000000E+00  5.8961600136515184E-09  7.1493623137009089E-05  2.4603549427270859E-08  2.1580185222093577E-06  7.6782915248826926E-09
    79   7.5050000      0.0000000000000000E+00  5.2465881306277543E-09  7.9819364033705621E-05  2.4461046006907618E-08  2.3993050672475156E-06  6.7599380092280376E-09
    80   7.6000000      0.0000000000000000E+00  5.2747463178334138E-09  8.9120585205534084E-05  2.5338696001761999E-08  2.6715288362289875E-06  5.3862879395708855E-09
    81   7.6950000      0.0000000000000000E+00  5.7498635819853568E-09  9.9540115131739658E-05  2.7179931021339655E-08  2.9781385486398228E-06  4.0770447792258843E-09
    82   7.7900000      0.0000000000000000E+00  6.4305519116877685E-09  1.1122872019854647E-04  2.9874284386239630E-08  3.3214660578045444E-06  3.2223609610220546E-09
    83   7.8850000      0.0000000000000000E+00  7.0048979093418522E-09  1.2434142077852068E-04  3.3264915061263944E-08  3.7036450913203917E-06  3.0842614557842775E-09
    84   7.9800000      0.0000000000000000E+00  7.1966382643597061E-09  1.3904064022055929E-04  3.7158768093948329E-08  4.1270290206874395E-06  3.7440739940280892E-09
    85   8.0750000      0.0000000000000000E+00  7.1193862586562373E-09  1.5550148300866852E-04  4.1338683146859650E-08  4.5940384924019720E-06  4.8151272136380473E-09
    86   8.1700000      0.0000000000000000E+00  7.1053858472755925E-09  1.7391385336941258E-04  4.5576851592561473E-08  5.1081013510056893E-06  5.7765620910762933E-09
    87   8.2650000      0.0000000000000000E+00  7.2871356856890206E-09  1.9448316601634232E-04  4.9648716805959213E-08  5.6748833992718452E-06  6.4809443707271426E-09
    88   8.3600000      0.0000000000000000E+00  7.6501560412666734E-09  2.1743459613738161E-04  5.3346389570292508E-08  6.3029040852173789E-06  6.9874788561115011E-09
    89   8.4550000      0.0000000000000000E+00  8.2413692820105780E-09  2.4302234104689533E-04  5.6490842135000338E-08  7.0038705931032850E-06  7.2459970353851718E-09
    90   8.5500000      0.0000000000000000E+00  9.1664826808070250E-09  2.7154173897746568E-04  5.8942314717142324E-08  7.7929012503362192E-06  7.1021992307570289E-09
    91   8.6450000      0.0000000000000000E+00  1.0446703390560045E-08  3.0334218173532857E-04  6.0608255553969190E-08  8.6876170315314989E-06  6.4758520686737524E-09
    92   8.7400000      0.0000000000000000E+00  1.1799385247908287E-08  3.3883854230620141E-04  6.1448269867049638E-08  9.7066562777237865E-06  5.6234851970411205E-09
    93   8.8350000      0.0000000000000000E+00  1.2756724697763546E-08  3.7851780454071485E-04  6.1475885904788783E-08  1.0868604665874879E-05  4.9822218233958217E-09
    94   8.9300000      0.0000000000000000E+00  1.3057763851555249E-08  4.2293792859574551E-04  6.0757077991350481E-08  1.2191153179100828E-05  4.6860432133696411E-09
    95   9.0250000      0.0000000000000000E+00  1.2716272997460890E-08  4.7271992228498441E-04  5.9405731080273643E-08  1.3690249888570156E-05  4.6155771975305257E-09
    96   9.1200000      0.0000000000000000E+00  1.2053611152658870E-08  5.2853972196544897E-04  5.7576322948953294E-08  1.5380367321321260E-05  4.4113620430888714E-09
    97   9.2150000      0.0000000000000000E+00  1.1289623105061933E-08  5.9112912544445151E-04  5.5454272411474010E-08  1.7275473751565324E-05  3.9788038237950497E-09
    98   9.3100000      0.0000000000000000E+00  1.0311054118951391E-08  6.6128831102386270E-04  5.3244628864094539E-08  1.9389300660126143E-05  3.7338510028639369E-09
    99   9.4050000      0.0000000000000000E+00  9.2364325827261441E-09  7.3990075680616021E-04  5.1159833788519149E-08  2.1736561613442075E-05  3.7760057309226537E-09
   100   9.5000000      0.0000000000000000E+00  8.4147151153853755E-09  8.2794105684893334E-04  4.9407232666061474E-08  2.4334648481082920E-05  3.8745665191674224E-09
   101   9.5950000      0.0000000000000000E+00  8.0450365380139390E-09  9.2647482576363764E-04  4.8177102908913304E-08  2.7205019646522607E-05  3.8867025760691585E-09
   102   9.6900000      0.0000000000000000E+00  7.9490395102988452E-09  1.0366602896798292E-03  4.7632144586954378E-08  3.0376208929909386E-05  4.0149039026738959E-09
   103   9.7850000      0.0000000000000000E+00  7.7590101800279145E-09  1.1597685662311510E-03  4.7898732985245515E-08  3.3886268822004425E-05  4.6132856062517332E-09
   104   9.8800000      0.0000000000000000E+00  7.4215365568180152E-09  1.2972289258095036E-03  4.9060576341747045E-08  3.7783711845690887E-05  5.5841386446733681E-09
   105   9.9750000      0.0000000000000000E+00  7.1311480676775986E-09  1.4506855419971119E-03  5.1155302802819138E-08  4.2127182142706535E-05  6.5219999610010402E-09
   106   10.070000      0.0000000000000000E+00  6.9613668379902397E-09  1.6220417270031277E-03  5.4173982166731289E-08  4.6983626103540182E-05  7.2213137386535790E-09
   107   10.165000      0.0000000000000000E+00  6.8761530269523971E-09  1.8134752889671477E-03  5.8063615843334619E-08  5.2425591496577663E-05  7.7299433493483220E-09
   108   10.260000      0.0000000000000000E+00  7.0769521205254230E-09  2.0274303594073717E-03  6.2732454602273143E-08  5.8528476850689353E-05  7.9175868351100624E-09
   109   10.355000      0.0000000000000000E+00  7.9119443470802522E-09  2.2666079528281076E-03  6.8057560729018433E-08  6.5370038211527861E-05  7.4789445010179922E-09
   110   10.450000      0.0000000000000000E+00  9.3671600660102885E-09  2.5339785497512229E-03  7.3894719616754415E-08  7.3031879966754614E-05  6.4302907536805992E-09
   111   10.545000      0.0000000000000000E+00  1.0923688827897804E-08  2.8328221912186872E-03  8.0090193494532864E-08  8.1601107254767425E-05  5.2262997339993313E-09
   112   10.640000      0.0000000000000000E+00  1.1919908097687008E-08  3.1667792719658628E-03  8.6493764299940532E-08  9.1171983296192609E-05  4.4664137942518579E-09
   113   10.735000      0.0000000000000000E+00  1.2228244018647406E-08  3.5398914010113486E-03  9.2972222225293272E-08  1.0184682941927911E-04  4.1860926149154668E-09
   114   10.830000      0.0000000000000000E+00  1.2118116131018602E-08  3.9566264381364997E-03  9.9421495686923480E-08  1.1373663469661996E-04  4.0656953500643823E-09
   115   10.925000      0.0000000000000000E+00  1.1690091205981499E-08  4.4218989054719618E-03  1.0577788861205183E-07  1.2696279902366841E-04  4.1013761813063995E-09
   116   11.020000      0.0000000000000000E+00  1.0995271535816506E-08  4.9411034938233568E-03  1.1202794801724252E-07  1.4165993728690657E-04  4.3288200027642763E-09
   117   11.115000      0.0000000000000000E+00  1.0080917889681408E-08  5.5201715314856506E-03  1.1821720015979520E-07  1.5797866055016450E-04  4.7619547155317250E-09
   118   11.210000      0.0000000000000000E+00  9.1229833121033163E-09  6.1656477977135920E-03  1.2445601510575758E-07  1.7608751013838944E-04  5.1970866276635051E-09
   119   11.305000      0.0000000000000000E+00  8.4052666243759328E-09  6.8847742202511443E-03  1.3092093969851822E-07  1.9617281877020549E-04  5.2294665951553519E-09
   120   11.400000      0.0000000000000000E+00  7.9523409949380022E-09  7.6855567747380147E-03  1.3785410741819356E-07  2.1843582461420600E-04  4.8035152792763105E-09
   121   11.495000      0.0000000000000000E+00  7.5873957759045224E-09  8.5767930657208689E-03  1.4556112209883991E-07  2.4309021981133562E-04  4.2107513641406466E-09
   122   11.590000      0.0000000000000000E+00  7.1662720524230148E-09  9.5680617294086247E-03  1.5440475757908422E-07  2.7036274924559234E-04  3.8741332924218634E-09
   123   11.685000      0.0000000000000000E+00  6.8287687882312814E-09  1.0669709901715965E-02  1.6479941938395178E-07  3.0049577236258710E-04  3.9561026470627144E-09
   124   11.780000      0.0000000000000000E+00  6.9255069714415268E-09  1.1892885383300994E-02  1.7720198883258557E-07  3.3374995270522173E-04  4.2563398386928415E-09
   125   11.875000      0.0000000000000000E+00  7.5322664349679005E-09  1.3249630303497510E-02  1.9209921431549663E-07  3.7040505666179600E-04  4.6638285900603980E-09
   126   11.970000      0.0000000000000000E+00  8.3361136868805706E-09  1.4752998299474471E-02  2.1000228957185745E-07  4.1075552087449475E-04  5.3172459979197338E-09
   127   12.065000      0.0000000000000000E+00  9.0968111659098204E-09  1.6417120991377498E-02  2.3143171092774019E-07  4.5510225171228300E-04  6.1657374758711716E-09
   128   12.160000      0.0000000000000000E+00  9.7815897028933415E-09  1.8257167074446107E-02  2.5690787534685121E-07  5.0374333324620338E-04  6.9544437188878452E-09
   129   12.255000      0.0000000000000000E+00  1.0376082350470449E-08  2.0289201818340100E-02  2.8695577799530443E-07  5.5696908850556674E-04  7.5188066148069107E-09
   130   12.350000      0.0000000000000000E+00  1.0920477992201283E-08  2.2530014341186892E-02  3.2211687647669889E-07  6.1506000729759098E-04  7.7224676654650951E-09
   131   12.445000      0.0000000000000000E+00  1.1538331970559618E-08  2.4996995373582021E-02  3.6296568067270158E-07  6.7828582346602946E-04  7.4130592709889551E-09
   132   12.540000      0.0000000000000000E+00  1.2217882507629192E-08  2.7708102432565059E-02  4.1011736744833475E-07  7.4690154662489369E-04  6.6838272552219614E-09
   133   12.635000      0.0000000000000000E+00  1.2644915602923628E-08  3.0681860996229507E-02  4.6427429298176986E-07  8.2113721537487689E-04  6.0765785983290779E-09
   134   12.730000      0.0000000000000000E+00  1.2623595806094249E-08  3.3937277409852994E-02  5.2624533774933242E-07  9.0118554007942117E-04  5.9987154478095992E-09
   135   12.825000      0.0000000000000000E+00  1.2421402960325310E-08  3.7493558827647891E-02  5.9686969228548813E-07  9.8719809257933754E-04  6.1296420635602631E-09
   136   12.920000      0.0000000000000000E+00  1.2258472468141145E-08  4.1369636541727123E-02  6.7701646888947910E-07  1.0792919110535646E-03  5.9883852622498508E-09
   137   13.015000      0.0000000000000000E+00  1.1914672882209002E-08  4.5583620162972446E-02  7.6760347972233941E-07  1.1775674787058007E-03  5.4339110507941503E-09
   138   13.110000      0.0000000000000000E+00  1.0645460762151420E-08  5.0152384517043402E-02  8.6953085850440539E-07  1.2821238545377006E-03  5.0715062988626139E-09
   139   13.205000      0.0000000000000000E+00  8.2031405794317877E-09  5.5091420075027542E-02  9.8373085792604378E-07  1.3930628419796106E-03  5.3560939877925805E-09
   140   13.300000      0.0000000000000000E+00  5.8993238356940993E-09  6.0414928913883385E-02  1.1114712988666059E-06  1.5104825957912233E-03  5.1893984826603371E-09
   141   13.395000      0.0000000000000000E+00  4.7877943630759985E-09  6.6136007214675482E-02  1.2543384816034694E-06  1.6344681274905806E-03  3.9649014539248606E-09
   142   13.490000      0.0000000000000000E+00  4.5188343323466620E-09  7.2266679921501820E-02  1.4137976434465299E-06  1.7650694993362678E-03  2.6798119792863807E-09
   143   13.585000      0.0000000000000000E+00  4.5468861524278084E-09  7.8817635052334814E-02  1.5909126969753847E-06  1.9022807523880097E-03  2.2027706881584613E-09
   144   13.680000      0.0000000000000000E+00  4.6405935042167354E-09  8.5797686149282890E-02  1.7863303272038484E-06  2.0460306549696466E-03  2.7857680300989681E-09
   145   13.775000      0.0000000000000000E+00  5.0352625008313027E-09  9.3213181844876064E-02  2.0001985895877602E-06  2.1961916513163825E-03  3.8883552534474371E-09
   146   13.870000      0.0000000000000000E+00  5.9493146780116222E-09  1.0106775117110307E-01  2.2330081229620228E-06  2.3526309407729414E-03  4.9137415195134261E-09
   147   13.965000      0.0000000000000000E+00  7.1990880376856303E-09  1.0936265898990315E-01  2.4853991281737986E-06  2.5152570615394280E-03  5.8117948264192986E-09
   148   14.060000      0.0000000000000000E+00  8.6561746451753964E-09  1.1809762844760668E-01  2.7565659726494267E-06  2.6840372190814056E-03  6.5157234247765423E-09
   149   14.155000      0.0000000000000000E+00  1.0383178075433912E-08  1.2727177654290139E-01  3.0443514357634877E-06  2.8589905711070966E-03  6.7369456480812680E-09
   150   14.250000      0.0000000000000000E+00  1.2322585257962991E-08  1.3688444247928447E-01  3.3452526083862068E-06  3.0401665389992610E-03  6.3106211890327086E-09
   151   14.345000      0.0000000000000000E+00  1.4186613349831980E-08  1.4693581093133831E-01  3.6556317033456531E-06  3.2276324616428891E-03  5.3809204465336556E-09
   152   14.440000      0.0000000000000000E+00  1.5657877907714322E-08  1.5742743961503161E-01  3.9717025745314791E-06  3.4214471354100748E-03  4.2685825575814744E-09
   153   14.535000      0.0000000000000000E+00  1.6512090297679421E-08  1.6836266868847183E-01  4.2880402676464783E-06  3.6216257138666388E-03  3.3233808798172418E-09
   154   14.630000      0.0000000000000000E+00  1.6460487491874772E-08  1.7974668206328476E-01  4.5974888281821300E-06  3.8281081918306171E-03  3.0611821747815514E-09
   155   14.725000      0.0000000000000000E+00  1.5397091488730081E-08  1.9158606665405720E-01  4.8898529560482254E-06  4.0407537808316799E-03  3.7559021830568001E-09
   156   14.820000      0.0000000000000000E+00  1.3671904059302549E-08  2.0388774041306990E-01  5.1545610413239649E-06  4.2593134893499016E-03  5.0523921463726803E-09
   157   14.915000      0.0000000000000000E+00  1.1772600571453399E-08  2.1665717813648000E-01  5.3812348035870264E-06  4.4833299089082337E-03  6.3508733704794231E-09
   158   15.010000      0.0000000000000000E+00  9.9276484302470817E-09  2.2989589595773735E-01  5.5601125711241398E-06  4.7119569068419147E-03  7.3132080995160729E-09
   159   15.105000      0.0000000000000000E+00  8.1303082217627179E-09  2.4359821653227254E-01  5.6833899887070745E-06  4.9437147425398942E-03  7.8740229284673122E-09
   160   15.200000      0.0000000000000000E+00  6.3652140480742009E-09  2.5774719877939795E-01  5.7466210553630400E-06  5.1763290083563897E-03  8.0611382522470713E-09
   161   15.295000      0.0000000000000000E+00  4.8705426837355472E-09  2.7230997763755022E-01  5.7489343920373850E-06  5.4067689744433422E-03  7.7496919953339198E-09
   162   15.390000      0.0000000000000000E+00  4.0421143767763401E-09  2.8723357640866987E-01  5.6905553562730983E-06  5.6315069141842609E-03  6.7934579813620430E-09
   163   15.485000      0.0000000000000000E+00  4.0397672291808479E-09  3.0244250840179493E-01  5.5801972850761277E-06  5.8469190277027922E-03  5.4295137259335856E-09
   164   15.580000      0.0000000000000000E+00  4.7170161969814264E-09  3.1783964206336340E-01  5.4400583300430513E-06  6.0499200674525655E-03  4.1369630331463777E-09
   165   15.675000      0.0000000000000000E+00  5.6782342702153072E-09  3.3331153815001230E-01  5.3075542475691811E-06  6.2384138584753038E-03  3.4347764528022105E-09
   166   15.770000      0.0000000000000000E+00  6.6485649125735589E-09  3.4873711773676125E-01  5.2256489844283058E-06  6.4112113326784213E-03  3.4489845899610024E-09
   167   15.865000      0.0000000000000000E+00  7.6854679291825872E-09  3.6399591138346032E-01  5.2338734684389544E-06  6.5674532480579422E-03  3.7126557566703697E-09
   168   15.960000      0.0000000000000000E+00  8.6036456320877736E-09  3.7897362285482827E-01  5.3486367135791863E-06  6.7061468231931756E-03  4.0775028456969656E-09
   169   16.055000      0.0000000000000000E+00  9.0773845570485335E-09  3.9356682533198478E-01  5.5458139031010447E-06  6.8255030926142853E-03  4.7105565560389669E-09
   170   16.150000      0.0000000000000000E+00  9.1279433333338046E-09  4.0768692366269121E-01  5.7689777503097033E-06  6.9213025277968729E-03  5.6009388560232533E-09
   171   16.245000      0.0000000000000000E+00  9.2010065709932322E-09  4.2125747792007540E-01  5.9501048945032894E-06  6.9862408316199434E-03  6.4161554975120071E-09
   172   16.340000      0.0000000000000000E+00  9.7730752609782510E-09  4.3420363421753960E-01  6.0227489696781168E-06  7.0116785706776158E-03  6.7557233782687243E-09
   173   16.435000      0.0000000000000000E+00  1.0733243243097398E-08  4.4644370389764898E-01  5.9525724865281673E-06  6.9898572321520887E-03  6.7289559978348153E-09
   174   16.530000      0.0000000000000000E+00  1.1519514621655776E-08  4.5788743221326167E-01  5.7555247073305327E-06  6.9144501266819453E-03  6.7475664552853973E-09
   175   16.625000      0.0000000000000000E+00  1.1749946422524018E-08  4.6843251556297194E-01  5.4854100759321558E-06  6.7827819188448178E-03  6.9585474439781997E-09
   176   16.720000      0.0000000000000000E+00  1.1463788509364540E-08  4.7795734427572723E-01  5.2212327239807874E-06  6.5997444835057435E-03  7.1948720626362160E-09
   177   16.815000      0.0000000000000000E+00  1.0851405781630096E-08  4.8631730645712612E-01  5.0442339369316196E-06  6.3800674792196081E-03  7.3789276938482937E-09
   178   16.910000      0.0000000000000000E+00  1.0126943246369419E-08  4.9335011116401600E-01  5.0279633568000578E-06  6.1476508496506217E-03  7.5924976569200773E-09
   179   17.005000      0.0000000000000000E+00  9.6944880488633346E-09  4.9889102283695952E-01  5.2438290687844851E-06  5.9332464769866200E-03  7.6881280392341229E-09
   180   17.100000      0.0000000000000000E+00  1.0003448688961436E-08  5.0279871538499543E-01  5.7365951473219654E-06  5.7684043821065083E-03  7.3120776186929339E-09
   181   17.195000      0.0000000000000000E+00  1.1173097237174158E-08  5.0499788648087429E-01  6.5286971392079285E-06  5.6730869237197057E-03  6.2502857582293344E-09
   182   17.290000      0.0000000000000000E+00  1.2675993337735763E-08  5.0552320915845483E-01  7.6295763448588867E-06  5.6424973387575392E-03  4.9194590616368546E-09
   183   17.385000      0.0000000000000000E+00  1.3814174220662124E-08  5.0452216121814697E-01  8.9824527750964884E-06  5.6470278413449692E-03  3.9624244913919117E-09
   184   17.480000      0.0000000000000000E+00  1.4371558399556263E-08  5.0221961702746276E-01  1.0486214306516652E-05  5.6497591990945541E-03  3.4932892029736521E-09
   185   17.575000      0.0000000000000000E+00  1.4354458770295555E-08  4.9887541205325436E-01  1.2000856372946786E-05  5.6211488945097044E-03  3.4581574485505976E-09
   186   17.670000      0.0000000000000000E+00  1.3840133801761382E-08  4.9474144461770930E-01  1.3396126226146343E-05  5.5555057195579606E-03  3.7855701544453325E-09
   187   17.765000      0.0000000000000000E+00  1.2948826334153839E-08  4.9004637521037769E-01  1.4589310323001571E-05  5.4751148848945427E-03  4.4360079791977435E-09
   188   17.860000      0.0000000000000000E+00  1.1834523242216067E-08  4.8501176941525581E-01  1.5533874312751618E-05  5.4141736938293833E-03  5.4258902748386372E-09
   189   17.955000      0.0000000000000000E+00  1.0879127002891139E-08  4.7986009894557163E-01  1.6239072057522182E-05  5.4038096998852607E-03  6.4312659131200442E-09
   190   18.050000      0.0000000000000000E+00  1.0423028097198203E-08  4.7479905101638242E-01  1.6711645521467666E-05  5.4664806096928545E-03  7.0221958340414447E-09
   191   18.145000      0.0000000000000000E+00  1.0534921354021690E-08  4.6998411776571541E-01  1.6940541465268059E-05  5.6145302057539915E-03  6.9541585817389473E-09
   192   18.240000      0.0000000000000000E+00  1.0968223867830636E-08  4.6547399822111651E-01  1.6931877598987717E-05  5.8585273263877247E-03  6.3797843574537326E-09
   193   18.335000      0.0000000000000000E+00  1.1350413064552182E-08  4.6121666640181624E-01  1.6737468265321232E-05  6.2110469425607842E-03  5.7380285595071737E-09
   194   18.430000      0.0000000000000000E+00  1.1564193665489721E-08  4.5706979045491125E-01  1.6492563828530076E-05  6.6834952819684714E-03  5.2159904996469383E-09
   195   18.525000      0.0000000000000000E+00  1.1649936992701441E-08  4.5284125103356487E-01  1.6378578136239506E-05  7.2820344282977763E-03  4.7203294069844742E-09
   196   18.620000      0.0000000000000000E+00  1.1415000677702864E-08  4.4833914612806985E-01  1.6562465329301833E-05  7.9988108561528382E-03  4.3375863974493822E-09
   197   18.715000      0.0000000000000000E+00  1.0629027556659932E-08  4.4341198885515037E-01  1.7125410022527195E-05  8.8099434390281738E-03  4.2632818142798567E-09
   198   18.810000      0.0000000000000000E+00  9.4201990102206104E-09  4.3798285838581946E-01  1.8020957381752137E-05  9.6765063369589552E-03  4.4791196915953222E-09
   199   18.905000      0.0000000000000000E+00  8.1382682184720706E-09  4.3207013015833273E-01  1.9097891970040526E-05  1.0543965270020076E-02  4.8821427883103369E-09
   200   19.000000      0.0000000000000000E+00  7.0835928077104797E-09  4.2578104118641846E-01  2.0139390359868224E-05  1.1348493327741188E-02  5.4026512597239417E-09
   201   19.095000      0.0000000000000000E+00  6.4931120209380588E-09  4.1929158030251856E-01  2.0934690936149423E-05  1.2023816152047445E-02  5.8581636323217436E-09
   202   19.190000      0.0000000000000000E+00  6.5721437348001960E-09  4.1282162532109806E-01  2.1363782628242058E-05  1.2505836866344700E-02  5.8667279532135444E-09
   203   19.285000      0.0000000000000000E+00  7.1568793628637194E-09  4.0661073129544323E-01  2.1351814115646451E-05  1.2739157571716730E-02  5.3351698429605431E-09
   204   19.380000      0.0000000000000000E+00  7.5667055897299138E-09  4.0089717008520254E-01  2.0890814519665553E-05  1.2682941339537497E-02  4.8388723574527304E-09
   205   19.475000      0.0000000000000000E+00  7.3055766843572487E-09  3.9589531892446406E-01  2.0044566450843154E-05  1.2317641745750531E-02  4.8844818754652232E-09
   206   19.570000      0.0000000000000000E+00  6.5383080950903614E-09  3.9176372407826388E-01  1.8932617402634447E-05  1.1651826071781217E-02  5.4412916951180620E-09
   207   19.665000      0.0000000000000000E+00  6.1296279928316816E-09  3.8856700611570938E-01  1.7752402993807848E-05  1.0729241617051931E-02  5.7949014663607507E-09
   208   19.760000      0.0000000000000000E+00  6.7153037772904620E-09  3.8626084674874223E-01  1.6752283385973580E-05  9.6281843005704901E-03  5.4270840613911951E-09
   209   19.855000      0.0000000000000000E+00  7.6757953633733471E-09  3.8471456619667865E-01  1.6149385845085626E-05  8.4499094905188584E-03  5.2163500959363587E-09
   210   19.950000      0.0000000000000000E+00  8.5913484365138277E-09  3.8375784087595854E-01  1.6073806088049093E-05  7.3031684737971730E-03  5.5718778740942783E-09
   211   20.045000      0.0000000000000000E+00  1.0036278031960283E-08  3.8323929121831013E-01  1.6536271561308514E-05  6.2875066048616885E-03  5.5205479739670397E-09
   212   20.140000      0.0000000000000000E+00  1.2159910291051839E-08  3.8306687622423152E-01  1.7461746554604619E-05  5.4801081995358800E-03  4.6659073964791418E-09
   213   20.235000      0.0000000000000000E+00  1.4456220331966054E-08  3.8320192764473737E-01  1.8712816598461630E-05  4.9380012745005282E-03  3.3712937062060373E-09
   214   20.330000      0.0000000000000000E+00  1.6085074660667529E-08  3.8363487963813786E-01  2.0112921509412271E-05  4.7052236411359296E-03  2.4711879626307822E-09
   215   20.425000      0.0000000000000000E+00  1.6563353493552593E-08  3.8437348594629123E-01  2.1502263385048877E-05  4.8140557511460111E-03  2.4883208863957040E-09
   216   20.520000      0.0000000000000000E+00  1.6156026565773319E-08  3.8544091782748557E-01  2.2776309491510806E-05  5.2832286576721676E-03  3.1410865321720613E-09
   217   20.615000      0.0000000000000000E+00  1.5203484457160344E-08  3.8687514193448330E-01  2.3918008360743098E-05  6.1123726970169377E-03  4.1530406769491917E-09
   218   20.710000      0.0000000000000000E+00  1.3871976936485422E-08  3.8872390102006560E-01  2.4987097914834508E-05  7.2770687151153812E-03  5.4286870089909591E-09
   219   20.805000      0.0000000000000000E+00  1.2379626684369589E-08  3.9103361067115938E-01  2.6074198809526782E-05  8.7321218414970394E-03  6.7165501231369237E-09
   220   20.900000      0.0000000000000000E+00  1.1012715592081932E-08  3.9383468987168357E-01  2.7275243314494399E-05  1.0417062588021199E-02  7.6424852956734474E-09
   221   20.995000      0.0000000000000000E+00  9.9680075454926054E-09  3.9712357101181600E-01  2.8588470009585286E-05  1.2263443976828874E-02  7.9681050369042339E-09
   222   21.090000      0.0000000000000000E+00  9.3112892225236807E-09  4.0085172090668925E-01  2.9854714868653567E-05  1.4204609587025484E-02  7.7403260291788803E-09
   223   21.185000      0.0000000000000000E+00  9.1941271192834415E-09  4.0493655300177300E-01  3.0816583257346356E-05  1.6179451800093312E-02  6.9741946357684024E-09
   224   21.280000      0.0000000000000000E+00  9.6228465193746812E-09  4.0928682849166353E-01  3.1199864214940100E-05  1.8133220327960026E-02  5.8162369042391336E-09
   225   21.375000      0.0000000000000000E+00  1.0181156276386269E-08  4.1382507089623238E-01  3.0848310913051964E-05  2.0019785539640955E-02  4.7686697130188155E-09
   226   21.470000      0.0000000000000000E+00  1.0357650861219360E-08  4.1850165751866603E-01  2.9809148331375041E-05  2.1802800786644122E-02  4.2939838612333825E-09
   227   21.565000      0.0000000000000000E+00  9.9466853985911992E-09  4.2330349317559152E-01  2.8277259751723078E-05  2.3450532831681199E-02  4.4423654407289531E-09
   228   21.660000      0.0000000000000000E+00  9.1074580435727947E-09  4.2824704961652105E-01  2.6578010336170286E-05  2.4930316315836362E-02  4.9104347690367539E-09
   229   21.755000      0.0000000000000000E+00  8.2156525009462638E-09  4.3335366262510350E-01  2.5105288165770127E-05  2.6210330722127074E-02  5.2673814206665477E-09
   230   21.850000      0.0000000000000000E+00  7.5564712288222279E-09  4.3862662208104236E-01  2.4216031378124179E-05  2.7266250719688259E-02  5.3121855500306515E-09
   231   21.945000      0.0000000000000000E+00  7.2315054017179774E-09  4.4405116395312733E-01  2.4064769918198008E-05  2.8084254437443518E-02  5.0860309980761946E-09
   232   22.040000      0.0000000000000000E+00  7.2681390793566629E-09  4.4961782669469957E-01  2.4548540580474240E-05  2.8656537864395527E-02  4.6162116784559025E-09
   233   22.135000      0.0000000000000000E+00  7.5959572542766076E-09  4.5535593972816990E-01  2.5395781755208585E-05  2.8974361453975229E-02  3.9712637624641338E-09
   234   22.230000      0.0000000000000000E+00  8.1282632762554178E-09  4.6136393296326689E-01  2.6331035247250637E-05  2.9022315167540110E-02  3.2314034834993334E-09
   235   22.325000      0.0000000000000000E+00  8.6744141238946837E-09  4.6781684892440745E-01  2.7248587811429574E-05  2.8779581804859445E-02  2.6155508755942445E-09
   236   22.420000      0.0000000000000000E+00  8.8475737916232369E-09  4.7494677043954692E-01  2.8299560821711121E-05  2.8230653625286140E-02  2.6011419067224776E-09
   237   22.515000      0.0000000000000000E+00  8.5837473555398509E-09  4.8300903181274030E-01  2.9716405439430575E-05  2.7376647739846896E-02  3.1957049221682629E-09
   238   22.610000      0.0000000000000000E+00  8.0908592974190072E-09  4.9224804141868417E-01  3.1685045072456712E-05  2.6240012209024027E-02  4.0658703816980142E-09
   239   22.705000      0.0000000000000000E+00  7.5020949470526161E-09  5.0285827008703332E-01  3.4214888430922236E-05  2.4865881012378750E-02  5.0393842390111592E-09
   240   22.800000      0.0000000000000000E+00  6.8955235156328670E-09  5.1494585345388588E-01  3.7113878302742949E-05  2.3318380104917869E-02  6.1050612422868845E-09
   241   22.895000      0.0000000000000000E+00  6.4447901044110193E-09  5.2851775569392734E-01  4.0093943165065807E-05  2.1663825756707687E-02  7.1877324735898323E-09
   242   22.990000      0.0000000000000000E+00  6.5139509655116016E-09  5.4348604160312275E-01  4.2886826868499278E-05  1.9953979039884519E-02  7.8696056302515256E-09
   243   23.085000      0.0000000000000000E+00  7.2288897579927081E-09  5.5965757508701952E-01  4.5265352879771778E-05  1.8225287430782507E-02  7.8649952195464100E-09
   244   23.180000      0.0000000000000000E+00  8.2424254333477999E-09  5.7671741048591973E-01  4.7017411279341076E-05  1.6520449297813069E-02  7.4148820626519957E-09
   245   23.275000      0.0000000000000000E+00  9.1506944557383237E-09  5.9425263731277378E-01  4.8087945140586904E-05  1.4902260722259376E-02  6.9258412619893015E-09
   246   23.370000      0.0000000000000000E+00  9.8823184492970075E-09  6.1182908877307662E-01  4.8585199091222807E-05  1.3438178496762793E-02  6.5152015317541788E-09
   247   23.465000      0.0000000000000000E+00  1.0493329138909624E-08  6.2907238116632491E-01  4.8734203606952476E-05  1.2175619561084794E-02  6.1079629056753984E-09
   248   23.560000      0.0000000000000000E+00  1.0767900059321301E-08  6.4571709088888107E-01  4.8847207948161317E-05  1.1130347427627493E-02  5.8837427975417051E-09
   249   23.655000      0.0000000000000000E+00  1.0453510203937527E-08  6.6160383632406428E-01  4.9216868537758401E-05  1.0290508756249704E-02  6.0726136209305515E-09
   250   23.750000      0.0000000000000000E+00  9.6509690606713321E-09  6.7661400039597652E-01  4.9998484810138512E-05  9.6417233430945697E-03  6.5927093109360067E-09
   251   23.845000      0.0000000000000000E+00  8.8725835086648417E-09  6.9059532269909563E-01  5.1328309631140159E-05  9.1814019355258882E-03  6.9252490050075537E-09
   252   23.940000      0.0000000000000000E+00  8.5131447101336802E-09  7.0332341108725849E-01  5.3269989729174777E-05  8.9153465292921806E-03  6.6486487281890689E-09
   253   24.035000      0.0000000000000000E+00  8.3900382682904249E-09  7.1449748570451144E-01  5.5864450765540351E-05  8.8620089727866804E-03  6.0697581649782993E-09
   254   24.130000      0.0000000000000000E+00  8.3199979163844399E-09  7.2376984802880318E-01  5.9344421949070986E-05  9.0605720264885902E-03  5.5697837916736233E-09
   255   24.225000      0.0000000000000000E+00  8.3904663297598598E-09  7.3081322066031751E-01  6.3989802687600917E-05  9.5670410272955947E-03  5.2530038630656292E-09
   256   24.320000      0.0000000000000000E+00  8.7149369351073141E-09  7.3540412157937407E-01  6.9802896065742704E-05  1.0431383927181683E-02  5.0688155988083526E-09
   257   24.415000      0.0000000000000000E+00  9.2521909689978815E-09  7.3747743987999559E-01  7.5893659424657619E-05  1.1678733348269851E-02  4.8685567311062003E-09
   258   24.510000      0.0000000000000000E+00  9.6523668863562816E-09  7.3713686922772925E-01  8.0368858312581965E-05  1.3296450325804378E-02  4.7891756773500334E-09
   259   24.605000      0.0000000000000000E+00  9.6539420331591756E-09  7.3462539979471275E-01  8.1235159389959853E-05  1.5233955058424993E-02  4.9424015553229299E-09
   260   24.700000      0.0000000000000000E+00  9.2582344937340072E-09  7.3027717029267358E-01  7.7953363987421655E-05  1.7409096363181983E-02  5.2355423264404099E-09
   261   24.795000      0.0000000000000000E+00  8.6731917881337972E-09  7.2447799184757344E-01  7.1997019940615357E-05  1.9713214182572710E-02  5.4501183726707480E-09
   262   24.890000      0.0000000000000000E+00  8.3086092458794532E-09  7.1764930651333658E-01  6.6019220378113727E-05  2.2013351677622556E-02  5.3103455831115893E-09
   263   24.985000      0.0000000000000000E+00  8.4095823021874193E-09  7.1024010546377614E-01  6.2106828870008414E-05  2.4165179897184780E-02  4.8951733426284948E-09
   264   25.080000      0.0000000000000000E+00  8.8854186924273692E-09  7.0270055178959945E-01  6.1032023959535827E-05  2.6040771707093169E-02  4.6014706327286057E-09
   265   25.175000      0.0000000000000000E+00  9.6512481917359359E-09  6.9542845583588619E-01  6.2426932258107478E-05  2.7568127354542990E-02  4.6144181129710027E-09
   266   25.270000      0.0000000000000000E+00  1.0766423463765192E-08  6.8873273736559093E-01  6.5735078800827944E-05  2.8755883112929412E-02  4.8120583497493452E-09
   267   25.365000      0.0000000000000000E+00  1.2107123531210671E-08  6.8285288291162494E-01  7.0759681240298498E-05  2.9677260169132882E-02  5.1476184732427602E-09
   268   25.460000      0.0000000000000000E+00  1.3262505048698935E-08  6.7801936719033906E-01  7.7216599560059898E-05  3.0435630035190953E-02  5.6599169738289409E-09
   269   25.555000      0.0000000000000000E+00  1.3767808739587064E-08  6.7452186737889708E-01  8.4018939009871792E-05  3.1124469718499116E-02  6.3646139875474663E-09
   270   25.650000      0.0000000000000000E+00  1.3417267432118243E-08  6.7274687393528987E-01  8.9976399237595532E-05  3.1782056438367449E-02  7.2160715395747883E-09
   271   25.745000      0.0000000000000000E+00  1.2386072154932496E-08  6.7312059441330629E-01  9.4726892755603114E-05  3.2369502936486397E-02  8.0944485569131134E-09
   272   25.840000      0.0000000000000000E+00  1.1238205261446467E-08  6.7593778600533216E-01  9.8443328050089066E-05  3.2802652231945902E-02  8.6606385736145907E-09
   273   25.935000      0.0000000000000000E+00  1.0712759123424684E-08  6.8119443036001925E-01  1.0113740870643513E-04  3.3007769486229931E-02  8.3592935048091204E-09
   274   26.030000      0.0000000000000000E+00  1.1040249849537612E-08  6.8858092653056302E-01  1.0218802158194465E-04  3.2934001062467320E-02  7.1471562908533027E-09
   275   26.125000      0.0000000000000000E+00  1.1809797631783981E-08  6.9762742242831832E-01  1.0142611499832261E-04  3.2515614082554482E-02  5.6394615305644245E-09
   276   26.220000      0.0000000000000000E+00  1.2340615049297244E-08  7.0784289144892842E-01  1.0029191725901914E-04  3.1666398409656592E-02  4.6971508138910234E-09
   277   26.315000      0.0000000000000000E+00  1.2343697276182562E-08  7.1872549145489661E-01  1.0100362540050391E-04  3.0331434356603067E-02  4.6568479336931817E-09
   278   26.410000      0.0000000000000000E+00  1.2401708326682897E-08  7.2968595368431444E-01  1.0469473850577101E-04  2.8553548570096524E-02  4.5927184037033601E-09
   279   26.505000      0.0000000000000000E+00  1.2523718118315375E-08  7.4000277491864930E-01  1.1049304666734016E-04  2.6496254889318033E-02  4.2130205587372625E-09
   280   26.600000      0.0000000000000000E+00  1.1828091395726766E-08  7.4886792482075448E-01  1.1680712457960876E-04  2.4422092837197831E-02  4.4766674877326311E-09
   281   26.695000      0.0000000000000000E+00  1.0354815229720900E-08  7.5552134113625202E-01  1.2316792466277694E-04  2.2622588976785929E-02  5.4071453904895009E-09
   282   26.790000      0.0000000000000000E+00  8.9728504851947995E-09  7.5940090964294971E-01  1.2998120974421149E-04  2.1333979836550759E-02  6.2814389830014610E-09
   283   26.885000      0.0000000000000000E+00  8.4756824754257517E-09  7.6024555488133760E-01  1.3740436118720405E-04  2.0674790278682405E-02  6.4415084871155663E-09
   284   26.980000      0.0000000000000000E+00  8.9705570753072401E-09  7.5812952405196787E-01  1.4445722329677467E-04  2.0615770640639491E-02  5.8200190383633535E-09
   285   27.075000      0.0000000000000000E+00  9.7702340112348689E-09  7.5339516434598819E-01  1.4965991839614848E-04  2.1013862720535806E-02  5.1204546932067948E-09
   286   27.170000      0.0000000000000000E+00  1.0333734563055733E-08  7.4650654921421378E-01  1.5272215240111367E-04  2.1688812736953805E-02  4.7722463361125197E-09
   287   27.265000      0.0000000000000000E+00  1.0585576620494512E-08  7.3792115159635618E-01  1.5435876409929401E-04  2.2506299162048528E-02  4.7404065014159077E-09
   288   27.360000      0.0000000000000000E+00  1.0565361876733190E-08  7.2807272984360694E-01  1.5504090844170422E-04  2.3407569824525951E-02  4.9687494956994790E-09
   289   27.455000      0.0000000000000000E+00  1.0254025969799631E-08  7.1743408985204360E-01  1.5439882490318578E-04  2.4376963298120075E-02  5.4636529304241243E-09
   290   27.550000      0.0000000000000000E+00  9.7396568336651157E-09  7.0653222969699847E-01  1.5113984712993955E-04  2.5417376391764182E-02  6.0355525750587831E-09
   291   27.645000      0.0000000000000000E+00  9.2388003242816901E-09  6.9586807730807887E-01  1.4409375053131714E-04  2.6559147304811570E-02  6.3522179934794738E-09
   292   27.740000      0.0000000000000000E+00  8.8464359361172204E-09  6.8579784567758351E-01  1.3352059819115290E-04  2.7872895132283349E-02  6.3256483176339664E-09
   293   27.835000      0.0000000000000000E+00  8.6170687569949568E-09  6.7645311752517723E-01  1.2157517696817812E-04  2.9471177317078479E-02  5.9598884606464234E-09
   294   27.930000      0.0000000000000000E+00  8.6919416406657182E-09  6.6774961453528192E-01  1.1132621441646448E-04  3.1482248102905175E-02  5.1217122410387235E-09
   295   28.025000      0.0000000000000000E+00  9.0049581343782037E-09  6.5949536397310426E-01  1.0506205148252688E-04  3.3994572897344720E-02  3.9541096094662876E-09
   296   28.120000      0.0000000000000000E+00  9.2576983003150142E-09  6.5153691955127435E-01  1.0265316270408874E-04  3.6997099466042703E-02  2.9419776569234569E-09
   297   28.215000      0.0000000000000000E+00  9.1675771135484051E-09  6.4384702980465347E-01  1.0208883969203077E-04  4.0354603248514059E-02  2.5529275202003377E-09
   298   28.310000      0.0000000000000000E+00  8.6324592113110463E-09  6.3650859132864079E-01  1.0077338196601573E-04  4.3833352094947160E-02  2.9835420897729085E-09
   299   28.405000      0.0000000000000000E+00  7.9350704672384205E-09  6.2964592649441764E-01  9.7372646991906233E-05  4.7154647385776377E-02  3.9509958055041371E-09
   300   28.500000      0.0000000000000000E+00  7.6045368782228000E-09  6.2337053764213057E-01  9.2259537570291313E-05  5.0044754012487869E-02  4.8755909464078867E-09
   301   28.595000      0.0000000000000000E+00  7.8711388649142668E-09  6.1773925761147408E-01  8.7273433388965411E-05  5.2286009149746682E-02  5.4792507043992884E-09
   302   28.690000      0.0000000000000000E+00  8.5995838860074895E-09  6.1272454126611309E-01  8.5333173659511295E-05  5.3752798078677257E-02  5.7857960814368040E-09
   303   28.785000      0.0000000000000000E+00  9.5261780663873298E-09  6.0823417589447082E-01  8.8797698255812556E-05  5.4399611461344602E-02  5.9155709726079103E-09
   304   28.880000      0.0000000000000000E+00  1.0530767630762287E-08  6.0416812903791550E-01  9.8338977279407348E-05  5.4215866809136974E-02  5.8990043073355114E-09
   305   28.975000      0.0000000000000000E+00  1.1777884161245813E-08  6.0045514849649306E-01  1.1280584067276620E-04  5.3208104027407811E-02  5.5030868962362464E-09
   306   29.070000      0.0000000000000000E+00  1.3143923234789348E-08  5.9707397596076572E-01  1.3001607866685029E-04  5.1405414484583738E-02  4.8748219842295917E-09
   307   29.165000      0.0000000000000000E+00  1.4191127770728999E-08  5.9408744593304152E-01  1.4723675709210805E-04  4.8867119537044312E-02  4.5231352062738774E-09
   308   29.260000      0.0000000000000000E+00  1.4749053983186184E-08  5.9167831212225042E-01  1.6243308763630795E-04  4.5676526978023567E-02  4.6649910176526807E-09
   309   29.355000      0.0000000000000000E+00  1.4888798152065340E-08  5.9014383284102812E-01  1.7378911148260574E-04  4.1931368825781912E-02  5.2072939567861063E-09
   310   29.450000      0.0000000000000000E+00  1.4540463248468582E-08  5.8981534838864202E-01  1.8022868979492446E-04  3.7750862013643152E-02  6.0550001362174086E-09
   311   29.545000      0.0000000000000000E+00  1.3470394306537257E-08  5.9092197463473350E-01  1.8139556514111576E-04  3.3301245083411542E-02  7.2778219807042257E-09
   312   29.640000      0.0000000000000000E+00  1.1876991423855110E-08  5.9346523058327005E-01  1.7780704915328530E-04  2.8816384929533104E-02  8.6114005852978296E-09
   313   29.735000      0.0000000000000000E+00  1.0443597895317168E-08  5.9717888713513323E-01  1.7074116128670190E-04  2.4576624716948992E-02  9.4063004514571802E-09
   314   29.830000      0.0000000000000000E+00  9.6604500971399781E-09  6.0160320296196679E-01  1.6229662936464358E-04  2.0845771657902180E-02  9.2574989303244876E-09
   315   29.925000      0.0000000000000000E+00  9.4138003221149334E-09  6.0620540366027420E-01  1.5469318225114960E-04  1.7814058029934982E-02  8.3989006480272307E-09
   316   30.020000      0.0000000000000000E+00  9.3042442628932057E-09  6.1046623115031928E-01  1.4988257295147560E-04  1.5582734237600416E-02  7.3797110859891845E-09
   317   30.115000      0.0000000000000000E+00  9.1961694618706427E-09  6.1390558465674161E-01  1.4953030784294088E-04  1.4183671670777637E-02  6.4212746280467133E-09
   318   30.210000      0.0000000000000000E+00  9.1274351794127924E-09  6.1609906728836195E-01  1.5401567758908729E-04  1.3599137547105440E-02  5.5254962303182325E-09
   319   30.305000      0.0000000000000000E+00  9.0388365647344234E-09  6.1674454867963791E-01  1.6224111238121323E-04  1.3749757007749453E-02  4.7695790060098481E-09
   320   30.400000      0.0000000000000000E+00  8.7326449274090354E-09  6.1574935917498963E-01  1.7198102602430717E-04  1.4483767034169365E-02  4.4492247332203099E-09
   321   30.495000      0.0000000000000000E+00  8.1780085454302530E-09  6.1326213226862980E-01  1.8112491545292493E-04  1.5591893611509268E-02  4.7357986365178573E-09
   322   30.590000      0.0000000000000000E+00  7.7603374155444456E-09  6.0961358869264437E-01  1.8827648457371297E-04  1.6853649007967066E-02  5.2119623646737268E-09
   323   30.685000      0.0000000000000000E+00  7.7348507290567372E-09  6.0520299067823269E-01  1.9248613737094092E-04  1.8080461440865531E-02  5.4783919573438538E-09
   324   30.780000      0.0000000000000000E+00  8.0425950136227047E-09  6.0037588875912185E-01  1.9314059613505217E-04  1.9146866605196062E-02  5.4348085608087324E-09
   325   30.875000      0.0000000000000000E+00  8.5170063239457337E-09  5.9531115540613200E-01  1.9035029702074856E-04  2.0011285576024510E-02  5.1295039078040307E-09
   326   30.970000      0.0000000000000000E+00  8.9026201005683608E-09  5.8994739843116306E-01  1.8525547986522029E-04  2.0725504142184565E-02  4.8440150731761086E-09
   327   31.065000      0.0000000000000000E+00  9.1363855051782966E-09  5.8401237138477002E-01  1.8000407181825370E-04  2.1410706307035662E-02  4.6620943851756555E-09
   328   31.160000      0.0000000000000000E+00  9.2049517229797671E-09  5.7718705188786823E-01  1.7733092320571807E-04  2.2184669953777287E-02  4.6372015703744389E-09
   329   31.255000      0.0000000000000000E+00  9.0584843797420189E-09  5.6931316391576059E-01  1.7928607490402086E-04  2.3077932606536788E-02  4.9222618311406800E-09
   330   31.350000      0.0000000000000000E+00  8.8303938994145168E-09  5.6049195603538304E-01  1.8638168959738327E-04  2.4015846405258168E-02  5.5239420710820537E-09
   331   31.445000      0.0000000000000000E+00  8.8069672352831328E-09  5.5105819053372473E-01  1.9654619303149858E-04  2.4860285056299621E-02  6.2971248987243107E-09
   332   31.540000      0.0000000000000000E+00  9.3041717115184092E-09  5.4150326799756254E-01  2.0544497715618964E-04  2.5426067509389274E-02  6.8674809308496197E-09
   333   31.635000      0.0000000000000000E+00  1.0302920482545969E-08  5.3234692849200893E-01  2.0798663481019940E-04  2.5515174601649138E-02  6.9557084340122400E-09
   334   31.730000      0.0000000000000000E+00  1.1299906636513792E-08  5.2398101246452033E-01  2.0128356335535210E-04  2.4977990659518265E-02  6.7526066951203703E-09
   335   31.825000      0.0000000000000000E+00  1.1839397530522024E-08  5.1656173029700747E-01  1.8713836299290217E-04  2.3796446069468666E-02  6.5838627849292760E-09
   336   31.920000      0.0000000000000000E+00  1.1985824298781231E-08  5.0999667395764081E-01  1.7143762467639620E-04  2.2132612861682721E-02  6.4563060612080409E-09
   337   32.015000      0.0000000000000000E+00  1.1992463760803886E-08  5.0402224644416749E-01  1.6000479151879511E-04  2.0324603356883672E-02  6.3492581371576602E-09
   338   32.110000      0.0000000000000000E+00  1.2025177200922472E-08  4.9832598593421551E-01  1.5468998754513270E-04  1.8823295728376332E-02  6.3190746377936406E-09
   339   32.205000      0.0000000000000000E+00  1.2167864305919220E-08  4.9267732658402752E-01  1.5368051547398444E-04  1.8076497783111951E-02  6.3535576029897506E-09
   340   32.300000      0.0000000000000000E+00  1.2380244223817456E-08  4.8704133095235591E-01  1.5507024277524887E-04  1.8388550641793344E-02  6.4349083330491344E-09
   341   32.395000      0.0000000000000000E+00  1.2498324068991913E-08  4.8164489482198647E-01  1.5956663703051824E-04  1.9817364244154520E-02  6.6832307201994893E-09
   342   32.490000      0.0000000000000000E+00  1.2355395097323420E-08  4.7696229015385294E-01  1.6905870282957973E-04  2.2165462596647510E-02  7.3005168606886709E-09
   343   32.585000      0.0000000000000000E+00  1.2068886490831569E-08  4.7361163300162251E-01  1.8413806519775193E-04  2.5057920089079418E-02  8.1465618261906254E-09
   344   32.680000      0.0000000000000000E+00  1.2033899184503302E-08  4.7219577185524814E-01  2.0330945453230122E-04  2.8062673704991728E-02  8.7004693617466563E-09
   345   32.775000      0.0000000000000000E+00  1.2678867550950631E-08  4.7316535255997483E-01  2.2433959498722973E-04  3.0801047001721635E-02  8.3857391907882464E-09
   346   32.870000      0.0000000000000000E+00  1.3947166844452801E-08  4.7676422035263449E-01  2.4482528162014528E-04  3.3000951326165831E-02  7.1618598380165326E-09
   347   32.965000      0.0000000000000000E+00  1.4924279086786514E-08  4.8303532344710282E-01  2.6193410481158060E-04  3.4496403613682926E-02  6.0456698623261655E-09
   348   33.060000      0.0000000000000000E+00  1.5169309224073021E-08  4.9183610758441998E-01  2.7329320090376403E-04  3.5215647829233830E-02  5.4690517470245354E-09
   349   33.155000      0.0000000000000000E+00  1.5252741007813182E-08  5.0283551353271672E-01  2.7905124997671977E-04  3.5178652687666540E-02  4.7202956289231106E-09
   350   33.250000      0.0000000000000000E+00  1.5337997046848612E-08  5.1550507732887729E-01  2.8141968119780642E-04  3.4504573637882063E-02  3.8455589016534374E-09
   351   33.345000      0.0000000000000000E+00  1.5156120384212847E-08  5.2913739700241380E-01  2.8209114543195412E-04  3.3427615439131655E-02  3.3696331289753769E-09
   352   33.440000      0.0000000000000000E+00  1.4429466235652903E-08  5.4292669655448911E-01  2.8075742355235646E-04  3.2280234763685925E-02  3.6138291293207947E-09
   353   33.535000      0.0000000000000000E+00  1.3065443310773715E-08  5.5610086416256788E-01  2.7620083180936134E-04  3.1426741213393186E-02  4.5648215439940228E-09
   354   33.630000      0.0000000000000000E+00  1.1479702407049199E-08  5.6805544018392351E-01  2.6817450389829932E-04  3.1172329963499501E-02  5.5530949443014062E-09
   355   33.725000      0.0000000000000000E+00  9.9945973573220648E-09  5.7841834514505541E-01  2.5793133196846257E-04  3.1682752715387688E-02  6.2003288963051545E-09
   356   33.820000      0.0000000000000000E+00  8.7939678666173320E-09  5.8698993471322014E-01  2.4805311397501170E-04  3.2972367971193108E-02  6.4643925622834297E-09
   357   33.915000      0.0000000000000000E+00  8.1303307299888775E-09  5.9363405181038342E-01  2.4216898313571538E-04  3.4937030467234557E-02  6.2545787527210455E-09
   358   34.010000      0.0000000000000000E+00  8.0007903348452440E-09  5.9823397254805166E-01  2.4389762861666854E-04  3.7370692226523373E-02  5.6580823763146988E-09
   359   34.105000      0.0000000000000000E+00  8.0610812681278307E-09  6.0070752329434984E-01  2.5676411271911007E-04  3.9968233161134459E-02  5.1180502904607797E-09
   360   34.200000      0.0000000000000000E+00  8.1472002351083372E-09  6.0101164667565543E-01  2.8362099963269368E-04  4.2372929826196157E-02  4.9163282925868566E-09
   361   34.295000      0.0000000000000000E+00  8.3955733965355038E-09  5.9911988002014371E-01  3.2591759942366452E-04  4.4270287760101015E-02  4.8845152859906886E-09
   362   34.390000      0.0000000000000000E+00  8.7139718402389292E-09  5.9502645210025396E-01  3.8082835423828535E-04  4.5447188930186275E-02  4.9141345989735996E-09
   363   34.485000      0.0000000000000000E+00  8.7119613898442667E-09  5.8881443481911644E-01  4.3801409105501663E-04  4.5762556682426202E-02  5.2327166879727429E-09
   364   34.580000      0.0000000000000000E+00  8.3485867800701947E-09  5.8072940402691342E-01  4.8115990285518432E-04  4.5105199015905158E-02  5.8668568516007231E-09
   365   34.675000      0.0000000000000000E+00  8.0467338952126215E-09  5.7117127480333629E-01  4.9668056244249264E-04  4.3416378609338349E-02  6.4846396611850634E-09
   366   34.770000      0.0000000000000000E+00  8.2128493280185268E-09  5.6062199237170063E-01  4.8077676335455885E-04  4.0736934023409145E-02  6.7740541748565597E-09
   367   34.865000      0.0000000000000000E+00  8.9500763933498735E-09  5.4957593880133548E-01  4.4042576362672466E-04  3.7215392163868682E-02  6.6985392567880712E-09
   368   34.960000      0.0000000000000000E+00  1.0025608490367555E-08  5.3848953595992100E-01  3.8829239044707885E-04  3.3092627908064338E-02  6.5332180121497576E-09
   369   35.055000      0.0000000000000000E+00  1.0940810827524093E-08  5.2774812569632146E-01  3.3973833463916785E-04  2.8690036504386320E-02  6.7447135758791965E-09
   370   35.150000      0.0000000000000000E+00  1.1255663290234423E-08  5.1766835988650006E-01  3.0479834707875761E-04  2.4371240810877229E-02  7.5765911355046707E-09
   371   35.245000      0.0000000000000000E+00  1.0927459571572416E-08  5.0854947512512783E-01  2.8540252497459421E-04  2.0459608170305822E-02  8.8488508939167839E-09
   372   35.340000      0.0000000000000000E+00  1.0410200771962195E-08  5.0070115944127169E-01  2.8017574111128065E-04  1.7170484955110105E-02  1.0061516940696878E-08
   373   35.435000      0.0000000000000000E+00  1.0249660921247923E-08  4.9437867480975967E-01  2.8884381636761625E-04  1.4632537205402746E-02  1.0767230002579712E-08
   374   35.530000      0.0000000000000000E+00  1.0528614878497414E-08  4.8967370738299620E-01  3.1155641303849056E-04  1.2966952693712456E-02  1.0986839656131927E-08
   375   35.625000      0.0000000000000000E+00  1.1207187237612386E-08  4.8651694312681271E-01  3.4363218491197963E-04  1.2294523592965165E-02  1.0707560137866263E-08
   376   35.720000      0.0000000000000000E+00  1.2405666555244223E-08  4.8479463189904681E-01  3.7908483366098960E-04  1.2653801388563224E-02  9.6916062728620192E-09
   377   35.815000      0.0000000000000000E+00  1.4015806610328745E-08  4.8442680156048318E-01  4.1745858943774785E-04  1.3956269359365968E-02  8.0740229212081374E-09
   378   35.910000      0.0000000000000000E+00  1.5628622542688030E-08  4.8531953566272357E-01  4.6485917887653314E-04  1.6027281356135913E-02  6.3374468174295319E-09
   379   36.005000      0.0000000000000000E+00  1.6798790418808810E-08  4.8732363129227008E-01  5.2489411071648278E-04  1.8643128899537117E-02  5.0541879599347449E-09
   380   36.100000      0.0000000000000000E+00  1.7424148110267535E-08  4.9030230999149249E-01  5.9372999988273117E-04  2.1474157513932505E-02  4.4605868656561252E-09
   381   36.195000      0.0000000000000000E+00  1.7572385701758694E-08  4.9415767794393678E-01  6.6154516943411521E-04  2.4101378047575298E-02  4.6555570071018087E-09
   382   36.290000      0.0000000000000000E+00  1.7313125833703724E-08  4.9871617726282197E-01  7.1844446886367970E-04  2.6141395895209953E-02  5.7028767549558461E-09
   383   36.385000      0.0000000000000000E+00  1.6874737176165502E-08  5.0361393185324488E-01  7.5639716642702355E-04  2.7388593915982286E-02  7.3568245212220974E-09
   384   36.480000      0.0000000000000000E+00  1.6668116328350940E-08  5.0835352210237450E-01  7.7004072506509850E-04  2.7817608264520177E-02  9.0186955476775375E-09
   385   36.575000      0.0000000000000000E+00  1.6941527568309326E-08  5.1242320098096195E-01  7.5847993183601281E-04  2.7525979332247666E-02  1.0171408995565637E-08
   386   36.670000      0.0000000000000000E+00  1.7445278678388324E-08  5.1531423823703004E-01  7.2490891802065973E-04  2.6732731565020675E-02  1.0901337607937238E-08
   387   36.765000      0.0000000000000000E+00  1.7863116139704764E-08  5.1646785176199494E-01  6.7612851449574355E-04  2.5808332623518095E-02  1.1460406006252630E-08
   388   36.860000      0.0000000000000000E+00  1.8282518792816761E-08  5.1530241515675990E-01  6.1952555543153757E-04  2.5223625222489277E-02  1.1735313320208215E-08
   389   36.955000      0.0000000000000000E+00  1.8997009770244379E-08  5.1135045617819053E-01  5.6115290081377815E-04  2.5394752885356850E-02  1.1333788004232557E-08
   390   37.050000      0.0000000000000000E+00  1.9871611143970768E-08  5.0439121599391112E-01  5.0584430413280388E-04  2.6540681475171558E-02  1.0256877983774422E-08
   391   37.145000      0.0000000000000000E+00  2.0194583038152329E-08  4.9449029341873474E-01  4.5931793124203877E-04  2.8637160476097163E-02  9.3071931508208475E-09
   392   37.240000      0.0000000000000000E+00  1.9654291305692111E-08  4.8194137415827387E-01  4.2651195978553915E-04  3.1476776025214481E-02  9.0139100941414718E-09
   393   37.335000      0.0000000000000000E+00  1.8604989380421833E-08  4.6718615380597517E-01  4.1082382607350294E-04  3.4752699039943519E-02  9.1863125814832021E-09
   394   37.430000      0.0000000000000000E+00  1.7463405574226964E-08  4.5074393091483822E-01  4.1294263410149063E-04  3.8152286437635435E-02  9.5070212954120201E-09
   395   37.525000      0.0000000000000000E+00  1.6619661726070022E-08  4.3312168595591527E-01  4.3040919479817919E-04  4.1478967855273302E-02  9.6172699151622117E-09
   396   37.620000      0.0000000000000000E+00  1.6211726778713713E-08  4.1474638554223342E-01  4.5796015920858814E-04  4.4741215542464803E-02  9.4795708256750510E-09
   397   37.715000      0.0000000000000000E+00  1.6042234521399910E-08  3.9602069980775972E-01  4.9087737613113722E-04  4.8104772413702382E-02  9.3155560369798169E-09
   398   37.810000      0.0000000000000000E+00  1.5848628632559721E-08  3.7747478435314258E-01  5.2692312740886362E-04  5.1740081044360210E-02  9.2479119416981808E-09
   399   37.905000      0.0000000000000000E+00  1.5565773259040654E-08  3.5985758453341204E-01  5.6690874670578615E-04  5.5690562708388403E-02  9.2338077549069554E-09
   400   38.000000      0.0000000000000000E+00  1.5373429833416538E-08  3.4405725104245372E-01  6.1293689662035025E-04  5.9859879458079468E-02  9.0179964028012163E-09
   401   38.095000      0.0000000000000000E+00  1.5192225632283255E-08  3.3092512546927033E-01  6.6460360300375776E-04  6.4075738387381356E-02  8.6512555612023188E-09
   402   38.190000      0.0000000000000000E+00  1.4683173305548096E-08  3.2115078029799760E-01  7.1648651608135442E-04  6.8127703229652517E-02  8.4591445714747937E-09
   403   38.285000      0.0000000000000000E+00  1.3811651621666345E-08  3.1522649476980269E-01  7.5800725909921625E-04  7.1755370456511633E-02  8.4887155353750814E-09
   404   38.380000      0.0000000000000000E+00  1.2926603619603034E-08  3.1342000825387140E-01  7.7878124912685509E-04  7.4653297431583415E-02  8.4902523844920655E-09
   405   38.475000      0.0000000000000000E+00  1.2301938858825489E-08  3.1568101378187940E-01  7.7580194267420238E-04  7.6534886575479522E-02  8.3552644298670527E-09
   406   38.570000      0.0000000000000000E+00  1.1971399434011665E-08  3.2154129677885623E-01  7.5566332492283609E-04  7.7181181660676640E-02  8.1182436789242869E-09
   407   38.665000      0.0000000000000000E+00  1.1774850101171544E-08  3.3011634450333482E-01  7.3036451564604903E-04  7.6432272562590317E-02  7.9090047974050498E-09
   408   38.760000      0.0000000000000000E+00  1.1499994569675238E-08  3.4020744596416930E-01  7.1005544684671199E-04  7.4216210285688658E-02  7.8960154505055041E-09
   409   38.855000      0.0000000000000000E+00  1.1073002950811305E-08  3.5047004052859082E-01  6.9922860460552567E-04  7.0633180755841254E-02  8.1078997424716878E-09
   410   38.950000      0.0000000000000000E+00  1.0604242554978122E-08  3.5964175373664187E-01  6.9866542105454660E-04  6.5981837369638918E-02  8.4020429548596110E-09
   411   39.045000      0.0000000000000000E+00  1.0327218561506289E-08  3.6677471793728672E-01  7.1083190995752327E-04  6.0670524928781389E-02  8.5192584747908004E-09
   412   39.140000      0.0000000000000000E+00  1.0213081238293560E-08  3.7135431932141716E-01  7.4268131015861139E-04  5.5113224724315249E-02  8.4913153000770363E-09
   413   39.235000      0.0000000000000000E+00  9.8383045091687921E-09  3.7326107258111640E-01  8.0095641273927529E-04  4.9690991147847731E-02  8.7190954052245596E-09
   414   39.330000      0.0000000000000000E+00  8.8275342711927587E-09  3.7265108389274676E-01  8.8389116294472535E-04  4.4749890157345373E-02  9.5176781262181409E-09
   415   39.425000      0.0000000000000000E+00  7.5026429925797976E-09  3.6986347857435686E-01  9.7659105339982489E-04  4.0574265420238342E-02  1.0532956243208984E-08
   416   39.520000      0.0000000000000000E+00  6.9761416204588222E-09  3.6541130322056237E-01  1.0551837716854355E-03  3.7302913727157848E-02  1.0559644509430338E-08
   417   39.615000      0.0000000000000000E+00  7.5819036836756142E-09  3.5996430638568344E-01  1.0971497197517447E-03  3.4879710346310704E-02  9.3390435888405683E-09
   418   39.710000      0.0000000000000000E+00  8.4041870836482213E-09  3.5420556832491157E-01  1.0909587763650267E-03  3.3145939984621196E-02  8.0372699449983683E-09
   419   39.805000      0.0000000000000000E+00  8.9320937529879214E-09  3.4865166081263443E-01  1.0412909458662166E-03  3.1974823678262487E-02  7.1024885541853171E-09
   420   39.900000      0.0000000000000000E+00  9.2694717105322426E-09  3.4361907694692689E-01  9.6829354246122682E-04  3.1267312869254438E-02  6.2977417383842773E-09
   421   39.995000      0.0000000000000000E+00  9.6701887011521903E-09  3.3929798036950604E-01  9.0040307766523257E-04  3.0879800426869039E-02  5.4323110252059636E-09
   422   40.090000      0.0000000000000000E+00  1.0220890362263596E-08  3.3575865453560727E-01  8.6391769393062831E-04  3.0684399832069123E-02  4.4964780556748399E-09
