! Kinetic energy for species "electrons-down"
  Iter        Time          Total Par.             Kin. Energy
     0   0.0000000             128000  1.0647260649414148E+00
     1  0.95000000E-01         128000  1.0647261401498018E+00
     2  0.19000000             128000  1.0647263651147560E+00
     3  0.28500000             128000  1.0647267376949858E+00
     4  0.38000000             128000  1.0647272540251940E+00
     5  0.47500000             128000  1.0647279084798216E+00
     6  0.57000000             128000  1.0647286937862352E+00
     7  0.66500000             128000  1.0647296010788119E+00
     8  0.76000000             128000  1.0647306199105819E+00
     9  0.85500000             128000  1.0647317384520127E+00
    10  0.95000000             128000  1.0647329438682962E+00
    11   1.0450000             128000  1.0647342226089764E+00
    12   1.1400000             128000  1.0647355604932873E+00
    13   1.2350000             128000  1.0647369426843192E+00
    14   1.3300000             128000  1.0647383536385044E+00
    15   1.4250000             128000  1.0647397771334353E+00
    16   1.5200000             128000  1.0647411964990812E+00
    17   1.6150000             128000  1.0647425950030360E+00
    18   1.7100000             128000  1.0647439562799881E+00
    19   1.8050000             128000  1.0647452647630784E+00
    20   1.9000000             128000  1.0647465058082499E+00
    21   1.9950000             128000  1.0647476652210153E+00
    22   2.0900000             128000  1.0647487288694311E+00
    23   2.1850000             128000  1.0647496834473462E+00
    24   2.2800000             128000  1.0647505179526349E+00
    25   2.3750000             128000  1.0647512241669417E+00
    26   2.4700000             128000  1.0647517955781622E+00
    27   2.5650000             128000  1.0647522261051414E+00
    28   2.6600000             128000  1.0647525099312354E+00
    29   2.7550000             128000  1.0647526422838740E+00
    30   2.8500000             128000  1.0647526203340307E+00
    31   2.9450000             128000  1.0647524436966831E+00
    32   3.0400000             128000  1.0647521143129335E+00
    33   3.1350000             128000  1.0647516358760398E+00
    34   3.2300000             128000  1.0647510134543243E+00
    35   3.3250000             128000  1.0647502537726596E+00
    36   3.4200000             128000  1.0647493657343357E+00
    37   3.5150000             128000  1.0647483602819756E+00
    38   3.6100000             128000  1.0647472493479102E+00
    39   3.7050000             128000  1.0647460449305499E+00
    40   3.8000000             128000  1.0647447594831652E+00
    41   3.8950000             128000  1.0647434069206856E+00
    42   3.9900000             128000  1.0647420022275313E+00
    43   4.0850000             128000  1.0647405596401363E+00
    44   4.1800000             128000  1.0647390920557820E+00
    45   4.2750000             128000  1.0647376129972621E+00
    46   4.3700000             128000  1.0647361385877379E+00
    47   4.4650000             128000  1.0647346864943068E+00
    48   4.5600000             128000  1.0647332726336545E+00
    49   4.6550000             128000  1.0647319092781315E+00
    50   4.7500000             128000  1.0647306065351008E+00
    51   4.8450000             128000  1.0647293753766971E+00
    52   4.9400000             128000  1.0647282288699589E+00
    53   5.0350000             128000  1.0647271804456730E+00
    54   5.1300000             128000  1.0647262411446454E+00
    55   5.2250000             128000  1.0647254182653378E+00
    56   5.3200000             128000  1.0647247159712774E+00
    57   5.4150000             128000  1.0647241367783460E+00
    58   5.5100000             128000  1.0647236823032842E+00
    59   5.6050000             128000  1.0647233524172659E+00
    60   5.7000000             128000  1.0647231441153533E+00
    61   5.7950000             128000  1.0647230521365207E+00
    62   5.8900000             128000  1.0647230705220261E+00
    63   5.9850000             128000  1.0647231921679476E+00
    64   6.0800000             128000  1.0647234063349229E+00
    65   6.1750000             128000  1.0647236977701948E+00
    66   6.2700000             128000  1.0647240491681662E+00
    67   6.3650000             128000  1.0647244436692620E+00
    68   6.4600000             128000  1.0647248638207440E+00
    69   6.5550000             128000  1.0647252884782283E+00
    70   6.6500000             128000  1.0647256918346577E+00
    71   6.7450000             128000  1.0647260454367780E+00
    72   6.8400000             128000  1.0647263202823507E+00
    73   6.9350000             128000  1.0647264871637896E+00
    74   7.0300000             128000  1.0647265166330193E+00
    75   7.1250000             128000  1.0647263800509785E+00
    76   7.2200000             128000  1.0647260502806812E+00
    77   7.3150000             128000  1.0647254993368276E+00
    78   7.4100000             128000  1.0647246932830630E+00
    79   7.5050000             128000  1.0647235886086168E+00
    80   7.6000000             128000  1.0647221338557014E+00
    81   7.6950000             128000  1.0647202753409128E+00
    82   7.7900000             128000  1.0647179619485658E+00
    83   7.8850000             128000  1.0647151450459436E+00
    84   7.9800000             128000  1.0647117741899212E+00
    85   8.0750000             128000  1.0647077932735460E+00
    86   8.1700000             128000  1.0647031410437058E+00
    87   8.2650000             128000  1.0646977544192819E+00
    88   8.3600000             128000  1.0646915690965479E+00
    89   8.4550000             128000  1.0646845152238815E+00
    90   8.5500000             128000  1.0646765118432142E+00
    91   8.6450000             128000  1.0646674638207587E+00
    92   8.7400000             128000  1.0646572604638005E+00
    93   8.8350000             128000  1.0646457739852240E+00
    94   8.9300000             128000  1.0646328590939507E+00
    95   9.0250000             128000  1.0646183554346054E+00
    96   9.1200000             128000  1.0646020907394502E+00
    97   9.2150000             128000  1.0645838804967938E+00
    98   9.3100000             128000  1.0645635231703252E+00
    99   9.4050000             128000  1.0645407942971064E+00
   100   9.5000000             128000  1.0645154434643573E+00
   101   9.5950000             128000  1.0644871954304402E+00
   102   9.6900000             128000  1.0644557520500153E+00
   103   9.7850000             128000  1.0644207878462568E+00
   104   9.8800000             128000  1.0643819351365198E+00
   105   9.9750000             128000  1.0643387648450491E+00
   106   10.070000             128000  1.0642907742397041E+00
   107   10.165000             128000  1.0642373856262211E+00
   108   10.260000             128000  1.0641779512134526E+00
   109   10.355000             128000  1.0641117580648976E+00
   110   10.450000             128000  1.0640380275553194E+00
   111   10.545000             128000  1.0639559036061987E+00
   112   10.640000             128000  1.0638644313716963E+00
   113   10.735000             128000  1.0637625395454933E+00
   114   10.830000             128000  1.0636490379513459E+00
   115   10.925000             128000  1.0635226253286978E+00
   116   11.020000             128000  1.0633818887719269E+00
   117   11.115000             128000  1.0632252816518766E+00
   118   11.210000             128000  1.0630510863570208E+00
   119   11.305000             128000  1.0628573841955107E+00
   120   11.400000             128000  1.0626420506557750E+00
   121   11.495000             128000  1.0624027692788971E+00
   122   11.590000             128000  1.0621370389943656E+00
   123   11.685000             128000  1.0618421626741483E+00
   124   11.780000             128000  1.0615152298993102E+00
   125   11.875000             128000  1.0611531052037007E+00
   126   11.970000             128000  1.0607524137604774E+00
   127   12.065000             128000  1.0603095232032484E+00
   128   12.160000             128000  1.0598205473970075E+00
   129   12.255000             128000  1.0592813912533903E+00
   130   12.350000             128000  1.0586878148839045E+00
   131   12.445000             128000  1.0580354732414112E+00
   132   12.540000             128000  1.0573199168336798E+00
   133   12.635000             128000  1.0565365826959761E+00
   134   12.730000             128000  1.0556808261000266E+00
   135   12.825000             128000  1.0547480265077347E+00
   136   12.920000             128000  1.0537337492766605E+00
   137   13.015000             128000  1.0526339099330742E+00
   138   13.110000             128000  1.0514448824396438E+00
   139   13.205000             128000  1.0501635274416086E+00
   140   13.300000             128000  1.0487871918563652E+00
   141   13.395000             128000  1.0473137265000130E+00
   142   13.490000             128000  1.0457415189253179E+00
   143   13.585000             128000  1.0440695411159779E+00
   144   13.680000             128000  1.0422974357785519E+00
   145   13.775000             128000  1.0404256342488472E+00
   146   13.870000             128000  1.0384553813797797E+00
   147   13.965000             128000  1.0363885608319463E+00
   148   14.060000             128000  1.0342273078842046E+00
   149   14.155000             128000  1.0319735149431186E+00
   150   14.250000             128000  1.0296283808520745E+00
   151   14.345000             128000  1.0271920722192547E+00
   152   14.440000             128000  1.0246633929699134E+00
   153   14.535000             128000  1.0220394256293837E+00
   154   14.630000             128000  1.0193152490243247E+00
   155   14.725000             128000  1.0164838218672063E+00
   156   14.820000             128000  1.0135361642672061E+00
   157   14.915000             128000  1.0104619117397000E+00
   158   15.010000             128000  1.0072502484920047E+00
   159   15.105000             128000  1.0038910958746874E+00
   160   15.200000             128000  1.0003764500772581E+00
   161   15.295000             128000  9.9670170767938138E-01
   162   15.390000             128000  9.9286645860858536E-01
   163   15.485000             128000  9.8887444915625367E-01
   164   15.580000             128000  9.8473303731234973E-01
   165   15.675000             128000  9.8045257039800404E-01
   166   15.770000             128000  9.7604637562862007E-01
   167   15.865000             128000  9.7153212449728321E-01
   168   15.960000             128000  9.6693382547296713E-01
   169   16.055000             128000  9.6228278721924876E-01
   170   16.150000             128000  9.5761756200941694E-01
   171   16.245000             128000  9.5298420585910970E-01
   172   16.340000             128000  9.4843601131928135E-01
   173   16.435000             128000  9.4403084920213121E-01
   174   16.530000             128000  9.3982741241585277E-01
   175   16.625000             128000  9.3588223066724852E-01
   176   16.720000             128000  9.3224864066933477E-01
   177   16.815000             128000  9.2897765257409459E-01
   178   16.910000             128000  9.2611644634241141E-01
   179   17.005000             128000  9.2370485734753194E-01
   180   17.100000             128000  9.2177456517751810E-01
   181   17.195000             128000  9.2034662359794028E-01
   182   17.290000             128000  9.1942793573717119E-01
   183   17.385000             128000  9.1901624086005318E-01
   184   17.480000             128000  9.1911099755982972E-01
   185   17.575000             128000  9.1972502868400086E-01
   186   17.670000             128000  9.2089369868333104E-01
   187   17.765000             128000  9.2266934510738885E-01
   188   17.860000             128000  9.2509790365108602E-01
   189   17.955000             128000  9.2819059003889115E-01
   190   18.050000             128000  9.3190897355007452E-01
   191   18.145000             128000  9.3618166729076902E-01
   192   18.240000             128000  9.4094121836385092E-01
   193   18.335000             128000  9.4614329614544324E-01
   194   18.430000             128000  9.5176570553028716E-01
   195   18.525000             128000  9.5780445452973062E-01
   196   18.620000             128000  9.6426590291897218E-01
   197   18.715000             128000  9.7115523398723136E-01
   198   18.810000             128000  9.7846008958798769E-01
   199   18.905000             128000  9.8613511821974875E-01
   200   19.000000             128000  9.9409585947410029E-01
   201   19.095000             128000  1.0022165087177157E+00
   202   19.190000             128000  1.0103343335342840E+00
   203   19.285000             128000  1.0182651114142347E+00
   204   19.380000             128000  1.0258217728046555E+00
   205   19.475000             128000  1.0328298653819299E+00
   206   19.570000             128000  1.0391442530421933E+00
   207   19.665000             128000  1.0446700894703511E+00
   208   19.760000             128000  1.0493722155723555E+00
   209   19.855000             128000  1.0532651593733333E+00
   210   19.950000             128000  1.0563884975497184E+00
   211   20.045000             128000  1.0587693473842017E+00
   212   20.140000             128000  1.0603954347531255E+00
   213   20.235000             128000  1.0612218043503723E+00
   214   20.330000             128000  1.0611923586628107E+00
   215   20.425000             128000  1.0602542434558291E+00
   216   20.520000             128000  1.0583670322754180E+00
   217   20.615000             128000  1.0555097189125322E+00
   218   20.710000             128000  1.0516820706450707E+00
   219   20.805000             128000  1.0468978103417506E+00
   220   20.900000             128000  1.0411760078169334E+00
   221   20.995000             128000  1.0345420061422002E+00
   222   21.090000             128000  1.0270333467028574E+00
   223   21.185000             128000  1.0186962763664502E+00
   224   21.280000             128000  1.0095782588585747E+00
   225   21.375000             128000  9.9972903784238110E-01
   226   21.470000             128000  9.8919998725274838E-01
   227   21.565000             128000  9.7803462593945323E-01
   228   21.660000             128000  9.6626784242774943E-01
   229   21.755000             128000  9.5393707081840873E-01
   230   21.850000             128000  9.4108897754341347E-01
   231   21.945000             128000  9.2778313612392560E-01
   232   22.040000             128000  9.1409942496456642E-01
   233   22.135000             128000  9.0013727704341262E-01
   234   22.230000             128000  8.8600727479681507E-01
   235   22.325000             128000  8.7183060998638551E-01
   236   22.420000             128000  8.5773728383025571E-01
   237   22.515000             128000  8.4385386576378907E-01
   238   22.610000             128000  8.3029651511641533E-01
   239   22.705000             128000  8.1717472783460976E-01
   240   22.800000             128000  8.0459391099452815E-01
   241   22.895000             128000  7.9265243452642353E-01
   242   22.990000             128000  7.8144299572894083E-01
   243   23.085000             128000  7.7106218425723971E-01
   244   23.180000             128000  7.6161291203471115E-01
   245   23.275000             128000  7.5319443469171621E-01
   246   23.370000             128000  7.4589515511502424E-01
   247   23.465000             128000  7.3978891871938024E-01
   248   23.560000             128000  7.3492551231569481E-01
   249   23.655000             128000  7.3132419371054191E-01
   250   23.750000             128000  7.2898273751349474E-01
   251   23.845000             128000  7.2789366621326623E-01
   252   23.940000             128000  7.2804926604836862E-01
   253   24.035000             128000  7.2943229507205187E-01
   254   24.130000             128000  7.3200549770973633E-01
   255   24.225000             128000  7.3570815379028720E-01
   256   24.320000             128000  7.4046250934767510E-01
   257   24.415000             128000  7.4618714457016022E-01
   258   24.510000             128000  7.5280451789595637E-01
   259   24.605000             128000  7.6023980172550809E-01
   260   24.700000             128000  7.6841778836853558E-01
   261   24.795000             128000  7.7726049694761268E-01
   262   24.890000             128000  7.8668878670422482E-01
   263   24.985000             128000  7.9662583120539343E-01
   264   25.080000             128000  8.0699895033563362E-01
   265   25.175000             128000  8.1773970873041524E-01
   266   25.270000             128000  8.2877499639107288E-01
   267   25.365000             128000  8.4000608256958231E-01
   268   25.460000             128000  8.5128541855749029E-01
   269   25.555000             128000  8.6240636820421890E-01
   270   25.650000             128000  8.7311986022163857E-01
   271   25.745000             128000  8.8318042471003355E-01
   272   25.840000             128000  8.9240409923945840E-01
   273   25.935000             128000  9.0070739801704558E-01
   274   26.030000             128000  9.0810668145137718E-01
   275   26.125000             128000  9.1468013481436938E-01
   276   26.220000             128000  9.2051469518293705E-01
   277   26.315000             128000  9.2568501958123817E-01
   278   26.410000             128000  9.3029064565300190E-01
   279   26.505000             128000  9.3450206184269746E-01
   280   26.600000             128000  9.3854690197478441E-01
   281   26.695000             128000  9.4264177107213554E-01
   282   26.790000             128000  9.4693011511567027E-01
   283   26.885000             128000  9.5145153473014266E-01
   284   26.980000             128000  9.5613724258999899E-01
   285   27.075000             128000  9.6084425177111499E-01
   286   27.170000             128000  9.6541219182345694E-01
   287   27.265000             128000  9.6969208556918884E-01
   288   27.360000             128000  9.7353543621988980E-01
   289   27.455000             128000  9.7677461315883463E-01
   290   27.550000             128000  9.7921820663184034E-01
   291   27.645000             128000  9.8066929476889264E-01
   292   27.740000             128000  9.8096505901476716E-01
   293   27.835000             128000  9.8001936736042183E-01
   294   27.930000             128000  9.7783758876664617E-01
   295   28.025000             128000  9.7448949989887468E-01
   296   28.120000             128000  9.7006587991149806E-01
   297   28.215000             128000  9.6464779027398118E-01
   298   28.310000             128000  9.5831141087585536E-01
   299   28.405000             128000  9.5115700182925345E-01
   300   28.500000             128000  9.4332149473725779E-01
   301   28.595000             128000  9.3497025010922896E-01
   302   28.690000             128000  9.2628138926079007E-01
   303   28.785000             128000  9.1742805221039436E-01
   304   28.880000             128000  9.0856344589932336E-01
   305   28.975000             128000  8.9981499533981935E-01
   306   29.070000             128000  8.9127682510196315E-01
   307   29.165000             128000  8.8300396204933285E-01
   308   29.260000             128000  8.7501008605937591E-01
   309   29.355000             128000  8.6726591780962503E-01
   310   29.450000             128000  8.5971063231305345E-01
   311   29.545000             128000  8.5227709326868428E-01
   312   29.640000             128000  8.4491024768456746E-01
   313   29.735000             128000  8.3757356808047900E-01
   314   29.830000             128000  8.3025970253888148E-01
   315   29.925000             128000  8.2299990707866044E-01
   316   30.020000             128000  8.1586136762045247E-01
   317   30.115000             128000  8.0894283801678801E-01
   318   30.210000             128000  8.0237568602443277E-01
   319   30.305000             128000  7.9631353387848702E-01
   320   30.400000             128000  7.9090814714335123E-01
   321   30.495000             128000  7.8627760501253252E-01
   322   30.590000             128000  7.8248104998192192E-01
   323   30.685000             128000  7.7952043911221058E-01
   324   30.780000             128000  7.7736201032151875E-01
   325   30.875000             128000  7.7595316683392224E-01
   326   30.970000             128000  7.7523113359623108E-01
   327   31.065000             128000  7.7513808557913610E-01
   328   31.160000             128000  7.7563055303831496E-01
   329   31.255000             128000  7.7665589762974296E-01
   330   31.350000             128000  7.7811771021273402E-01
   331   31.445000             128000  7.7987644710945903E-01
   332   31.540000             128000  7.8179748908423619E-01
   333   31.635000             128000  7.8380560652915721E-01
   334   31.730000             128000  7.8589127814716542E-01
   335   31.825000             128000  7.8807134636152920E-01
   336   31.920000             128000  7.9034881634236887E-01
   337   32.015000             128000  7.9269046476962501E-01
   338   32.110000             128000  7.9502418309648992E-01
   339   32.205000             128000  7.9725713542085608E-01
   340   32.300000             128000  7.9930090443274793E-01
   341   32.395000             128000  8.0109050810103311E-01
   342   32.490000             128000  8.0258549866720386E-01
   343   32.585000             128000  8.0375491706259483E-01
   344   32.680000             128000  8.0457086951107948E-01
   345   32.775000             128000  8.0501309050356173E-01
   346   32.870000             128000  8.0507820145844167E-01
   347   32.965000             128000  8.0480129673294420E-01
   348   33.060000             128000  8.0427458756431403E-01
   349   33.155000             128000  8.0364069059345966E-01
   350   33.250000             128000  8.0306882533832713E-01
   351   33.345000             128000  8.0273159230453417E-01
   352   33.440000             128000  8.0278742727271868E-01
   353   33.535000             128000  8.0337213290077403E-01
   354   33.630000             128000  8.0459404506708965E-01
   355   33.725000             128000  8.0652127975814358E-01
   356   33.820000             128000  8.0916851689109226E-01
   357   33.915000             128000  8.1250348365764824E-01
   358   34.010000             128000  8.1647446237931853E-01
   359   34.105000             128000  8.2104212403772903E-01
   360   34.200000             128000  8.2619534700152064E-01
   361   34.295000             128000  8.3194009338292596E-01
   362   34.390000             128000  8.3827665370832138E-01
   363   34.485000             128000  8.4517778242116726E-01
   364   34.580000             128000  8.5256603583114143E-01
   365   34.675000             128000  8.6030691805630843E-01
   366   34.770000             128000  8.6822966513581501E-01
   367   34.865000             128000  8.7616014632992723E-01
   368   34.960000             128000  8.8394185389407309E-01
   369   35.055000             128000  8.9144050537041142E-01
   370   35.150000             128000  8.9854908350662077E-01
   371   35.245000             128000  9.0518645642888584E-01
   372   35.340000             128000  9.1128323391043398E-01
   373   35.435000             128000  9.1676257265170946E-01
   374   35.530000             128000  9.2154150157309200E-01
   375   35.625000             128000  9.2555052896117296E-01
   376   35.720000             128000  9.2874516400105001E-01
   377   35.815000             128000  9.3110043456114344E-01
   378   35.910000             128000  9.3261496100353747E-01
   379   36.005000             128000  9.3333463771140446E-01
   380   36.100000             128000  9.3335764358253792E-01
   381   36.195000             128000  9.3282475975988632E-01
   382   36.290000             128000  9.3193055425680837E-01
   383   36.385000             128000  9.3092168799999786E-01
   384   36.480000             128000  9.3004235690045989E-01
   385   36.575000             128000  9.2948629870385058E-01
   386   36.670000             128000  9.2938160917121049E-01
   387   36.765000             128000  9.2978709590745501E-01
   388   36.860000             128000  9.3069095147511727E-01
   389   36.955000             128000  9.3201005932581726E-01
   390   37.050000             128000  9.3360262623690260E-01
   391   37.145000             128000  9.3529391975558462E-01
   392   37.240000             128000  9.3690158769353971E-01
   393   37.335000             128000  9.3825468616042518E-01
   394   37.430000             128000  9.3919475245688877E-01
   395   37.525000             128000  9.3956739901570407E-01
   396   37.620000             128000  9.3923196555095845E-01
   397   37.715000             128000  9.3807596321863118E-01
   398   37.810000             128000  9.3601247879107541E-01
   399   37.905000             128000  9.3298931244583350E-01
   400   38.000000             128000  9.2902504861945889E-01
   401   38.095000             128000  9.2423397985246669E-01
   402   38.190000             128000  9.1881971030957932E-01
   403   38.285000             128000  9.1303917129592016E-01
   404   38.380000             128000  9.0714159235191827E-01
   405   38.475000             128000  9.0133667923959204E-01
   406   38.570000             128000  8.9583206424871431E-01
   407   38.665000             128000  8.9088667806081667E-01
   408   38.760000             128000  8.8682202593140336E-01
   409   38.855000             128000  8.8398176743414747E-01
   410   38.950000             128000  8.8264832104093260E-01
   411   39.045000             128000  8.8296081725611841E-01
   412   39.140000             128000  8.8488457980626756E-01
   413   39.235000             128000  8.8823947982253504E-01
   414   39.330000             128000  8.9276984231639833E-01
   415   39.425000             128000  8.9821981975827780E-01
   416   39.520000             128000  9.0436884381196114E-01
   417   39.615000             128000  9.1102265284380224E-01
   418   39.710000             128000  9.1799624646465894E-01
   419   39.805000             128000  9.2511213037813156E-01
   420   39.900000             128000  9.3220652357397404E-01
   421   39.995000             128000  9.3912909855863846E-01
   422   40.090000             128000  9.4573572552853202E-01
