! Kinetic energy for species "positrons-down"
  Iter        Time          Total Par.             Kin. Energy
     0   0.0000000             128000  1.0650073704618661E+00
     1  0.95000000E-01         128000  1.0650072936290815E+00
     2  0.19000000             128000  1.0650070641252083E+00
     3  0.28500000             128000  1.0650066849075528E+00
     4  0.38000000             128000  1.0650061606847931E+00
     5  0.47500000             128000  1.0650054976861321E+00
     6  0.57000000             128000  1.0650047036859966E+00
     7  0.66500000             128000  1.0650037880029668E+00
     8  0.76000000             128000  1.0650027611942585E+00
     9  0.85500000             128000  1.0650016347182494E+00
    10  0.95000000             128000  1.0650004209819275E+00
    11   1.0450000             128000  1.0649991335953839E+00
    12   1.1400000             128000  1.0649977872825016E+00
    13   1.2350000             128000  1.0649963974045240E+00
    14   1.3300000             128000  1.0649949796167479E+00
    15   1.4250000             128000  1.0649935499415677E+00
    16   1.5200000             128000  1.0649921249307224E+00
    17   1.6150000             128000  1.0649907213847989E+00
    18   1.7100000             128000  1.0649893555952532E+00
    19   1.8050000             128000  1.0649880428184657E+00
    20   1.9000000             128000  1.0649867975390079E+00
    21   1.9950000             128000  1.0649856339325072E+00
    22   2.0900000             128000  1.0649845654929895E+00
    23   2.1850000             128000  1.0649836039334777E+00
    24   2.2800000             128000  1.0649827586832974E+00
    25   2.3750000             128000  1.0649820377752803E+00
    26   2.4700000             128000  1.0649814490921652E+00
    27   2.5650000             128000  1.0649810003467857E+00
    28   2.6600000             128000  1.0649806978778236E+00
    29   2.7550000             128000  1.0649805457647936E+00
    30   2.8500000             128000  1.0649805457726331E+00
    31   2.9450000             128000  1.0649806973949731E+00
    32   3.0400000             128000  1.0649809979523499E+00
    33   3.1350000             128000  1.0649814433056721E+00
    34   3.2300000             128000  1.0649820285865739E+00
    35   3.3250000             128000  1.0649827477791756E+00
    36   3.4200000             128000  1.0649835925408713E+00
    37   3.5150000             128000  1.0649845518585010E+00
    38   3.6100000             128000  1.0649856131020821E+00
    39   3.7050000             128000  1.0649867633898449E+00
    40   3.8000000             128000  1.0649879900032411E+00
    41   3.8950000             128000  1.0649892797514937E+00
    42   3.9900000             128000  1.0649906181692150E+00
    43   4.0850000             128000  1.0649919893248172E+00
    44   4.1800000             128000  1.0649933762996493E+00
    45   4.2750000             128000  1.0649947617703934E+00
    46   4.3700000             128000  1.0649961280113163E+00
    47   4.4650000             128000  1.0649974566345510E+00
    48   4.5600000             128000  1.0649987293139587E+00
    49   4.6550000             128000  1.0649999292591226E+00
    50   4.7500000             128000  1.0650010414596558E+00
    51   4.8450000             128000  1.0650020516199534E+00
    52   4.9400000             128000  1.0650029460960249E+00
    53   5.0350000             128000  1.0650037131725352E+00
    54   5.1300000             128000  1.0650043433681913E+00
    55   5.2250000             128000  1.0650048280088786E+00
    56   5.3200000             128000  1.0650051579106650E+00
    57   5.4150000             128000  1.0650053236727215E+00
    58   5.5100000             128000  1.0650053171652718E+00
    59   5.6050000             128000  1.0650051326251222E+00
    60   5.7000000             128000  1.0650047662768940E+00
    61   5.7950000             128000  1.0650042153552965E+00
    62   5.8900000             128000  1.0650034781826685E+00
    63   5.9850000             128000  1.0650025549841642E+00
    64   6.0800000             128000  1.0650014477054601E+00
    65   6.1750000             128000  1.0650001589558282E+00
    66   6.2700000             128000  1.0649986920415428E+00
    67   6.3650000             128000  1.0649970522487613E+00
    68   6.4600000             128000  1.0649952468049024E+00
    69   6.5550000             128000  1.0649932820998220E+00
    70   6.6500000             128000  1.0649911607513145E+00
    71   6.7450000             128000  1.0649888821763327E+00
    72   6.8400000             128000  1.0649864463646197E+00
    73   6.9350000             128000  1.0649838567427889E+00
    74   7.0300000             128000  1.0649811195131140E+00
    75   7.1250000             128000  1.0649782408548230E+00
    76   7.2200000             128000  1.0649752242634687E+00
    77   7.3150000             128000  1.0649720686855035E+00
    78   7.4100000             128000  1.0649687674538635E+00
    79   7.5050000             128000  1.0649653080287760E+00
    80   7.6000000             128000  1.0649616721676800E+00
    81   7.6950000             128000  1.0649578363439747E+00
    82   7.7900000             128000  1.0649537726073379E+00
    83   7.8850000             128000  1.0649494496563727E+00
    84   7.9800000             128000  1.0649448334916802E+00
    85   8.0750000             128000  1.0649398870414348E+00
    86   8.1700000             128000  1.0649345684966511E+00
    87   8.2650000             128000  1.0649288289611809E+00
    88   8.3600000             128000  1.0649226102408942E+00
    89   8.4550000             128000  1.0649158427907832E+00
    90   8.5500000             128000  1.0649084436806378E+00
    91   8.6450000             128000  1.0649003145885432E+00
    92   8.7400000             128000  1.0648913391729744E+00
    93   8.8350000             128000  1.0648813800334778E+00
    94   8.9300000             128000  1.0648702780769090E+00
    95   9.0250000             128000  1.0648578561118629E+00
    96   9.1200000             128000  1.0648439232671145E+00
    97   9.2150000             128000  1.0648282748361539E+00
    98   9.3100000             128000  1.0648106868583813E+00
    99   9.4050000             128000  1.0647909100625319E+00
   100   9.5000000             128000  1.0647686675373036E+00
   101   9.5950000             128000  1.0647436559261869E+00
   102   9.6900000             128000  1.0647155460268056E+00
   103   9.7850000             128000  1.0646839781288582E+00
   104   9.8800000             128000  1.0646485500198715E+00
   105   9.9750000             128000  1.0646088006057401E+00
   106   10.070000             128000  1.0645641969494921E+00
   107   10.165000             128000  1.0645141318929983E+00
   108   10.260000             128000  1.0644579309013320E+00
   109   10.355000             128000  1.0643948571981363E+00
   110   10.450000             128000  1.0643241051291237E+00
   111   10.545000             128000  1.0642447843769576E+00
   112   10.640000             128000  1.0641559075478950E+00
   113   10.735000             128000  1.0640563866910957E+00
   114   10.830000             128000  1.0639450291923456E+00
   115   10.925000             128000  1.0638205230243922E+00
   116   11.020000             128000  1.0636814175534619E+00
   117   11.115000             128000  1.0635261142740078E+00
   118   11.210000             128000  1.0633528654950513E+00
   119   11.305000             128000  1.0631597603666847E+00
   120   11.400000             128000  1.0629446904421360E+00
   121   11.495000             128000  1.0627053202245635E+00
   122   11.590000             128000  1.0624390933065815E+00
   123   11.685000             128000  1.0621432632666357E+00
   124   11.780000             128000  1.0618149011414486E+00
   125   11.875000             128000  1.0614508525277790E+00
   126   11.970000             128000  1.0610476775547570E+00
   127   12.065000             128000  1.0606016285390825E+00
   128   12.160000             128000  1.0601086779629076E+00
   129   12.255000             128000  1.0595645666611628E+00
   130   12.350000             128000  1.0589648467689428E+00
   131   12.445000             128000  1.0583049142843692E+00
   132   12.540000             128000  1.0575800223252410E+00
   133   12.635000             128000  1.0567852713214079E+00
   134   12.730000             128000  1.0559156074354079E+00
   135   12.825000             128000  1.0549658668133268E+00
   136   12.920000             128000  1.0539308746994922E+00
   137   13.015000             128000  1.0528055785527257E+00
   138   13.110000             128000  1.0515851773978127E+00
   139   13.205000             128000  1.0502651938650271E+00
   140   13.300000             128000  1.0488414274854934E+00
   141   13.395000             128000  1.0473098249030139E+00
   142   13.490000             128000  1.0456664117967134E+00
   143   13.585000             128000  1.0439073961020158E+00
   144   13.680000             128000  1.0420294361010334E+00
   145   13.775000             128000  1.0400299236210326E+00
   146   13.870000             128000  1.0379070684907141E+00
   147   13.965000             128000  1.0356597408000756E+00
   148   14.060000             128000  1.0332872787552687E+00
   149   14.155000             128000  1.0307893968810236E+00
   150   14.250000             128000  1.0281661470740606E+00
   151   14.345000             128000  1.0254178820560638E+00
   152   14.440000             128000  1.0225452078013548E+00
   153   14.535000             128000  1.0195490426870273E+00
   154   14.630000             128000  1.0164308640620483E+00
   155   14.725000             128000  1.0131931311040017E+00
   156   14.820000             128000  1.0098398833724485E+00
   157   14.915000             128000  1.0063775152555909E+00
   158   15.010000             128000  1.0028156889501318E+00
   159   15.105000             128000  9.9916832001218037E-01
   160   15.200000             128000  9.9545466377460201E-01
   161   15.295000             128000  9.9170033731656015E-01
   162   15.390000             128000  9.8793791602034986E-01
   163   15.485000             128000  9.8420662903745038E-01
   164   15.580000             128000  9.8055034806725905E-01
   165   15.675000             128000  9.7701383935173347E-01
   166   15.770000             128000  9.7363886696583291E-01
   167   15.865000             128000  9.7046183129450836E-01
   168   15.960000             128000  9.6751252221339024E-01
   169   16.055000             128000  9.6481177409725327E-01
   170   16.150000             128000  9.6236855837602209E-01
   171   16.245000             128000  9.6018078230356640E-01
   172   16.340000             128000  9.5824039284656926E-01
   173   16.435000             128000  9.5653783599914566E-01
   174   16.530000             128000  9.5506465388938855E-01
   175   16.625000             128000  9.5381705900057001E-01
   176   16.720000             128000  9.5279914768727936E-01
   177   16.815000             128000  9.5202356348200401E-01
   178   16.910000             128000  9.5151136179446494E-01
   179   17.005000             128000  9.5129128279414910E-01
   180   17.100000             128000  9.5139353893285050E-01
   181   17.195000             128000  9.5183298664110505E-01
   182   17.290000             128000  9.5258871583196736E-01
   183   17.385000             128000  9.5359576368105325E-01
   184   17.480000             128000  9.5474640168404223E-01
   185   17.575000             128000  9.5589627287766654E-01
   186   17.670000             128000  9.5687763045261964E-01
   187   17.765000             128000  9.5751349820642107E-01
   188   17.860000             128000  9.5763746062622723E-01
   189   17.955000             128000  9.5711986248336056E-01
   190   18.050000             128000  9.5588422403217699E-01
   191   18.145000             128000  9.5390850440853547E-01
   192   18.240000             128000  9.5121746062029588E-01
   193   18.335000             128000  9.4787330750296761E-01
   194   18.430000             128000  9.4396774205573020E-01
   195   18.525000             128000  9.3961059924110357E-01
   196   18.620000             128000  9.3491544573552776E-01
   197   18.715000             128000  9.2998645566926319E-01
   198   18.810000             128000  9.2490907827660496E-01
   199   18.905000             128000  9.1975093839947386E-01
   200   19.000000             128000  9.1457107266187654E-01
   201   19.095000             128000  9.0942999981513872E-01
   202   19.190000             128000  9.0439785732038980E-01
   203   19.285000             128000  8.9955409642507256E-01
   204   19.380000             128000  8.9497688521359653E-01
   205   19.475000             128000  8.9073119943296319E-01
   206   19.570000             128000  8.8686501537922857E-01
   207   19.665000             128000  8.8341252850654395E-01
   208   19.760000             128000  8.8039663180845573E-01
   209   19.855000             128000  8.7783116476115719E-01
   210   19.950000             128000  8.7572760885419287E-01
   211   20.045000             128000  8.7410281174404225E-01
   212   20.140000             128000  8.7298201708578138E-01
   213   20.235000             128000  8.7239779625707614E-01
   214   20.330000             128000  8.7238521647713085E-01
   215   20.425000             128000  8.7297272764712663E-01
   216   20.520000             128000  8.7417421487448677E-01
   217   20.615000             128000  8.7598888739299219E-01
   218   20.710000             128000  8.7840715806532044E-01
   219   20.805000             128000  8.8141593463833068E-01
   220   20.900000             128000  8.8500377231228911E-01
   221   20.995000             128000  8.8916822924955774E-01
   222   21.090000             128000  8.9391970869955883E-01
   223   21.185000             128000  8.9927706826987763E-01
   224   21.280000             128000  9.0525846143596966E-01
   225   21.375000             128000  9.1187344106507828E-01
   226   21.470000             128000  9.1911903262704486E-01
   227   21.565000             128000  9.2697975174842251E-01
   228   21.660000             128000  9.3543112996382938E-01
   229   21.755000             128000  9.4444566363330218E-01
   230   21.850000             128000  9.5399697800954231E-01
   231   21.945000             128000  9.6405284751610054E-01
   232   22.040000             128000  9.7455850600554095E-01
   233   22.135000             128000  9.8542248759282913E-01
   234   22.230000             128000  9.9650475909320368E-01
   235   22.325000             128000  1.0076084524113034E+00
   236   22.420000             128000  1.0184883530671063E+00
   237   22.515000             128000  1.0288737788747462E+00
   238   22.610000             128000  1.0384911675953443E+00
   239   22.705000             128000  1.0470876600052170E+00
   240   22.800000             128000  1.0544556973314085E+00
   241   22.895000             128000  1.0604483252058643E+00
   242   22.990000             128000  1.0649863947796914E+00
   243   23.085000             128000  1.0680637548787630E+00
   244   23.180000             128000  1.0697426283649294E+00
   245   23.275000             128000  1.0701246060503853E+00
   246   23.370000             128000  1.0693133506779295E+00
   247   23.465000             128000  1.0673972908110494E+00
   248   23.560000             128000  1.0644475644626019E+00
   249   23.655000             128000  1.0605215194974567E+00
   250   23.750000             128000  1.0556748445662836E+00
   251   23.845000             128000  1.0499784690717362E+00
   252   23.940000             128000  1.0435388908387249E+00
   253   24.035000             128000  1.0365159568391136E+00
   254   24.130000             128000  1.0291211349733194E+00
   255   24.225000             128000  1.0215858122981416E+00
   256   24.320000             128000  1.0141121282374745E+00
   257   24.415000             128000  1.0068289107602006E+00
   258   24.510000             128000  9.9977075311287900E-01
   259   24.605000             128000  9.9289295020007873E-01
   260   24.700000             128000  9.8611215057895363E-01
   261   24.795000             128000  9.7934250105320442E-01
   262   24.890000             128000  9.7250393750123221E-01
   263   24.985000             128000  9.6550589696073019E-01
   264   25.080000             128000  9.5823615619735980E-01
   265   25.175000             128000  9.5057760637792965E-01
   266   25.270000             128000  9.4243765171137417E-01
   267   25.365000             128000  9.3376213192956325E-01
   268   25.460000             128000  9.2453209907833211E-01
   269   25.555000             128000  9.1475506523006767E-01
   270   25.650000             128000  9.0445917182013325E-01
   271   25.745000             128000  8.9370238279665959E-01
   272   25.840000             128000  8.8259783168336692E-01
   273   25.935000             128000  8.7132557358966345E-01
   274   26.030000             128000  8.6010437115909788E-01
   275   26.125000             128000  8.4914538324095490E-01
   276   26.220000             128000  8.3862974191919126E-01
   277   26.315000             128000  8.2872006049498714E-01
   278   26.410000             128000  8.1957199694549288E-01
   279   26.505000             128000  8.1131614465077473E-01
   280   26.600000             128000  8.0403032642169558E-01
   281   26.695000             128000  7.9773688611581051E-01
   282   26.790000             128000  7.9242892826019995E-01
   283   26.885000             128000  7.8809769391335460E-01
   284   26.980000             128000  7.8473995509756234E-01
   285   27.075000             128000  7.8235268029052529E-01
   286   27.170000             128000  7.8093198879588299E-01
   287   27.265000             128000  7.8048035420705442E-01
   288   27.360000             128000  7.8099769016176446E-01
   289   27.455000             128000  7.8245909528592938E-01
   290   27.550000             128000  7.8481521180188263E-01
   291   27.645000             128000  7.8801191703321882E-01
   292   27.740000             128000  7.9199991601935416E-01
   293   27.835000             128000  7.9673333867170082E-01
   294   27.930000             128000  8.0217626596324387E-01
   295   28.025000             128000  8.0831119760572712E-01
   296   28.120000             128000  8.1513558605409775E-01
   297   28.215000             128000  8.2265232845709657E-01
   298   28.310000             128000  8.3086046082093412E-01
   299   28.405000             128000  8.3974288394279306E-01
   300   28.500000             128000  8.4925385182742963E-01
   301   28.595000             128000  8.5931673415568199E-01
   302   28.690000             128000  8.6983171851498464E-01
   303   28.785000             128000  8.8068835670926382E-01
   304   28.880000             128000  8.9177696388933092E-01
   305   28.975000             128000  9.0299819294736106E-01
   306   29.070000             128000  9.1426280163960405E-01
   307   29.165000             128000  9.2547150902769371E-01
   308   29.260000             128000  9.3649084297086649E-01
   309   29.355000             128000  9.4714902122152789E-01
   310   29.450000             128000  9.5725861460334161E-01
   311   29.545000             128000  9.6665766135944819E-01
   312   29.640000             128000  9.7525764635917422E-01
   313   29.735000             128000  9.8306990326217303E-01
   314   29.830000             128000  9.9018956462192897E-01
   315   29.925000             128000  9.9675673030529843E-01
   316   30.020000             128000  1.0029195802707989E+00
   317   30.115000             128000  1.0088074070722133E+00
   318   30.210000             128000  1.0145114113661080E+00
   319   30.305000             128000  1.0200660855487271E+00
   320   30.400000             128000  1.0254367273695613E+00
   321   30.495000             128000  1.0305270903697126E+00
   322   30.590000             128000  1.0352128246198904E+00
   323   30.685000             128000  1.0393858506390954E+00
   324   30.780000             128000  1.0429909200440304E+00
   325   30.875000             128000  1.0460530792561873E+00
   326   30.970000             128000  1.0486917178078718E+00
   327   31.065000             128000  1.0510991037615161E+00
   328   31.160000             128000  1.0534774893443084E+00
   329   31.255000             128000  1.0559770727156206E+00
   330   31.350000             128000  1.0586704998777732E+00
   331   31.445000             128000  1.0615457413477958E+00
   332   31.540000             128000  1.0645052355443414E+00
   333   31.635000             128000  1.0673992408061359E+00
   334   31.730000             128000  1.0700867786486006E+00
   335   31.825000             128000  1.0724805159851440E+00
   336   31.920000             128000  1.0745612900341666E+00
   337   32.015000             128000  1.0763561225190621E+00
   338   32.110000             128000  1.0778890683342202E+00
   339   32.205000             128000  1.0791426896473373E+00
   340   32.300000             128000  1.0800518001436861E+00
   341   32.395000             128000  1.0805157733545085E+00
   342   32.490000             128000  1.0804163807892129E+00
   343   32.585000             128000  1.0796552098908423E+00
   344   32.680000             128000  1.0781952081073860E+00
   345   32.775000             128000  1.0760590297223178E+00
   346   32.870000             128000  1.0732845052072553E+00
   347   32.965000             128000  1.0698784013838119E+00
   348   33.060000             128000  1.0658029097574673E+00
   349   33.155000             128000  1.0610059343232292E+00
   350   33.250000             128000  1.0554720844624739E+00
   351   33.345000             128000  1.0492547614182341E+00
   352   33.440000             128000  1.0424651155847102E+00
   353   33.535000             128000  1.0352300883403940E+00
   354   33.630000             128000  1.0276547072627935E+00
   355   33.725000             128000  1.0198226105870802E+00
   356   33.820000             128000  1.0118411336799853E+00
   357   33.915000             128000  1.0038772822183040E+00
   358   34.010000             128000  9.9614245988367300E-01
   359   34.105000             128000  9.8885657583118203E-01
   360   34.200000             128000  9.8221502700869801E-01
   361   34.295000             128000  9.7636079286716893E-01
   362   34.390000             128000  9.7137596051403174E-01
   363   34.485000             128000  9.6728967980014113E-01
   364   34.580000             128000  9.6408889830244449E-01
   365   34.675000             128000  9.6171906580910349E-01
   366   34.770000             128000  9.6007978952066275E-01
   367   34.865000             128000  9.5903463622025553E-01
   368   34.960000             128000  9.5842419593273531E-01
   369   35.055000             128000  9.5806235524594840E-01
   370   35.150000             128000  9.5773406485536638E-01
   371   35.245000             128000  9.5722304607797892E-01
   372   35.340000             128000  9.5636312260986256E-01
   373   35.435000             128000  9.5507772712663108E-01
   374   35.530000             128000  9.5336829206772211E-01
   375   35.625000             128000  9.5126778463135508E-01
   376   35.720000             128000  9.4881552554841087E-01
   377   35.815000             128000  9.4607331216430801E-01
   378   35.910000             128000  9.4314530397842711E-01
   379   36.005000             128000  9.4016364402191455E-01
   380   36.100000             128000  9.3725473816071858E-01
   381   36.195000             128000  9.3451559368825166E-01
   382   36.290000             128000  9.3200947581803140E-01
   383   36.385000             128000  9.2977905609408606E-01
   384   36.480000             128000  9.2786316523675905E-01
   385   36.575000             128000  9.2630269935779630E-01
   386   36.670000             128000  9.2514932354397894E-01
   387   36.765000             128000  9.2447222028681597E-01
   388   36.860000             128000  9.2435046571773838E-01
   389   36.955000             128000  9.2487647811600382E-01
   390   37.050000             128000  9.2616929087679778E-01
   391   37.145000             128000  9.2836390906332245E-01
   392   37.240000             128000  9.3158316405742658E-01
   393   37.335000             128000  9.3592170759879356E-01
   394   37.430000             128000  9.4144447571288903E-01
   395   37.525000             128000  9.4818137526415280E-01
   396   37.620000             128000  9.5610624854880333E-01
   397   37.715000             128000  9.6510421138124136E-01
   398   37.810000             128000  9.7494731322956685E-01
   399   37.905000             128000  9.8529466013834699E-01
   400   38.000000             128000  9.9571688319978813E-01
   401   38.095000             128000  1.0057363549720990E+00
   402   38.190000             128000  1.0148784135108082E+00
   403   38.285000             128000  1.0227358559873383E+00
   404   38.380000             128000  1.0290327767963841E+00
   405   38.475000             128000  1.0336660912882614E+00
   406   38.570000             128000  1.0367150849601954E+00
   407   38.665000             128000  1.0384140769165926E+00
   408   38.760000             128000  1.0390834153039907E+00
   409   38.855000             128000  1.0390424270528893E+00
   410   38.950000             128000  1.0385450237312264E+00
   411   39.045000             128000  1.0377526809537272E+00
   412   39.140000             128000  1.0367405508977214E+00
   413   39.235000             128000  1.0355209252073059E+00
   414   39.330000             128000  1.0340637650726330E+00
   415   39.425000             128000  1.0323113184556421E+00
   416   39.520000             128000  1.0301869973524598E+00
   417   39.615000             128000  1.0276043114389184E+00
   418   39.710000             128000  1.0244928258125539E+00
   419   39.805000             128000  1.0208370313905606E+00
   420   39.900000             128000  1.0167031690741348E+00
   421   39.995000             128000  1.0122350181384836E+00
   422   40.090000             128000  1.0076155581826856E+00
