! Kinetic energy for species "electrons-up"
  Iter        Time          Total Par.             Kin. Energy
     0   0.0000000             128000  1.0646980405788820E+00
     1  0.95000000E-01         128000  1.0646979637114211E+00
     2  0.19000000             128000  1.0646977341530288E+00
     3  0.28500000             128000  1.0646973548705134E+00
     4  0.38000000             128000  1.0646968304873965E+00
     5  0.47500000             128000  1.0646961671092574E+00
     6  0.57000000             128000  1.0646953722823824E+00
     7  0.66500000             128000  1.0646944550868915E+00
     8  0.76000000             128000  1.0646934260936789E+00
     9  0.85500000             128000  1.0646922970963240E+00
    10  0.95000000             128000  1.0646910809715877E+00
    11   1.0450000             128000  1.0646897917653042E+00
    12   1.1400000             128000  1.0646884445175586E+00
    13   1.2350000             128000  1.0646870546852210E+00
    14   1.3300000             128000  1.0646856377812162E+00
    15   1.4250000             128000  1.0646842095037758E+00
    16   1.5200000             128000  1.0646827858023222E+00
    17   1.6150000             128000  1.0646813826306705E+00
    18   1.7100000             128000  1.0646800158102665E+00
    19   1.8050000             128000  1.0646787010084369E+00
    20   1.9000000             128000  1.0646774533454486E+00
    21   1.9950000             128000  1.0646762867998354E+00
    22   2.0900000             128000  1.0646752140862863E+00
    23   2.1850000             128000  1.0646742469402211E+00
    24   2.2800000             128000  1.0646733961580117E+00
    25   2.3750000             128000  1.0646726713291668E+00
    26   2.4700000             128000  1.0646720806537306E+00
    27   2.5650000             128000  1.0646716308042632E+00
    28   2.6600000             128000  1.0646713266926975E+00
    29   2.7550000             128000  1.0646711714500430E+00
    30   2.8500000             128000  1.0646711665658986E+00
    31   2.9450000             128000  1.0646713116137307E+00
    32   3.0400000             128000  1.0646716039606325E+00
    33   3.1350000             128000  1.0646720394534972E+00
    34   3.2300000             128000  1.0646726133068536E+00
    35   3.3250000             128000  1.0646733195839420E+00
    36   3.4200000             128000  1.0646741500277173E+00
    37   3.5150000             128000  1.0646750942396608E+00
    38   3.6100000             128000  1.0646761408829770E+00
    39   3.7050000             128000  1.0646772780921154E+00
    40   3.8000000             128000  1.0646784928921014E+00
    41   3.8950000             128000  1.0646797707440674E+00
    42   3.9900000             128000  1.0646810956685726E+00
    43   4.0850000             128000  1.0646824507524277E+00
    44   4.1800000             128000  1.0646838188732697E+00
    45   4.2750000             128000  1.0646851831876374E+00
    46   4.3700000             128000  1.0646865268700800E+00
    47   4.4650000             128000  1.0646878326356966E+00
    48   4.5600000             128000  1.0646890830364553E+00
    49   4.6550000             128000  1.0646902611402775E+00
    50   4.7500000             128000  1.0646913506566305E+00
    51   4.8450000             128000  1.0646923362683940E+00
    52   4.9400000             128000  1.0646932050563591E+00
    53   5.0350000             128000  1.0646939472985955E+00
    54   5.1300000             128000  1.0646945547978821E+00
    55   5.2250000             128000  1.0646950184456641E+00
    56   5.3200000             128000  1.0646953278956832E+00
    57   5.4150000             128000  1.0646954731397897E+00
    58   5.5100000             128000  1.0646954459334439E+00
    59   5.6050000             128000  1.0646952404747219E+00
    60   5.7000000             128000  1.0646948536113507E+00
    61   5.7950000             128000  1.0646942841556553E+00
    62   5.8900000             128000  1.0646935315196375E+00
    63   5.9850000             128000  1.0646925950894062E+00
    64   6.0800000             128000  1.0646914747174483E+00
    65   6.1750000             128000  1.0646901714282824E+00
    66   6.2700000             128000  1.0646886882384774E+00
    67   6.3650000             128000  1.0646870308310026E+00
    68   6.4600000             128000  1.0646852060893028E+00
    69   6.5550000             128000  1.0646832182592727E+00
    70   6.6500000             128000  1.0646810668911415E+00
    71   6.7450000             128000  1.0646787497413785E+00
    72   6.8400000             128000  1.0646762674306514E+00
    73   6.9350000             128000  1.0646736245643851E+00
    74   7.0300000             128000  1.0646708271739500E+00
    75   7.1250000             128000  1.0646678801059144E+00
    76   7.2200000             128000  1.0646647855618501E+00
    77   7.3150000             128000  1.0646615414348650E+00
    78   7.4100000             128000  1.0646581395241763E+00
    79   7.5050000             128000  1.0646545648876220E+00
    80   7.6000000             128000  1.0646507963822556E+00
    81   7.6950000             128000  1.0646468080396341E+00
    82   7.7900000             128000  1.0646425710997061E+00
    83   7.8850000             128000  1.0646380551540333E+00
    84   7.9800000             128000  1.0646332268041896E+00
    85   8.0750000             128000  1.0646280472008796E+00
    86   8.1700000             128000  1.0646224709713019E+00
    87   8.2650000             128000  1.0646164461501051E+00
    88   8.3600000             128000  1.0646099128650621E+00
    89   8.4550000             128000  1.0646028007505979E+00
    90   8.5500000             128000  1.0645950268824582E+00
    91   8.6450000             128000  1.0645864939383576E+00
    92   8.7400000             128000  1.0645770866915467E+00
    93   8.8350000             128000  1.0645666680996411E+00
    94   8.9300000             128000  1.0645550791566181E+00
    95   9.0250000             128000  1.0645421431358804E+00
    96   9.1200000             128000  1.0645276694694159E+00
    97   9.2150000             128000  1.0645114531209634E+00
    98   9.3100000             128000  1.0644932701890295E+00
    99   9.4050000             128000  1.0644728730925204E+00
   100   9.5000000             128000  1.0644499879062899E+00
   101   9.5950000             128000  1.0644243144216907E+00
   102   9.6900000             128000  1.0643955265571017E+00
   103   9.7850000             128000  1.0643632680238750E+00
   104   9.8800000             128000  1.0643271398246250E+00
   105   9.9750000             128000  1.0642866830829449E+00
   106   10.070000             128000  1.0642413661148673E+00
   107   10.165000             128000  1.0641905824087645E+00
   108   10.260000             128000  1.0641336578305036E+00
   109   10.355000             128000  1.0640698568613898E+00
   110   10.450000             128000  1.0639983766686285E+00
   111   10.545000             128000  1.0639183291872742E+00
   112   10.640000             128000  1.0638287253762151E+00
   113   10.735000             128000  1.0637284723311975E+00
   114   10.830000             128000  1.0636163741816875E+00
   115   10.925000             128000  1.0634911207371998E+00
   116   11.020000             128000  1.0633512658206699E+00
   117   11.115000             128000  1.0631952123718329E+00
   118   11.210000             128000  1.0630212078754324E+00
   119   11.305000             128000  1.0628273323024109E+00
   120   11.400000             128000  1.0626114688138981E+00
   121   11.495000             128000  1.0623712772000280E+00
   122   11.590000             128000  1.0621041973760939E+00
   123   11.685000             128000  1.0618074759216798E+00
   124   11.780000             128000  1.0614781736307422E+00
   125   11.875000             128000  1.0611131265473930E+00
   126   11.970000             128000  1.0607088876623139E+00
   127   12.065000             128000  1.0602617020014438E+00
   128   12.160000             128000  1.0597675322024431E+00
   129   12.255000             128000  1.0592221080863633E+00
   130   12.350000             128000  1.0586209722553901E+00
   131   12.445000             128000  1.0579595128864523E+00
   132   12.540000             128000  1.0572329751314244E+00
   133   12.635000             128000  1.0564364493532232E+00
   134   12.730000             128000  1.0555648682887708E+00
   135   12.825000             128000  1.0546130514882193E+00
   136   12.920000             128000  1.0535758070540264E+00
   137   13.015000             128000  1.0524480685709832E+00
   138   13.110000             128000  1.0512250264773231E+00
   139   13.205000             128000  1.0499021982798631E+00
   140   13.300000             128000  1.0484753772891715E+00
   141   13.395000             128000  1.0469404991232556E+00
   142   13.490000             128000  1.0452935737323892E+00
   143   13.585000             128000  1.0435307915022960E+00
   144   13.680000             128000  1.0416487913763903E+00
   145   13.775000             128000  1.0396449383571413E+00
   146   13.870000             128000  1.0375173996210365E+00
   147   13.965000             128000  1.0352649797968201E+00
   148   14.060000             128000  1.0328869221544790E+00
   149   14.155000             128000  1.0303828050751822E+00
   150   14.250000             128000  1.0277524855583289E+00
   151   14.345000             128000  1.0249960508586442E+00
   152   14.440000             128000  1.0221137763541479E+00
   153   14.535000             128000  1.0191062064390590E+00
   154   14.630000             128000  1.0159744195487439E+00
   155   14.725000             128000  1.0127204528934457E+00
   156   14.820000             128000  1.0093479135885399E+00
   157   14.915000             128000  1.0058628279237012E+00
   158   15.010000             128000  1.0022746818112436E+00
   159   15.105000             128000  9.9859750315045293E-01
   160   15.200000             128000  9.9485099958104484E-01
   161   15.295000             128000  9.9106162168133238E-01
   162   15.390000             128000  9.8726319160996479E-01
   163   15.485000             128000  9.8349658331526335E-01
   164   15.580000             128000  9.7980759810377871E-01
   165   15.675000             128000  9.7624299806393711E-01
   166   15.770000             128000  9.7284623140746673E-01
   167   15.865000             128000  9.6965457203648930E-01
   168   15.960000             128000  9.6669757472647810E-01
   169   16.055000             128000  9.6399470857527025E-01
   170   16.150000             128000  9.6155271193083425E-01
   171   16.245000             128000  9.5936727063308758E-01
   172   16.340000             128000  9.5742917473928535E-01
   173   16.435000             128000  9.5572900745606493E-01
   174   16.530000             128000  9.5425900150066978E-01
   175   16.625000             128000  9.5301547640300255E-01
   176   16.720000             128000  9.5200140770521546E-01
   177   16.815000             128000  9.5122720489628221E-01
   178   16.910000             128000  9.5071086321060760E-01
   179   17.005000             128000  9.5047808816473489E-01
   180   17.100000             128000  9.5055768376701910E-01
   181   17.195000             128000  9.5096619917742120E-01
   182   17.290000             128000  9.5168837622097358E-01
   183   17.385000             128000  9.5266781965701108E-01
   184   17.480000             128000  9.5380527291013772E-01
   185   17.575000             128000  9.5496241629479850E-01
   186   17.670000             128000  9.5597477112321394E-01
   187   17.765000             128000  9.5666610051098144E-01
   188   17.860000             128000  9.5686798440156529E-01
   189   17.955000             128000  9.5644629649161628E-01
   190   18.050000             128000  9.5531866600911763E-01
   191   18.145000             128000  9.5345689671707201E-01
   192   18.240000             128000  9.5088079264496816E-01
   193   18.335000             128000  9.4764982227204420E-01
   194   18.430000             128000  9.4385465348707998E-01
   195   18.525000             128000  9.3960473607215078E-01
   196   18.620000             128000  9.3501309076764461E-01
   197   18.715000             128000  9.3018238525044217E-01
   198   18.810000             128000  9.2519555545632548E-01
   199   18.905000             128000  9.2011769508380414E-01
   200   19.000000             128000  9.1500582011628051E-01
   201   19.095000             128000  9.0991880987159668E-01
   202   19.190000             128000  9.0492583922680814E-01
   203   19.285000             128000  9.0010667787156817E-01
   204   19.380000             128000  8.9554145092797754E-01
   205   19.475000             128000  8.9129843497138816E-01
   206   19.570000             128000  8.8742921575060962E-01
   207   19.665000             128000  8.8397116084293392E-01
   208   19.760000             128000  8.8094970821782570E-01
   209   19.855000             128000  8.7838062587159393E-01
   210   19.950000             128000  8.7627676911513208E-01
   211   20.045000             128000  8.7465551420452381E-01
   212   20.140000             128000  8.7354089589334483E-01
   213   20.235000             128000  8.7296171054686500E-01
   214   20.330000             128000  8.7294717363950536E-01
   215   20.425000             128000  8.7351970451825411E-01
   216   20.520000             128000  8.7468897733970175E-01
   217   20.615000             128000  8.7645301037100221E-01
   218   20.710000             128000  8.7880433275435699E-01
   219   20.805000             128000  8.8173477434946645E-01
   220   20.900000             128000  8.8523963089461399E-01
   221   20.995000             128000  8.8932379914843418E-01
   222   21.090000             128000  8.9400446544611922E-01
   223   21.185000             128000  8.9930539216394334E-01
   224   21.280000             128000  9.0524696051764986E-01
   225   21.375000             128000  9.1183895496404843E-01
   226   21.470000             128000  9.1907847949591281E-01
   227   21.565000             128000  9.2695214652058766E-01
   228   21.660000             128000  9.3544009102754366E-01
   229   21.755000             128000  9.4451985035437613E-01
   230   21.850000             128000  9.5416791168601733E-01
   231   21.945000             128000  9.6435053032287010E-01
   232   22.040000             128000  9.7500477804220154E-01
   233   22.135000             128000  9.8602362954714162E-01
   234   22.230000             128000  9.9724826805673450E-01
   235   22.325000             128000  1.0084679590557297E+00
   236   22.420000             128000  1.0194336621386539E+00
   237   22.515000             128000  1.0298790256901575E+00
   238   22.610000             128000  1.0395375841617434E+00
   239   22.705000             128000  1.0481630530378063E+00
   240   22.800000             128000  1.0555543518938830E+00
   241   22.895000             128000  1.0615716381867832E+00
   242   22.990000             128000  1.0661422577176072E+00
   243   23.085000             128000  1.0692635220930511E+00
   244   23.180000             128000  1.0709970367407622E+00
   245   23.275000             128000  1.0714412451825228E+00
   246   23.370000             128000  1.0706947690702870E+00
   247   23.465000             128000  1.0688393717009488E+00
   248   23.560000             128000  1.0659400946093744E+00
   249   23.655000             128000  1.0620519264425670E+00
   250   23.750000             128000  1.0572343091198066E+00
   251   23.845000             128000  1.0515666608329883E+00
   252   23.940000             128000  1.0451644020282647E+00
   253   24.035000             128000  1.0381898867512194E+00
   254   24.130000             128000  1.0308444931754304E+00
   255   24.225000             128000  1.0233374644313531E+00
   256   24.320000             128000  1.0158447933086270E+00
   257   24.415000             128000  1.0084754648642300E+00
   258   24.510000             128000  1.0012581265157394E+00
   259   24.605000             128000  9.9415654051131974E-01
   260   24.700000             128000  9.8710414808550795E-01
   261   24.795000             128000  9.8003303823043975E-01
   262   24.890000             128000  9.7288295960328597E-01
   263   24.985000             128000  9.6559058635973405E-01
   264   25.080000             128000  9.5807850376016035E-01
   265   25.175000             128000  9.5026019174710097E-01
   266   25.270000             128000  9.4205427560735666E-01
   267   25.365000             128000  9.3340295102534854E-01
   268   25.460000             128000  9.2429112243507783E-01
   269   25.555000             128000  9.1474392273560401E-01
   270   25.650000             128000  9.0479489031884675E-01
   271   25.745000             128000  8.9446717507695550E-01
   272   25.840000             128000  8.8380174108368459E-01
   273   25.935000             128000  8.7290653145938646E-01
   274   26.030000             128000  8.6196565264549463E-01
   275   26.125000             128000  8.5119755746577952E-01
   276   26.220000             128000  8.4080541312733836E-01
   277   26.315000             128000  8.3095912248342130E-01
   278   26.410000             128000  8.2179970648333467E-01
   279   26.505000             128000  8.1343738907933238E-01
   280   26.600000             128000  8.0594623831652823E-01
   281   26.695000             128000  7.9936599038807965E-01
   282   26.790000             128000  7.9371696784813661E-01
   283   26.885000             128000  7.8901636431821287E-01
   284   26.980000             128000  7.8528179746669358E-01
   285   27.075000             128000  7.8252481398402163E-01
   286   27.170000             128000  7.8075287206342669E-01
   287   27.265000             128000  7.7998366981762624E-01
   288   27.360000             128000  7.8024133076612823E-01
   289   27.455000             128000  7.8152971116401471E-01
   290   27.550000             128000  7.8380998837137561E-01
   291   27.645000             128000  7.8700284176125845E-01
   292   27.740000             128000  7.9101387256993749E-01
   293   27.835000             128000  7.9576377338358051E-01
   294   27.930000             128000  8.0120661644056013E-01
   295   28.025000             128000  8.0732557636912960E-01
   296   28.120000             128000  8.1411547387185490E-01
   297   28.215000             128000  8.2157384805427036E-01
   298   28.310000             128000  8.2969825534807984E-01
   299   28.405000             128000  8.3847430606323825E-01
   300   28.500000             128000  8.4786011184076238E-01
   301   28.595000             128000  8.5778438343000019E-01
   302   28.690000             128000  8.6815597187769056E-01
   303   28.785000             128000  8.7887367198406108E-01
   304   28.880000             128000  8.8983356942222125E-01
   305   28.975000             128000  9.0093829741375508E-01
   306   29.070000             128000  9.1209992549361862E-01
   307   29.165000             128000  9.2322222725375880E-01
   308   29.260000             128000  9.3417513664289165E-01
   309   29.355000             128000  9.4479009035731631E-01
   310   29.450000             128000  9.5488377932566160E-01
   311   29.545000             128000  9.6430035777070000E-01
   312   29.640000             128000  9.7295830735534250E-01
   313   29.735000             128000  9.8087266906694848E-01
   314   29.830000             128000  9.8813673971183036E-01
   315   29.925000             128000  9.9488301608878615E-01
   316   30.020000             128000  1.0012486547983874E+00
   317   30.115000             128000  1.0073552045679339E+00
   318   30.210000             128000  1.0132943224254269E+00
   319   30.305000             128000  1.0191082715545585E+00
   320   30.400000             128000  1.0247730970378202E+00
   321   30.495000             128000  1.0302039151254956E+00
   322   30.590000             128000  1.0352859380434971E+00
   323   30.685000             128000  1.0399068569960603E+00
   324   30.780000             128000  1.0439779890770795E+00
   325   30.875000             128000  1.0474623250111288E+00
   326   30.970000             128000  1.0504103857458822E+00
   327   31.065000             128000  1.0529625606407638E+00
   328   31.160000             128000  1.0552926169604175E+00
   329   31.255000             128000  1.0575428350329170E+00
   330   31.350000             128000  1.0598023841838047E+00
   331   31.445000             128000  1.0621038287553777E+00
   332   31.540000             128000  1.0644122921513104E+00
   333   31.635000             128000  1.0666421351529323E+00
   334   31.730000             128000  1.0687083491831615E+00
   335   31.825000             128000  1.0705630512477482E+00
   336   31.920000             128000  1.0721967426107621E+00
   337   32.015000             128000  1.0736144428637653E+00
   338   32.110000             128000  1.0748087578646248E+00
   339   32.205000             128000  1.0757528694733138E+00
   340   32.300000             128000  1.0764072673009226E+00
   341   32.395000             128000  1.0767146620601147E+00
   342   32.490000             128000  1.0765843489396676E+00
   343   32.585000             128000  1.0758968792264760E+00
   344   32.680000             128000  1.0745295387148439E+00
   345   32.775000             128000  1.0723811043012945E+00
   346   32.870000             128000  1.0693949195854981E+00
   347   32.965000             128000  1.0655714617277285E+00
   348   33.060000             128000  1.0609575450674478E+00
   349   33.155000             128000  1.0556273105104950E+00
   350   33.250000             128000  1.0496725600922354E+00
   351   33.345000             128000  1.0431998214490452E+00
   352   33.440000             128000  1.0363267126008235E+00
   353   33.535000             128000  1.0291713046167308E+00
   354   33.630000             128000  1.0218294416261138E+00
   355   33.725000             128000  1.0143661856532702E+00
   356   33.820000             128000  1.0068542203253852E+00
   357   33.915000             128000  9.9941550609589291E-01
   358   34.010000             128000  9.9221307308925755E-01
   359   34.105000             128000  9.8542343034023716E-01
   360   34.200000             128000  9.7921377490535311E-01
   361   34.295000             128000  9.7371502526690468E-01
   362   34.390000             128000  9.6900224562530457E-01
   363   34.485000             128000  9.6509650081388487E-01
   364   34.580000             128000  9.6198023968932977E-01
   365   34.675000             128000  9.5960869765318391E-01
   366   34.770000             128000  9.5790430503558799E-01
   367   34.865000             128000  9.5674822835286588E-01
   368   34.960000             128000  9.5598726445333759E-01
   369   35.055000             128000  9.5545621715169515E-01
   370   35.150000             128000  9.5500364074501942E-01
   371   35.245000             128000  9.5449697097651653E-01
   372   35.340000             128000  9.5381421363776131E-01
   373   35.435000             128000  9.5285088966471188E-01
   374   35.530000             128000  9.5154787616834546E-01
   375   35.625000             128000  9.4991008811946642E-01
   376   35.720000             128000  9.4799880038012174E-01
   377   35.815000             128000  9.4591157854919616E-01
   378   35.910000             128000  9.4376350861469127E-01
   379   36.005000             128000  9.4166856695568102E-01
   380   36.100000             128000  9.3972100173470818E-01
   381   36.195000             128000  9.3798034321230639E-01
   382   36.290000             128000  9.3646494559238747E-01
   383   36.385000             128000  9.3516945983827160E-01
   384   36.480000             128000  9.3409800199271409E-01
   385   36.575000             128000  9.3327844572944296E-01
   386   36.670000             128000  9.3276011085625210E-01
   387   36.765000             128000  9.3261933234388739E-01
   388   36.860000             128000  9.3296066722920401E-01
   389   36.955000             128000  9.3391009560583016E-01
   390   37.050000             128000  9.3560150807140952E-01
   391   37.145000             128000  9.3815409288323326E-01
   392   37.240000             128000  9.4165815412770848E-01
   393   37.335000             128000  9.4617524648487694E-01
   394   37.430000             128000  9.5173652289516431E-01
   395   37.525000             128000  9.5833352731747712E-01
   396   37.620000             128000  9.6590336588156500E-01
   397   37.715000             128000  9.7430723106259243E-01
   398   37.810000             128000  9.8330927292857973E-01
   399   37.905000             128000  9.9257400885510649E-01
   400   38.000000             128000  1.0016904786031544E+00
   401   38.095000             128000  1.0102103994076561E+00
   402   38.190000             128000  1.0176985427427190E+00
   403   38.285000             128000  1.0237991470593384E+00
   404   38.380000             128000  1.0282988336928145E+00
   405   38.475000             128000  1.0311615808297061E+00
   406   38.570000             128000  1.0325319817946574E+00
   407   38.665000             128000  1.0327019568282945E+00
   408   38.760000             128000  1.0320335524632069E+00
   409   38.855000             128000  1.0308637605422286E+00
   410   38.950000             128000  1.0294390974068954E+00
   411   39.045000             128000  1.0278995219697848E+00
   412   39.140000             128000  1.0262962164416090E+00
   413   39.235000             128000  1.0246155234716421E+00
   414   39.330000             128000  1.0227951389023726E+00
   415   39.425000             128000  1.0207372238232062E+00
   416   39.520000             128000  1.0183233075579399E+00
   417   39.615000             128000  1.0154373161145447E+00
   418   39.710000             128000  1.0120024623818673E+00
   419   39.805000             128000  1.0080193762681329E+00
   420   39.900000             128000  1.0035808891381768E+00
   421   39.995000             128000  9.9885302280721722E-01
   422   40.090000             128000  9.9403211743613706E-01
