! Kinetic energy for species "positrons-up"
  Iter        Time          Total Par.             Kin. Energy
     0   0.0000000             128000  1.0649197886656281E+00
     1  0.95000000E-01         128000  1.0649198639037620E+00
     2  0.19000000             128000  1.0649200889874006E+00
     3  0.28500000             128000  1.0649204618311627E+00
     4  0.38000000             128000  1.0649209786399669E+00
     5  0.47500000             128000  1.0649216338623211E+00
     6  0.57000000             128000  1.0649224202196466E+00
     7  0.66500000             128000  1.0649233287777242E+00
     8  0.76000000             128000  1.0649243491375735E+00
     9  0.85500000             128000  1.0649254696819197E+00
    10  0.95000000             128000  1.0649266777288562E+00
    11   1.0450000             128000  1.0649279595989813E+00
    12   1.1400000             128000  1.0649293006896536E+00
    13   1.2350000             128000  1.0649306856176053E+00
    14   1.3300000             128000  1.0649320984819548E+00
    15   1.4250000             128000  1.0649335232098274E+00
    16   1.5200000             128000  1.0649349437932081E+00
    17   1.6150000             128000  1.0649363442576081E+00
    18   1.7100000             128000  1.0649377085441989E+00
    19   1.8050000             128000  1.0649390207536091E+00
    20   1.9000000             128000  1.0649402657375924E+00
    21   1.9950000             128000  1.0649414293253852E+00
    22   2.0900000             128000  1.0649424979480544E+00
    23   2.1850000             128000  1.0649434585400821E+00
    24   2.2800000             128000  1.0649442992699829E+00
    25   2.3750000             128000  1.0649450103468237E+00
    26   2.4700000             128000  1.0649455841755571E+00
    27   2.5650000             128000  1.0649460151136667E+00
    28   2.6600000             128000  1.0649462990665737E+00
    29   2.7550000             128000  1.0649464327911662E+00
    30   2.8500000             128000  1.0649464134672615E+00
    31   2.9450000             128000  1.0649462394447888E+00
    32   3.0400000             128000  1.0649459116696853E+00
    33   3.1350000             128000  1.0649454341198930E+00
    34   3.2300000             128000  1.0649448127641525E+00
    35   3.3250000             128000  1.0649440544787565E+00
    36   3.4200000             128000  1.0649431671748930E+00
    37   3.5150000             128000  1.0649421604961542E+00
    38   3.6100000             128000  1.0649410457844770E+00
    39   3.7050000             128000  1.0649398354861501E+00
    40   3.8000000             128000  1.0649385431262566E+00
    41   3.8950000             128000  1.0649371836134707E+00
    42   3.9900000             128000  1.0649357725206785E+00
    43   4.0850000             128000  1.0649343246554621E+00
    44   4.1800000             128000  1.0649328539318113E+00
    45   4.2750000             128000  1.0649313747887250E+00
    46   4.3700000             128000  1.0649299028618433E+00
    47   4.4650000             128000  1.0649284538137769E+00
    48   4.5600000             128000  1.0649270421305326E+00
    49   4.6550000             128000  1.0649256813023364E+00
    50   4.7500000             128000  1.0649243843334559E+00
    51   4.8450000             128000  1.0649231636819416E+00
    52   4.9400000             128000  1.0649220314219128E+00
    53   5.0350000             128000  1.0649209995211764E+00
    54   5.1300000             128000  1.0649200787976394E+00
    55   5.2250000             128000  1.0649192772229892E+00
    56   5.3200000             128000  1.0649185999924717E+00
    57   5.4150000             128000  1.0649180510356360E+00
    58   5.5100000             128000  1.0649176330922241E+00
    59   5.6050000             128000  1.0649173457974088E+00
    60   5.7000000             128000  1.0649171845976886E+00
    61   5.7950000             128000  1.0649171425862418E+00
    62   5.8900000             128000  1.0649172133549105E+00
    63   5.9850000             128000  1.0649173908842156E+00
    64   6.0800000             128000  1.0649176659794990E+00
    65   6.1750000             128000  1.0649180238770284E+00
    66   6.2700000             128000  1.0649184464457129E+00
    67   6.3650000             128000  1.0649189158967109E+00
    68   6.4600000             128000  1.0649194149740209E+00
    69   6.5550000             128000  1.0649199238737823E+00
    70   6.6500000             128000  1.0649204180500096E+00
    71   6.7450000             128000  1.0649208687694811E+00
    72   6.8400000             128000  1.0649212450406553E+00
    73   6.9350000             128000  1.0649215155343241E+00
    74   7.0300000             128000  1.0649216498796104E+00
    75   7.1250000             128000  1.0649216188671735E+00
    76   7.2200000             128000  1.0649213938362645E+00
    77   7.3150000             128000  1.0649209452786135E+00
    78   7.4100000             128000  1.0649202394615704E+00
    79   7.5050000             128000  1.0649192341809572E+00
    80   7.6000000             128000  1.0649178784890483E+00
    81   7.6950000             128000  1.0649161180876225E+00
    82   7.7900000             128000  1.0649139007590058E+00
    83   7.8850000             128000  1.0649111762274186E+00
    84   7.9800000             128000  1.0649078921951802E+00
    85   8.0750000             128000  1.0649039921162267E+00
    86   8.1700000             128000  1.0648994166547336E+00
    87   8.2650000             128000  1.0648941057220740E+00
    88   8.3600000             128000  1.0648879971957927E+00
    89   8.4550000             128000  1.0648810221338283E+00
    90   8.5500000             128000  1.0648730999393832E+00
    91   8.6450000             128000  1.0648641359715694E+00
    92   8.7400000             128000  1.0648540203758883E+00
    93   8.8350000             128000  1.0648426266037427E+00
    94   8.9300000             128000  1.0648298113542396E+00
    95   9.0250000             128000  1.0648154175797515E+00
    96   9.1200000             128000  1.0647992775837198E+00
    97   9.2150000             128000  1.0647812118203670E+00
    98   9.3100000             128000  1.0647610235408402E+00
    99   9.4050000             128000  1.0647384931723336E+00
   100   9.5000000             128000  1.0647133756014497E+00
   101   9.5950000             128000  1.0646854010462046E+00
   102   9.6900000             128000  1.0646542765678715E+00
   103   9.7850000             128000  1.0646196816337612E+00
   104   9.8800000             128000  1.0645812538213597E+00
   105   9.9750000             128000  1.0645385703301540E+00
   106   10.070000             128000  1.0644911358506399E+00
   107   10.165000             128000  1.0644383808503208E+00
   108   10.260000             128000  1.0643796658115932E+00
   109   10.355000             128000  1.0643142852932792E+00
   110   10.450000             128000  1.0642414668329181E+00
   111   10.545000             128000  1.0641603601494778E+00
   112   10.640000             128000  1.0640700175079592E+00
   113   10.735000             128000  1.0639693755134392E+00
   114   10.830000             128000  1.0638572493031897E+00
   115   10.925000             128000  1.0637323376412979E+00
   116   11.020000             128000  1.0635932239925507E+00
   117   11.115000             128000  1.0634383589362308E+00
   118   11.210000             128000  1.0632660250922803E+00
   119   11.305000             128000  1.0630743044366673E+00
   120   11.400000             128000  1.0628610694133411E+00
   121   11.495000             128000  1.0626239957084722E+00
   122   11.590000             128000  1.0623605719551406E+00
   123   11.685000             128000  1.0620680903439028E+00
   124   11.780000             128000  1.0617436280611887E+00
   125   11.875000             128000  1.0613840326515924E+00
   126   11.970000             128000  1.0609859079393300E+00
   127   12.065000             128000  1.0605455994911719E+00
   128   12.160000             128000  1.0600591998761144E+00
   129   12.255000             128000  1.0595225903638523E+00
   130   12.350000             128000  1.0589315025359203E+00
   131   12.445000             128000  1.0582815599120454E+00
   132   12.540000             128000  1.0575682826412001E+00
   133   12.635000             128000  1.0567870809456048E+00
   134   12.730000             128000  1.0559332871585296E+00
   135   12.825000             128000  1.0550022612606613E+00
   136   12.920000             128000  1.0539895530938055E+00
   137   13.015000             128000  1.0528910681033514E+00
   138   13.110000             128000  1.0517031762629760E+00
   139   13.205000             128000  1.0504227391775516E+00
   140   13.300000             128000  1.0490471073939989E+00
   141   13.395000             128000  1.0475741360541342E+00
   142   13.490000             128000  1.0460022171687529E+00
   143   13.585000             128000  1.0443303271051825E+00
   144   13.680000             128000  1.0425581126963477E+00
   145   13.775000             128000  1.0406860101273214E+00
   146   13.870000             128000  1.0387152697226245E+00
   147   13.965000             128000  1.0366477774127825E+00
   148   14.060000             128000  1.0344856637116586E+00
   149   14.155000             128000  1.0322308093775472E+00
   150   14.250000             128000  1.0298843973883907E+00
   151   14.345000             128000  1.0274465793231291E+00
   152   14.440000             128000  1.0249161470173829E+00
   153   14.535000             128000  1.0222901717926991E+00
   154   14.630000             128000  1.0195637289466597E+00
   155   14.725000             128000  1.0167298095565460E+00
   156   14.820000             128000  1.0137795316267806E+00
   157   14.915000             128000  1.0107026995986566E+00
   158   15.010000             128000  1.0074887383312328E+00
   159   15.105000             128000  1.0041278962839171E+00
   160   15.200000             128000  1.0006126052491708E+00
   161   15.295000             128000  9.9693882958141300E-01
   162   15.390000             128000  9.9310687597719904E-01
   163   15.485000             128000  9.8912133891004750E-01
   164   15.580000             128000  9.8499047042479893E-01
   165   15.675000             128000  9.8072540207648529E-01
   166   15.770000             128000  9.7633993101806937E-01
   167   15.865000             128000  9.7185158601777588E-01
   168   15.960000             128000  9.6728327696325622E-01
   169   16.055000             128000  9.6266427414438183E-01
   170   16.150000             128000  9.5803065092253292E-01
   171   16.245000             128000  9.5342611027158819E-01
   172   16.340000             128000  9.4890232934844687E-01
   173   16.435000             128000  9.4451693881290311E-01
   174   16.530000             128000  9.4032971245354868E-01
   175   16.625000             128000  9.3639890839282247E-01
   176   16.720000             128000  9.3277947438098718E-01
   177   16.815000             128000  9.2952277024131658E-01
   178   16.910000             128000  9.2667427532827074E-01
   179   17.005000             128000  9.2427038236594239E-01
   180   17.100000             128000  9.2233821439157260E-01
   181   17.195000             128000  9.2089491359965436E-01
   182   17.290000             128000  9.1994653421662009E-01
   183   17.385000             128000  9.1949346068853499E-01
   184   17.480000             128000  9.1954013868283924E-01
   185   17.575000             128000  9.2010444433347272E-01
   186   17.670000             128000  9.2122452523047260E-01
   187   17.765000             128000  9.2295360445238972E-01
   188   17.860000             128000  9.2533925893405866E-01
   189   17.955000             128000  9.2839734481574243E-01
   190   18.050000             128000  9.3209547447766838E-01
   191   18.145000             128000  9.3636524702878043E-01
   192   18.240000             128000  9.4113576964382140E-01
   193   18.335000             128000  9.4635321903857883E-01
   194   18.430000             128000  9.5198419902652931E-01
   195   18.525000             128000  9.5801578680211219E-01
   196   18.620000             128000  9.6444972034770460E-01
   197   18.715000             128000  9.7129114169245045E-01
   198   18.810000             128000  9.7853091079806709E-01
   199   18.905000             128000  9.8612862521151767E-01
   200   19.000000             128000  9.9400516232996372E-01
   201   19.095000             128000  1.0020394921452742E+00
   202   19.190000             128000  1.0100728108908843E+00
   203   19.285000             128000  1.0179243053810896E+00
   204   19.380000             128000  1.0254101623692193E+00
   205   19.475000             128000  1.0323584291628665E+00
   206   19.570000             128000  1.0386245364169349E+00
   207   19.665000             128000  1.0441113676333340E+00
   208   19.760000             128000  1.0487781465664905E+00
   209   19.855000             128000  1.0526324678781065E+00
   210   19.950000             128000  1.0557099962341030E+00
   211   20.045000             128000  1.0580393870869282E+00
   212   20.140000             128000  1.0596145131552772E+00
   213   20.235000             128000  1.0603981274119179E+00
   214   20.330000             128000  1.0603391798802246E+00
   215   20.425000             128000  1.0593846843261447E+00
   216   20.520000             128000  1.0574900183827673E+00
   217   20.615000             128000  1.0546290165929504E+00
   218   20.710000             128000  1.0507977970058187E+00
   219   20.805000             128000  1.0460090398875561E+00
   220   20.900000             128000  1.0402836473339829E+00
   221   20.995000             128000  1.0336513595598849E+00
   222   21.090000             128000  1.0261550050734523E+00
   223   21.185000             128000  1.0178445978118256E+00
   224   21.280000             128000  1.0087686176132635E+00
   225   21.375000             128000  9.9897465120461604E-01
   226   21.470000             128000  9.8850887190785708E-01
   227   21.565000             128000  9.7740818271551988E-01
   228   21.660000             128000  9.6570148295886304E-01
   229   21.755000             128000  9.5342164904881321E-01
   230   21.850000             128000  9.4061230427824105E-01
   231   21.945000             128000  9.2733150951142029E-01
   232   22.040000             128000  9.1365962754736407E-01
   233   22.135000             128000  8.9969905745224299E-01
   234   22.230000             128000  8.8556514655877328E-01
   235   22.325000             128000  8.7138493960938579E-01
   236   22.420000             128000  8.5729478757313304E-01
   237   22.515000             128000  8.4342587060649421E-01
   238   22.610000             128000  8.2989447154659512E-01
   239   22.705000             128000  8.1680595814513524E-01
   240   22.800000             128000  8.0426040543590316E-01
   241   22.895000             128000  7.9235244580201458E-01
   242   22.990000             128000  7.8117443326686342E-01
   243   23.085000             128000  7.7082649643302537E-01
   244   23.180000             128000  7.6141752422210418E-01
   245   23.275000             128000  7.5305178563838870E-01
   246   23.370000             128000  7.4581813519042195E-01
   247   23.465000             128000  7.3978589942829553E-01
   248   23.560000             128000  7.3499805104880345E-01
   249   23.655000             128000  7.3146865179004128E-01
   250   23.750000             128000  7.2919395433889156E-01
   251   23.845000             128000  7.2816639441725561E-01
   252   23.940000             128000  7.2837551636010933E-01
   253   24.035000             128000  7.2979588624449565E-01
   254   24.130000             128000  7.3237823717999695E-01
   255   24.225000             128000  7.3605147436745921E-01
   256   24.320000             128000  7.4073213019188844E-01
   257   24.415000             128000  7.4633730167158963E-01
   258   24.510000             128000  7.5279180325999628E-01
   259   24.605000             128000  7.6002667736775598E-01
   260   24.700000             128000  7.6797536626242691E-01
   261   24.795000             128000  7.7657094979429331E-01
   262   24.890000             128000  7.8574553090286703E-01
   263   24.985000             128000  7.9543122123861187E-01
   264   25.080000             128000  8.0556116061119054E-01
   265   25.175000             128000  8.1606921738607907E-01
   266   25.270000             128000  8.2688208240507666E-01
   267   25.365000             128000  8.3790031459183445E-01
   268   25.460000             128000  8.4897669972340517E-01
   269   25.555000             128000  8.5990627566218092E-01
   270   25.650000             128000  8.7044271588894473E-01
   271   25.745000             128000  8.8034405756195366E-01
   272   25.840000             128000  8.8942738711764313E-01
   273   25.935000             128000  8.9759993943228666E-01
   274   26.030000             128000  9.0485701527333662E-01
   275   26.125000             128000  9.1126278463061383E-01
   276   26.220000             128000  9.1692072565495508E-01
   277   26.315000             128000  9.2194659325912753E-01
   278   26.410000             128000  9.2646988525296958E-01
   279   26.505000             128000  9.3065561192450530E-01
   280   26.600000             128000  9.3470500217537522E-01
   281   26.695000             128000  9.3881770893676086E-01
   282   26.790000             128000  9.4313927069280501E-01
   283   26.885000             128000  9.4772071095161370E-01
   284   26.980000             128000  9.5250679947690275E-01
   285   27.075000             128000  9.5737004861687214E-01
   286   27.170000             128000  9.6216611408923602E-01
   287   27.265000             128000  9.6675512308793510E-01
   288   27.360000             128000  9.7098137894011816E-01
   289   27.455000             128000  9.7464942997008586E-01
   290   27.550000             128000  9.7752349202816391E-01
   291   27.645000             128000  9.7935979178187849E-01
   292   27.740000             128000  9.7996187146493730E-01
   293   27.835000             128000  9.7923286977224377E-01
   294   27.930000             128000  9.7718911528222729E-01
   295   28.025000             128000  9.7392553524552161E-01
   296   28.120000             128000  9.6956300099909276E-01
   297   28.215000             128000  9.6420552702556939E-01
   298   28.310000             128000  9.5793805695742829E-01
   299   28.405000             128000  9.5085590115728025E-01
   300   28.500000             128000  9.4308244353341819E-01
   301   28.595000             128000  9.3476729772000700E-01
   302   28.690000             128000  9.2608221127744628E-01
   303   28.785000             128000  9.1720519214439966E-01
   304   28.880000             128000  9.0829210596308552E-01
   305   28.975000             128000  8.9945084948419329E-01
   306   29.070000             128000  8.9073514394063458E-01
   307   29.165000             128000  8.8216327889419599E-01
   308   29.260000             128000  8.7374000283412045E-01
   309   29.355000             128000  8.6545673650709598E-01
   310   29.450000             128000  8.5728892170868176E-01
   311   29.545000             128000  8.4920845887916396E-01
   312   29.640000             128000  8.4119553829320848E-01
   313   29.735000             128000  8.3324735538084016E-01
   314   29.830000             128000  8.2538820223257103E-01
   315   29.925000             128000  8.1767499100620256E-01
   316   30.020000             128000  8.1018992650364030E-01
   317   30.115000             128000  8.0303859488597995E-01
   318   30.210000             128000  7.9635356212427666E-01
   319   30.305000             128000  7.9028339277591364E-01
   320   30.400000             128000  7.8496908358514617E-01
   321   30.495000             128000  7.8051748918360486E-01
   322   30.590000             128000  7.7697982056437098E-01
   323   30.685000             128000  7.7435060617927565E-01
   324   30.780000             128000  7.7258305760757084E-01
   325   30.875000             128000  7.7160210154054565E-01
   326   30.970000             128000  7.7131611760245677E-01
   327   31.065000             128000  7.7163875596407605E-01
   328   31.160000             128000  7.7250046178731313E-01
   329   31.255000             128000  7.7382383465088300E-01
   330   31.350000             128000  7.7549221253213907E-01
   331   31.445000             128000  7.7735825245808154E-01
   332   31.540000             128000  7.7929532427788195E-01
   333   31.635000             128000  7.8124734521850647E-01
   334   31.730000             128000  7.8323012226228061E-01
   335   31.825000             128000  7.8528673481870004E-01
   336   31.920000             128000  7.8743883248574620E-01
   337   32.015000             128000  7.8965781391018219E-01
   338   32.110000             128000  7.9186219735400576E-01
   339   32.205000             128000  7.9394161911756900E-01
   340   32.300000             128000  7.9579057792928665E-01
   341   32.395000             128000  7.9733637739473506E-01
   342   32.490000             128000  7.9854754005457862E-01
   343   32.585000             128000  7.9942137956374915E-01
   344   32.680000             128000  7.9997264894402309E-01
   345   32.775000             128000  8.0022634020999250E-01
   346   32.870000             128000  8.0021591734611064E-01
   347   32.965000             128000  8.0000060673563433E-01
   348   33.060000             128000  7.9968375937100755E-01
   349   33.155000             128000  7.9940784229473383E-01
   350   33.250000             128000  7.9933273672146332E-01
   351   33.345000             128000  7.9960906412920330E-01
   352   33.440000             128000  8.0035479941711696E-01
   353   33.535000             128000  8.0164608924977843E-01
   354   33.630000             128000  8.0352085641191229E-01
   355   33.725000             128000  8.0598574450247462E-01
   356   33.820000             128000  8.0902319317531557E-01
   357   33.915000             128000  8.1260179623417450E-01
   358   34.010000             128000  8.1668752045216719E-01
   359   34.105000             128000  8.2125894174034375E-01
   360   34.200000             128000  8.2632433839021402E-01
   361   34.295000             128000  8.3192640821760488E-01
   362   34.390000             128000  8.3813909382450325E-01
   363   34.485000             128000  8.4504056689127260E-01
   364   34.580000             128000  8.5264525753496456E-01
   365   34.675000             128000  8.6085311976000489E-01
   366   34.770000             128000  8.6946917268838431E-01
   367   34.865000             128000  8.7826282627416119E-01
   368   34.960000             128000  8.8700764281198941E-01
   369   35.055000             128000  8.9549199364503940E-01
   370   35.150000             128000  9.0351998699792557E-01
   371   35.245000             128000  9.1090853098148772E-01
   372   35.340000             128000  9.1749009698742856E-01
   373   35.435000             128000  9.2312724283832504E-01
   374   35.530000             128000  9.2773818468338254E-01
   375   35.625000             128000  9.3130266733367773E-01
   376   35.720000             128000  9.3383553949217335E-01
   377   35.815000             128000  9.3535631785526607E-01
   378   35.910000             128000  9.3589881550245047E-01
   379   36.005000             128000  9.3555575731975571E-01
   380   36.100000             128000  9.3449464383477399E-01
   381   36.195000             128000  9.3294538656395809E-01
   382   36.290000             128000  9.3119526189401935E-01
   383   36.385000             128000  9.2955563677847763E-01
   384   36.480000             128000  9.2827692299769504E-01
   385   36.575000             128000  9.2749479964468606E-01
   386   36.670000             128000  9.2724492007171222E-01
   387   36.765000             128000  9.2750389536007471E-01
   388   36.860000             128000  9.2821799278542727E-01
   389   36.955000             128000  9.2930435070075013E-01
   390   37.050000             128000  9.3064630704254503E-01
   391   37.145000             128000  9.3210808691538216E-01
   392   37.240000             128000  9.3355792774344448E-01
   393   37.335000             128000  9.3487026384909744E-01
   394   37.430000             128000  9.3590018374842576E-01
   395   37.525000             128000  9.3646291268833703E-01
   396   37.620000             128000  9.3635533617118827E-01
   397   37.715000             128000  9.3539928774438463E-01
   398   37.810000             128000  9.3346468237675795E-01
   399   37.905000             128000  9.3048569365552936E-01
   400   38.000000             128000  9.2649027457214517E-01
   401   38.095000             128000  9.2161633191018377E-01
   402   38.190000             128000  9.1609639403328968E-01
   403   38.285000             128000  9.1021591075681596E-01
   404   38.380000             128000  9.0425363913531687E-01
   405   38.475000             128000  8.9844804387496779E-01
   406   38.570000             128000  8.9302469841482768E-01
   407   38.665000             128000  8.8823816618781959E-01
   408   38.760000             128000  8.8437434065508413E-01
   409   38.855000             128000  8.8171160036338769E-01
   410   38.950000             128000  8.8045799980527284E-01
   411   39.045000             128000  8.8070476205870718E-01
   412   39.140000             128000  8.8242680002200169E-01
   413   39.235000             128000  8.8551069349103484E-01
   414   39.330000             128000  8.8978595914227809E-01
   415   39.425000             128000  8.9505453405613367E-01
   416   39.520000             128000  9.0111197330778436E-01
   417   39.615000             128000  9.0775905373093357E-01
   418   39.710000             128000  9.1480522412789567E-01
   419   39.805000             128000  9.2206064209371941E-01
   420   39.900000             128000  9.2932631365106411E-01
   421   39.995000             128000  9.3639533600156066E-01
   422   40.090000             128000  9.4306783459790677E-01
