! EM field energy per field component
  Iter        Time                          B1                      B2                      B3                      E1                      E2                      E3
     0   0.0000000      0.0000000000000000E+00  0.0000000000000000E+00  0.0000000000000000E+00  0.0000000000000000E+00  0.0000000000000000E+00  0.0000000000000000E+00
     1  0.95000000E-01  0.0000000000000000E+00  4.7799473831491898E-10  4.6920554737512059E-10  4.3421726312050525E-09  5.5177556798572265E-09  6.5595585802901517E-09
     2  0.19000000      0.0000000000000000E+00  5.4451952583119098E-09  5.6197942168813722E-09  1.7177922534491767E-08  1.7233370715702019E-08  1.9498598922463973E-08
     3  0.28500000      0.0000000000000000E+00  1.6911240619997921E-08  1.8854454819639052E-08  3.7900943030684240E-08  2.9138259594222182E-08  3.1066274808674183E-08
     4  0.38000000      0.0000000000000000E+00  3.0542326272237754E-08  3.7545151747780407E-08  6.5507366379897688E-08  4.0787190293806408E-08  4.0848977602883026E-08
     5  0.47500000      0.0000000000000000E+00  4.2179577781431270E-08  5.9146518164640433E-08  9.8650130924542704E-08  5.2005821798894617E-08  5.0056682124539804E-08
     6  0.57000000      0.0000000000000000E+00  5.1752311357958899E-08  8.5653874095577927E-08  1.3571188764432571E-07  5.9886823915406498E-08  5.7731222225795062E-08
     7  0.66500000      0.0000000000000000E+00  6.1753650064751221E-08  1.2025642105962342E-07  1.7489221577229623E-07  6.1950915971485373E-08  6.1429742524578389E-08
     8  0.76000000      0.0000000000000000E+00  7.3086017377496464E-08  1.6145372604531385E-07  2.1430414901136059E-07  6.0188908727337723E-08  6.1109290200913913E-08
     9  0.85500000      0.0000000000000000E+00  8.5070229594771557E-08  2.0328724117833806E-07  2.5207483076675562E-07  5.8722430952132345E-08  5.8427395102999399E-08
    10  0.95000000      0.0000000000000000E+00  9.8111044756160273E-08  2.4009881327116603E-07  2.8644491890826010E-07  5.9062078472566955E-08  5.3140582924622295E-08
    11   1.0450000      0.0000000000000000E+00  1.1245770141712319E-07  2.6885218251748398E-07  3.1586090382811422E-07  6.0632926588364432E-08  4.4538917685643455E-08
    12   1.1400000      0.0000000000000000E+00  1.2541433228744484E-07  2.9013252140351798E-07  3.3905547100287441E-07  6.2683952077099472E-08  3.4895029725618777E-08
    13   1.2350000      0.0000000000000000E+00  1.3274746341783048E-07  3.0911402684110016E-07  3.5511140200368132E-07  6.4127889357605609E-08  2.8544069271577649E-08
    14   1.3300000      0.0000000000000000E+00  1.3395248997415709E-07  3.3328939491660957E-07  3.6350562218537549E-07  6.5144849754043712E-08  2.6098792084499915E-08
    15   1.4250000      0.0000000000000000E+00  1.3212047311169685E-07  3.7007998261655785E-07  3.6413115157027569E-07  6.6236322510176522E-08  2.4774641303364284E-08
    16   1.5200000      0.0000000000000000E+00  1.2919761631728041E-07  4.2439006524338822E-07  3.5729563260257690E-07  6.6287457859503595E-08  2.3610059637333824E-08
    17   1.6150000      0.0000000000000000E+00  1.2478229537208688E-07  4.9523212771994498E-07  3.4369769433032584E-07  6.4553046795377388E-08  2.3931214418997731E-08
    18   1.7100000      0.0000000000000000E+00  1.1819926598202847E-07  5.7731359768027455E-07  3.2438190164526262E-07  6.1516320764829236E-08  2.6660822506513076E-08
    19   1.8050000      0.0000000000000000E+00  1.1043448799381559E-07  6.6645015550703320E-07  3.0067536752931162E-07  5.8585294194560331E-08  2.9878726950229232E-08
    20   1.9000000      0.0000000000000000E+00  1.0147546720246537E-07  7.6354712103468591E-07  2.7410952593031019E-07  5.6959572626589940E-08  3.2549840455130449E-08
    21   1.9950000      0.0000000000000000E+00  8.9333433056791871E-08  8.7362233334734439E-07  2.4633124372083935E-07  5.5736922938893141E-08  3.6476153579326405E-08
    22   2.0900000      0.0000000000000000E+00  7.4276729913726674E-08  9.9918598630993284E-07  2.1900917983783254E-07  5.4008854882575605E-08  4.1586780278287338E-08
    23   2.1850000      0.0000000000000000E+00  5.9658769948548047E-08  1.1368700343140690E-06  1.9374025305604436E-07  5.3298429967509858E-08  4.5388774889558333E-08
    24   2.2800000      0.0000000000000000E+00  4.8665163658891023E-08  1.2830169537867596E-06  1.7196139903800844E-07  5.5195081508816405E-08  4.6152307334663323E-08
    25   2.3750000      0.0000000000000000E+00  4.0495448703685145E-08  1.4394408779299197E-06  1.5487209392922805E-07  5.9296532432742014E-08  4.6596827354278688E-08
    26   2.4700000      0.0000000000000000E+00  3.3098842753555496E-08  1.6117775811998143E-06  1.4337134944925126E-07  6.4003140464294412E-08  5.0065716698470544E-08
    27   2.5650000      0.0000000000000000E+00  2.9040145227210944E-08  1.8033438846542793E-06  1.3801284147754665E-07  6.8272752439270339E-08  5.2815091797317883E-08
    28   2.6600000      0.0000000000000000E+00  3.0893791280277665E-08  2.0126464833633870E-06  1.3898008773771640E-07  7.2223874515979548E-08  5.0250882396622052E-08
    29   2.7550000      0.0000000000000000E+00  3.6022310600521070E-08  2.2380699076719339E-06  1.4608311194218686E-07  7.7035178738712109E-08  4.3974812249963692E-08
    30   2.8500000      0.0000000000000000E+00  4.0392437051125439E-08  2.4862247761379725E-06  1.5877618419393971E-07  8.3312200855191313E-08  3.7837897081645421E-08
    31   2.9450000      0.0000000000000000E+00  4.3549103979878939E-08  2.7737245275094382E-06  1.7619611273781012E-07  9.1272614914729252E-08  3.2444620707775299E-08
    32   3.0400000      0.0000000000000000E+00  4.7577002654318126E-08  3.1192581092915592E-06  1.9721790076981485E-07  1.0239136495409713E-07  2.6089339553266597E-08
    33   3.1350000      0.0000000000000000E+00  5.2295337157636892E-08  3.5344785594871130E-06  2.2052409028970830E-07  1.1653250868917036E-07  2.0069699153155058E-08
    34   3.2300000      0.0000000000000000E+00  5.5442499772150329E-08  4.0183057983504177E-06  2.4468433484563666E-07  1.2978616468288702E-07  1.8060721954679813E-08
    35   3.3250000      0.0000000000000000E+00  5.7052089959757315E-08  4.5571891770379092E-06  2.6824018189275329E-07  1.3783631848344721E-07  2.0332376303427852E-08
    36   3.4200000      0.0000000000000000E+00  5.8802853173504333E-08  5.1336807620839790E-06  2.8978990501696022E-07  1.4011938562446181E-07  2.4356451684640550E-08
    37   3.5150000      0.0000000000000000E+00  6.0132723664978502E-08  5.7386384021636872E-06  3.0806908641606803E-07  1.3996978419724556E-07  2.9561643695788245E-08
    38   3.6100000      0.0000000000000000E+00  5.8670750698394669E-08  6.3780383631230316E-06  3.2202229972677443E-07  1.4066025216187176E-07  3.7619559816896624E-08
    39   3.7050000      0.0000000000000000E+00  5.5170331806097096E-08  7.0680586859003826E-06  3.3086157261482720E-07  1.4491911459806764E-07  4.7185308498263155E-08
    40   3.8000000      0.0000000000000000E+00  5.3467784692166721E-08  7.8268417868874262E-06  3.3410798912711289E-07  1.5689282151095289E-07  5.3992099503096979E-08
    41   3.8950000      0.0000000000000000E+00  5.5080316656302193E-08  8.6744873577003339E-06  3.3161420768304070E-07  1.7957553958699226E-07  5.6780403505669970E-08
    42   3.9900000      0.0000000000000000E+00  5.8132354466129557E-08  9.6354110296675706E-06  3.2356791172697367E-07  2.1323021179569087E-07  5.7893213044172291E-08
    43   4.0850000      0.0000000000000000E+00  6.1796654660597948E-08  1.0735523366964677E-05  3.1047621040816075E-07  2.5855391436714061E-07  5.8091297875790436E-08
    44   4.1800000      0.0000000000000000E+00  6.8813978971243959E-08  1.2000666228002185E-05  2.9313184251514552E-07  3.1495135073528302E-07  5.3602595323288799E-08
    45   4.2750000      0.0000000000000000E+00  7.9786724399609845E-08  1.3455787834645882E-05  2.7256314538457527E-07  3.7861587957334651E-07  4.2970084771827334E-08
    46   4.3700000      0.0000000000000000E+00  8.9373779206999350E-08  1.5121684263369441E-05  2.4997111796030702E-07  4.4697223598317078E-07  3.1990394754370935E-08
    47   4.4650000      0.0000000000000000E+00  9.3658800451037640E-08  1.7016164395138989E-05  2.2665728832314519E-07  5.1897265036970291E-07  2.5081592211320888E-08
    48   4.5600000      0.0000000000000000E+00  9.4306026169360346E-08  1.9158426982965676E-05  2.0394702943911100E-07  5.9299781997985746E-07  2.1203813315456665E-08
    49   4.6550000      0.0000000000000000E+00  9.4662388202247376E-08  2.1572961481461887E-05  1.8311258936811377E-07  6.6753897869584022E-07  1.8739638225607035E-08
    50   4.7500000      0.0000000000000000E+00  9.6289721059421457E-08  2.4292138827706306E-05  1.6530037400391820E-07  7.4103892498420807E-07  1.8226761721735785E-08
    51   4.8450000      0.0000000000000000E+00  9.8636566770912888E-08  2.7350497074073275E-05  1.5146663851189062E-07  8.1186921884896265E-07  2.1444737735559252E-08
    52   4.9400000      0.0000000000000000E+00  1.0181019336457663E-07  3.0770283438834095E-05  1.4232558014178157E-07  8.8166958482736162E-07  2.6931306333367898E-08
    53   5.0350000      0.0000000000000000E+00  1.0524787764633948E-07  3.4558332632916406E-05  1.3831243050943725E-07  9.5336476361817695E-07  3.2195217875586915E-08
    54   5.1300000      0.0000000000000000E+00  1.0588270948881248E-07  3.8722247340933176E-05  1.3956353347892288E-07  1.0263543868719751E-06  3.7680131688438068E-08
    55   5.2250000      0.0000000000000000E+00  1.0163383614320276E-07  4.3287832768776959E-05  1.4591361462181660E-07  1.1024257130130011E-06  4.3998544710838370E-08
    56   5.3200000      0.0000000000000000E+00  9.4090218451719508E-08  4.8308548280237684E-05  1.5691113181604363E-07  1.1897672112300946E-06  4.9498893158012019E-08
    57   5.4150000      0.0000000000000000E+00  8.6961617217102666E-08  5.3865160054140595E-05  1.7185040613951340E-07  1.2980005614111683E-06  5.1309368352065940E-08
    58   5.5100000      0.0000000000000000E+00  8.1338581910608170E-08  6.0058306765655535E-05  1.8981805140562429E-07  1.4340147384212727E-06  4.9882154992837810E-08
    59   5.6050000      0.0000000000000000E+00  7.5239607001978200E-08  6.7003990094084446E-05  2.0975083080107853E-07  1.6031171116709476E-06  4.8852184466057762E-08
    60   5.7000000      0.0000000000000000E+00  6.8322216487033195E-08  7.4837262002143548E-05  2.3050082578109459E-07  1.8103150043606853E-06  4.8976905711541480E-08
    61   5.7950000      0.0000000000000000E+00  6.2173488336757569E-08  8.3716365034962567E-05  2.5090484519801217E-07  2.0581403426251504E-06  4.8050091222191985E-08
    62   5.8900000      0.0000000000000000E+00  5.7027149915195127E-08  9.3815821188603102E-05  2.6985382788048589E-07  2.3448939664946873E-06  4.4989834205169003E-08
    63   5.9850000      0.0000000000000000E+00  5.1117728226121157E-08  1.0530929186738041E-04  2.8635746115134878E-07  2.6639394639077620E-06  4.1228872090118248E-08
    64   6.0800000      0.0000000000000000E+00  4.4144329676638483E-08  1.1834966850560775E-04  2.9960046028991337E-07  3.0061058033674097E-06  3.7254246788828572E-08
    65   6.1750000      0.0000000000000000E+00  3.8117647484210912E-08  1.3305644103824384E-04  3.0898764118006537E-07  3.3638547772531009E-06  3.1938416710541659E-08
    66   6.2700000      0.0000000000000000E+00  3.3960542873762582E-08  1.4951960790232337E-04  3.1417504968962131E-07  3.7354062698702413E-06  2.6260631133395689E-08
    67   6.3650000      0.0000000000000000E+00  3.0511308017606771E-08  1.6782790406787826E-04  3.1508568621634928E-07  4.1274385340686528E-06  2.3414744520703353E-08
    68   6.4600000      0.0000000000000000E+00  2.7523643780073528E-08  1.8812164855374123E-04  3.1190960566249262E-07  4.5544917313384743E-06  2.4765666659606623E-08
    69   6.5550000      0.0000000000000000E+00  2.9009535057832697E-08  2.1065100720894480E-04  3.0508856041870009E-07  5.0314963281604215E-06  2.5376768002296480E-08
    70   6.6500000      0.0000000000000000E+00  3.6854022962780311E-08  2.3579360752869023E-04  2.9528536341175511E-07  5.5724384885956921E-06  2.1426941715560909E-08
    71   6.7450000      0.0000000000000000E+00  4.3374075441071016E-08  2.6401146225207514E-04  2.8334072030221390E-07  6.1954455906447492E-06  2.0608600994543256E-08
    72   6.8400000      0.0000000000000000E+00  4.2754904595030981E-08  2.9578314961417845E-04  2.7022085125680457E-07  6.9124552395260611E-06  2.8693219270308623E-08
    73   6.9350000      0.0000000000000000E+00  3.8546382637875210E-08  3.3154688800190530E-04  2.5695880368215099E-07  7.7253395120896726E-06  4.1321595002742095E-08
    74   7.0300000      0.0000000000000000E+00  3.6538276429559175E-08  3.7169214512226541E-04  2.4459255582801187E-07  8.6383279527386006E-06  5.2669556958399832E-08
    75   7.1250000      0.0000000000000000E+00  3.9653115851537506E-08  4.1662141776929707E-04  2.3410331541432942E-07  9.6656005949459567E-06  5.9990365128909849E-08
    76   7.2200000      0.0000000000000000E+00  4.7667022538969936E-08  4.6684722797086619E-04  2.2635792746822311E-07  1.0828710220322474E-05  6.3370569856344344E-08
    77   7.3150000      0.0000000000000000E+00  6.0079341286155653E-08  5.2305997869170275E-04  2.2206057336292252E-07  1.2149442566744294E-05  6.2091074099084154E-08
    78   7.4100000      0.0000000000000000E+00  7.6037778882768325E-08  5.8611950912250410E-04  2.2171591302115428E-07  1.3647420778830112E-05  5.5283043545284755E-08
    79   7.5050000      0.0000000000000000E+00  9.2336619606621395E-08  6.5698033933942021E-04  2.2560528021879123E-07  1.5341797391050010E-05  4.5234097669116536E-08
    80   7.6000000      0.0000000000000000E+00  1.0555050120298015E-07  7.3661422159003649E-04  2.3377630692551853E-07  1.7251392383265567E-05  3.5348221464421979E-08
    81   7.6950000      0.0000000000000000E+00  1.1535358218486531E-07  8.2599760940555941E-04  2.4604558047421692E-07  1.9396618421074965E-05  2.6403214096018646E-08
    82   7.7900000      0.0000000000000000E+00  1.2350660653679715E-07  9.2618456293016834E-04  2.6201576117247474E-07  2.1803641129239655E-05  1.7447814306396591E-08
    83   7.8850000      0.0000000000000000E+00  1.2955630631343048E-07  1.0384148423782345E-03  2.8110717772335522E-07  2.4504144550883881E-05  1.0563813010462807E-08
    84   7.9800000      0.0000000000000000E+00  1.3122560875631979E-07  1.1641711303288893E-03  3.0260170862301976E-07  2.7534012776086640E-05  9.8063664678759856E-09
    85   8.0750000      0.0000000000000000E+00  1.2842512536688146E-07  1.3051577839999593E-03  3.2569437014371097E-07  3.0932843298549035E-05  1.5527140910210113E-08
    86   8.1700000      0.0000000000000000E+00  1.2273513212379585E-07  1.4632623530171807E-03  3.4954871633292699E-07  3.4740861852610501E-05  2.4722885066651274E-08
    87   8.2650000      0.0000000000000000E+00  1.1457820990505481E-07  1.6405693293894555E-03  3.7335479242484908E-07  3.8997983533152930E-05  3.4499262593977395E-08
    88   8.3600000      0.0000000000000000E+00  1.0235440244644679E-07  1.8394258557054438E-03  3.9638394754026771E-07  4.3743538407964362E-05  4.4532533707069712E-08
    89   8.4550000      0.0000000000000000E+00  8.6313049125661552E-08  2.0624873650766477E-03  4.1803989378091762E-07  4.9015545824180495E-05  5.3899874068071987E-08
    90   8.5500000      0.0000000000000000E+00  7.0245989096961799E-08  2.3126856954235318E-03  4.3790187517124311E-07  5.4852826941803983E-05  5.9345518635684502E-08
    91   8.6450000      0.0000000000000000E+00  5.6805990900118596E-08  2.5931516456240327E-03  4.5575939005123592E-07  6.1298567212794212E-05  6.0189619549968294E-08
    92   8.7400000      0.0000000000000000E+00  4.5835103007065131E-08  2.9071820475402976E-03  4.7163357078550328E-07  6.8408159014165591E-05  5.8683158875909598E-08
    93   8.8350000      0.0000000000000000E+00  3.6948811346376513E-08  3.2583203296456865E-03  4.8578557139190397E-07  7.6261799850126216E-05  5.6355835819846547E-08
    94   8.9300000      0.0000000000000000E+00  3.2112623159819943E-08  3.6505456876120088E-03  4.9871625857664721E-07  8.4970738204814491E-05  5.1215443270676252E-08
    95   9.0250000      0.0000000000000000E+00  3.2809286343555331E-08  4.0884857797120590E-03  5.1114776093488349E-07  9.4672558985205187E-05  4.1312307030853355E-08
    96   9.1200000      0.0000000000000000E+00  3.4966192400107208E-08  4.5775424418304719E-03  5.2398717304457875E-07  1.0551958504796834E-04  3.1548370595116135E-08
    97   9.2150000      0.0000000000000000E+00  3.4525365553413708E-08  5.1238764791431786E-03  5.3828698823947243E-07  1.1766727452484824E-04  2.6843835132962781E-08
    98   9.3100000      0.0000000000000000E+00  3.3203874206534079E-08  5.7343038465746919E-03  5.5520289453569943E-07  1.3126674087893584E-04  2.5305456012207750E-08
    99   9.4050000      0.0000000000000000E+00  3.4287510579588625E-08  6.4162278199680518E-03  5.7596032809281062E-07  1.4646226598458582E-04  2.3426799117409673E-08
   100   9.5000000      0.0000000000000000E+00  3.7688190563675440E-08  7.1777016321529470E-03  6.0180513359451537E-07  1.6338993642138540E-04  2.1579125160373487E-08
   101   9.5950000      0.0000000000000000E+00  4.1100093598812163E-08  8.0275866195991894E-03  6.3391664729788213E-07  1.8217415247481303E-04  2.2418045669036842E-08
   102   9.6900000      0.0000000000000000E+00  4.4371462884742526E-08  8.9756579979051419E-03  6.7335198584573802E-07  2.0292821297611228E-04  2.5543369297672426E-08
   103   9.7850000      0.0000000000000000E+00  4.9031133758034815E-08  1.0032549382505590E-02  7.2101849110724656E-07  2.2575578525989623E-04  2.8165158022124582E-08
   104   9.8800000      0.0000000000000000E+00  5.4082992750943742E-08  1.1209587877717649E-02  7.7763836258416856E-07  2.5075183220258057E-04  3.0675119561455203E-08
   105   9.9750000      0.0000000000000000E+00  5.7208269361470233E-08  1.2518694675060980E-02  8.4374747182314620E-07  2.7800841937980855E-04  3.5415719801469269E-08
   106   10.070000      0.0000000000000000E+00  5.8856669195994199E-08  1.3972484125587667E-02  9.1964475092015303E-07  3.0762537022070534E-04  4.1806746504476085E-08
   107   10.165000      0.0000000000000000E+00  6.1639762504128545E-08  1.5584512211088065E-02  1.0053836149906777E-06  3.3971864275611388E-04  4.6689195839435751E-08
   108   10.260000      0.0000000000000000E+00  6.5743456221352614E-08  1.7369486994513610E-02  1.1007236417531883E-06  3.7441566775625986E-04  4.9612558274729386E-08
   109   10.355000      0.0000000000000000E+00  6.9025209047943019E-08  1.9343268689464975E-02  1.2050550027940453E-06  4.1183984637849263E-04  5.2803232528729183E-08
   110   10.450000      0.0000000000000000E+00  7.1718035154144725E-08  2.1522639283408276E-02  1.3175362818529379E-06  4.5209935394583577E-04  5.5501477098514695E-08
   111   10.545000      0.0000000000000000E+00  7.6211845016898666E-08  2.3924983223849339E-02  1.4370997728384656E-06  4.9527913615237881E-04  5.4256111950733145E-08
   112   10.640000      0.0000000000000000E+00  8.2371498441960573E-08  2.6568061629095710E-02  1.5623281859797949E-06  5.4143619988801766E-04  4.8389994622020263E-08
   113   10.735000      0.0000000000000000E+00  8.6207822478409850E-08  2.9469963731153584E-02  1.6913752288281921E-06  5.9059783982066819E-04  4.2185478597467518E-08
   114   10.830000      0.0000000000000000E+00  8.6141019435091212E-08  3.2649154012651539E-02  1.8220418000624656E-06  6.4274619172395727E-04  3.8051869947161152E-08
   115   10.925000      0.0000000000000000E+00  8.6374008441978277E-08  3.6124423105742168E-02  1.9518628339696787E-06  6.9778321336492533E-04  3.2254805130990787E-08
   116   11.020000      0.0000000000000000E+00  8.9457268453320278E-08  3.9914561247329942E-02  2.0787137286694927E-06  7.5549969275802680E-04  2.3445688251062713E-08
   117   11.115000      0.0000000000000000E+00  9.2816608604616324E-08  4.4037720632807677E-02  2.2013068441758744E-06  8.1555633600999169E-04  1.6022750678341893E-08
   118   11.210000      0.0000000000000000E+00  9.3762718476216428E-08  4.8510566046489040E-02  2.3198077819746549E-06  8.7749125557922379E-04  1.3567359022456008E-08
   119   11.305000      0.0000000000000000E+00  9.2124887763400196E-08  5.3347355676199693E-02  2.4360802271824388E-06  9.4074227830465412E-04  1.6106582839014343E-08
   120   11.400000      0.0000000000000000E+00  8.9092709416998693E-08  5.8559064108714282E-02  2.5532216015755355E-06  1.0046850817091591E-03  2.1364799488175228E-08
   121   11.495000      0.0000000000000000E+00  8.4040179967610275E-08  6.4152637867304171E-02  2.6757522693074694E-06  1.0686895473541484E-03  2.9139921084459785E-08
   122   11.590000      0.0000000000000000E+00  7.6308455716447010E-08  7.0130542294844986E-02  2.8108354555334832E-06  1.1321953715195195E-03  3.9585624838383775E-08
   123   11.685000      0.0000000000000000E+00  6.8234919118518623E-08  7.6490661968991569E-02  2.9672836753838598E-06  1.1947777611643173E-03  4.9593827210578421E-08
   124   11.780000      0.0000000000000000E+00  6.2226663918005256E-08  8.3226396311072370E-02  3.1548733997888585E-06  1.2561656819379170E-03  5.6340014798512920E-08
   125   11.875000      0.0000000000000000E+00  5.8154967784308066E-08  9.0326717989707539E-02  3.3842185497074131E-06  1.3162544906256341E-03  5.9911917768777099E-08
   126   11.970000      0.0000000000000000E+00  5.4552683971172164E-08  9.7776198603876097E-02  3.6651198382725265E-06  1.3751157453878492E-03  6.1904298796061276E-08
   127   12.065000      0.0000000000000000E+00  5.2017921935352809E-08  1.0555529713648647E-01  4.0043833970775060E-06  1.4330384823691431E-03  6.1553203385444649E-08
   128   12.160000      0.0000000000000000E+00  5.2844136026106075E-08  1.1364095643392698E-01  4.4038501781648934E-06  1.4904786216939404E-03  5.6164335654026475E-08
   129   12.255000      0.0000000000000000E+00  5.6359332607538929E-08  1.2200747621113356E-01  4.8621589173157440E-06  1.5480408547678256E-03  4.6964964119341621E-08
   130   12.350000      0.0000000000000000E+00  5.9588601664335869E-08  1.3062759164090976E-01  5.3757340838826373E-06  1.6063830493823145E-03  3.8120623816631780E-08
   131   12.445000      0.0000000000000000E+00  6.1318805002525881E-08  1.3947363807359503E-01  5.9408722657548620E-06  1.6661184477239793E-03  3.1837787013326593E-08
   132   12.540000      0.0000000000000000E+00  6.2597124034832312E-08  1.4851887247950998E-01  6.5556889830628627E-06  1.7277518155007214E-03  2.7376145912457097E-08
   133   12.635000      0.0000000000000000E+00  6.3299782594411586E-08  1.5773841695310781E-01  7.2229225340067048E-06  1.7916286001030670E-03  2.4648901808173676E-08
   134   12.730000      0.0000000000000000E+00  6.1418472443233713E-08  1.6710914823956660E-01  7.9503063580298345E-06  1.8579899445146702E-03  2.5126182010039453E-08
   135   12.825000      0.0000000000000000E+00  5.6690516373129421E-08  1.7660882623541538E-01  8.7454894883736113E-06  1.9271693706420755E-03  2.8092231989762236E-08
   136   12.920000      0.0000000000000000E+00  5.1355759305356753E-08  1.8621569540538060E-01  9.6140638168296603E-06  1.9996816548199935E-03  3.0609015135735774E-08
   137   13.015000      0.0000000000000000E+00  4.6723882251366170E-08  1.9590906710316383E-01  1.0557028520505443E-05  2.0761141020345167E-03  3.1469315671385531E-08
   138   13.110000      0.0000000000000000E+00  4.0105739162299753E-08  2.0567010897908267E-01  1.1570137599746788E-05  2.1568304345603315E-03  3.4695662889977326E-08
   139   13.205000      0.0000000000000000E+00  3.0494758982717982E-08  2.1548178080025224E-01  1.2646817679447416E-05  2.2417460504169785E-03  4.2662937893100514E-08
   140   13.300000      0.0000000000000000E+00  2.4716445441288708E-08  2.2532780126556662E-01  1.3778154437968586E-05  2.3304074402364068E-03  4.7426406435209381E-08
   141   13.395000      0.0000000000000000E+00  2.6565039119297814E-08  2.3519150761899255E-01  1.4948595287808772E-05  2.4221975562299554E-03  4.4061000673364578E-08
   142   13.490000      0.0000000000000000E+00  3.1088767277860996E-08  2.4505612806314284E-01  1.6140159101310995E-05  2.5161775245242757E-03  3.8321921714546481E-08
   143   13.585000      0.0000000000000000E+00  3.4255683523969467E-08  2.5490590964320398E-01  1.7332672794616066E-05  2.6105457051997850E-03  3.5327941760316124E-08
   144   13.680000      0.0000000000000000E+00  3.6790606351766220E-08  2.6472587067617476E-01  1.8509924098913949E-05  2.7023566761389247E-03  3.5420067916159055E-08
   145   13.775000      0.0000000000000000E+00  4.1462924269422051E-08  2.7449965776063090E-01  1.9668955436051834E-05  2.7877345297723025E-03  3.5757655008855128E-08
   146   13.870000      0.0000000000000000E+00  4.8517718324090748E-08  2.8420720372141584E-01  2.0821236808923304E-05  2.8622471311273031E-03  3.5165220887156774E-08
   147   13.965000      0.0000000000000000E+00  5.6114304503842653E-08  2.9382415665517858E-01  2.1990197584117332E-05  2.9211133470004682E-03  3.4172438914876624E-08
   148   14.060000      0.0000000000000000E+00  6.3945984494676364E-08  3.0332202691004906E-01  2.3184537406942525E-05  2.9593572284311309E-03  3.1585404616548722E-08
   149   14.155000      0.0000000000000000E+00  7.2248647464868639E-08  3.1266649843044769E-01  2.4381757503682196E-05  2.9720690460569971E-03  2.6374563336546372E-08
   150   14.250000      0.0000000000000000E+00  7.9215037263465668E-08  3.2181328235733581E-01  2.5541947218938066E-05  2.9550245442063572E-03  2.0953138959022594E-08
   151   14.345000      0.0000000000000000E+00  8.2601547335179499E-08  3.3070274421794321E-01  2.6613468556495118E-05  2.9053344568236569E-03  1.9192875879659073E-08
   152   14.440000      0.0000000000000000E+00  8.3448735217987582E-08  3.3925382880826777E-01  2.7539633084664396E-05  2.8223368795687789E-03  2.1219760106393602E-08
   153   14.535000      0.0000000000000000E+00  8.4397914257842684E-08  3.4735799946644863E-01  2.8267054919577172E-05  2.7092735464841417E-03  2.4193592476248795E-08
   154   14.630000      0.0000000000000000E+00  8.4481078596339960E-08  3.5487802199915719E-01  2.8801446284128882E-05  2.5748821027019235E-03  2.8178053709009070E-08
   155   14.725000      0.0000000000000000E+00  8.0024906240108198E-08  3.6165497913824063E-01  2.9204094646841529E-05  2.4323032655652966E-03  3.5438654609484760E-08
   156   14.820000      0.0000000000000000E+00  6.9233996201395207E-08  3.6752104101842120E-01  2.9553137083597396E-05  2.2962728541167337E-03  4.6474568494809700E-08
   157   14.915000      0.0000000000000000E+00  5.4646130535590348E-08  3.7232000896082462E-01  2.9945223956634168E-05  2.1811051738154764E-03  5.8162682948709923E-08
   158   15.010000      0.0000000000000000E+00  4.0182171813424513E-08  3.7593812560102147E-01  3.0493632570275509E-05  2.0964071746479942E-03  6.7432132594797157E-08
   159   15.105000      0.0000000000000000E+00  2.8147088804642319E-08  3.7832958435713299E-01  3.1253994707969205E-05  2.0430227222286712E-03  7.4007480500563785E-08
   160   15.200000      0.0000000000000000E+00  2.1181902988777875E-08  3.7952527862990920E-01  3.2191329493928382E-05  2.0146979894913805E-03  7.6346785465644110E-08
   161   15.295000      0.0000000000000000E+00  2.1621744611290395E-08  3.7963083234914291E-01  3.3225823374589803E-05  2.0021397602292949E-03  7.1868775776850879E-08
   162   15.390000      0.0000000000000000E+00  2.8326714676244312E-08  3.7881310295953041E-01  3.4246291490836050E-05  1.9957509624569480E-03  6.0895821426790829E-08
   163   15.485000      0.0000000000000000E+00  3.6125234558551587E-08  3.7727364505111394E-01  3.5251218513808791E-05  1.9885722502913329E-03  4.8205460162150986E-08
   164   15.580000      0.0000000000000000E+00  4.0778657495902993E-08  3.7521506541663452E-01  3.6410086711258107E-05  1.9788056728535352E-03  3.8543336672706140E-08
   165   15.675000      0.0000000000000000E+00  4.4633005286342742E-08  3.7280657986019472E-01  3.8001295126236754E-05  1.9703366968941063E-03  2.9903299834102234E-08
   166   15.770000      0.0000000000000000E+00  5.0746760734372782E-08  3.7015924441796910E-01  4.0397806211965039E-05  1.9716250368739703E-03  2.0153331248742446E-08
   167   15.865000      0.0000000000000000E+00  5.6672048139011449E-08  3.6731966332209742E-01  4.3846553048163072E-05  1.9926877298433177E-03  1.3440560933034545E-08
   168   15.960000      0.0000000000000000E+00  5.8930754403385453E-08  3.6427557543721312E-01  4.8288687628701587E-05  2.0414967592987145E-03  1.3756053357516412E-08
   169   16.055000      0.0000000000000000E+00  5.7597267118604695E-08  3.6096455764626412E-01  5.3308765475691932E-05  2.1236995305895967E-03  1.9968185420676203E-08
   170   16.150000      0.0000000000000000E+00  5.5008439262023987E-08  3.5728986916162392E-01  5.8239527653710421E-05  2.2440538054655040E-03  2.8163796817512355E-08
   171   16.245000      0.0000000000000000E+00  5.1767552343580671E-08  3.5314432088891323E-01  6.2331212947979152E-05  2.4056534643489788E-03  3.6986786965322048E-08
   172   16.340000      0.0000000000000000E+00  4.7211376963116827E-08  3.4843059252547892E-01  6.4902508209383901E-05  2.6109434747493875E-03  4.7078198053613245E-08
   173   16.435000      0.0000000000000000E+00  4.3140405775078228E-08  3.4307580743816940E-01  6.5526159484229313E-05  2.8649187587770110E-03  5.6272331522096986E-08
   174   16.530000      0.0000000000000000E+00  4.2284166483865007E-08  3.3705001294027143E-01  6.3996099943508007E-05  3.1720970036576168E-03  6.1245488306598134E-08
   175   16.625000      0.0000000000000000E+00  4.4184818086750047E-08  3.3038709373342406E-01  6.0360533478851987E-05  3.5310169069377919E-03  6.2323149199117772E-08
   176   16.720000      0.0000000000000000E+00  4.6316777940779949E-08  3.2319610009527344E-01  5.5009568262640131E-05  3.9311686115328986E-03  6.2290490793818554E-08
   177   16.815000      0.0000000000000000E+00  4.8678611318935970E-08  3.1565228060486450E-01  4.8700225371180849E-05  4.3534136468780993E-03  6.1240738420208282E-08
   178   16.910000      0.0000000000000000E+00  5.3541406418860247E-08  3.0797176346138760E-01  4.2516696986049209E-05  4.7743081646153089E-03  5.6720227556700596E-08
   179   17.005000      0.0000000000000000E+00  6.0298104721774703E-08  3.0038660730409489E-01  3.7714479088266161E-05  5.1704820901881830E-03  4.9598234361506601E-08
   180   17.100000      0.0000000000000000E+00  6.5583727005996638E-08  2.9312751695957856E-01  3.5570739559875444E-05  5.5220578380094660E-03  4.3717998795142558E-08
   181   17.195000      0.0000000000000000E+00  6.8551731605157694E-08  2.8640789362819535E-01  3.7193899273424492E-05  5.8150002794121461E-03  4.0188260411232622E-08
   182   17.290000      0.0000000000000000E+00  7.2526429340618409E-08  2.8040757400543476E-01  4.3173873626603515E-05  6.0413901591004166E-03  3.5530853839662131E-08
   183   17.385000      0.0000000000000000E+00  7.8878271278352368E-08  2.7526024343474814E-01  5.3453340478730203E-05  6.1982115314967940E-03  2.8453348453886418E-08
   184   17.480000      0.0000000000000000E+00  8.3671783347231605E-08  2.7104623934996019E-01  6.7207040299255464E-05  6.2856139236073250E-03  2.3806246042879459E-08
   185   17.575000      0.0000000000000000E+00  8.4899982781092981E-08  2.6779057818896934E-01  8.2826145963891767E-05  6.3060693398641725E-03  2.3833440914627255E-08
   186   17.670000      0.0000000000000000E+00  8.5171705636027569E-08  2.6546658910781640E-01  9.8368495049552340E-05  6.2636304830965082E-03  2.5037869769897412E-08
   187   17.765000      0.0000000000000000E+00  8.5702861855984056E-08  2.6400500766117796E-01  1.1191741583552401E-04  6.1641829501618344E-03  2.5398301167007653E-08
   188   17.860000      0.0000000000000000E+00  8.4308187784940528E-08  2.6330600468107429E-01  1.2183901109030201E-04  6.0142020328381555E-03  2.6426681402971865E-08
   189   17.955000      0.0000000000000000E+00  7.8238463889451273E-08  2.6324965428347208E-01  1.2713891325150559E-04  5.8205074992375583E-03  3.0612444914262051E-08
   190   18.050000      0.0000000000000000E+00  6.8244346884635132E-08  2.6370368671317285E-01  1.2775098918814607E-04  5.5901260057392241E-03  3.7088002018696388E-08
   191   18.145000      0.0000000000000000E+00  5.7266122709314519E-08  2.6453101103926352E-01  1.2448366750640418E-04  5.3299139223131472E-03  4.3093332519680906E-08
   192   18.240000      0.0000000000000000E+00  4.6377115716235039E-08  2.6559818640391203E-01  1.1861583964217820E-04  5.0469837064459292E-03  4.8537728929329590E-08
   193   18.335000      0.0000000000000000E+00  3.6428169936249463E-08  2.6678607648293601E-01  1.1180382526845958E-04  4.7492527240032903E-03  5.3172669133341924E-08
   194   18.430000      0.0000000000000000E+00  2.9550422933958945E-08  2.6800355299644890E-01  1.0567807391315119E-04  4.4461936443968147E-03  5.4799083615206743E-08
   195   18.525000      0.0000000000000000E+00  2.7580838451321202E-08  2.6919676834916834E-01  1.0132111415427840E-04  4.1479475326755008E-03  5.1252926314276479E-08
   196   18.620000      0.0000000000000000E+00  2.9419786281477525E-08  2.7034509250631200E-01  9.9399047238068574E-05  3.8655641806868376E-03  4.3911521288635171E-08
   197   18.715000      0.0000000000000000E+00  3.2130495837242066E-08  2.7145267070691070E-01  1.0002540859437408E-04  3.6114496922838388E-03  3.6901703932765350E-08
   198   18.810000      0.0000000000000000E+00  3.5656195507274550E-08  2.7254544994176627E-01  1.0282786913656964E-04  3.3985710420385224E-03  3.1027175295721453E-08
   199   18.905000      0.0000000000000000E+00  4.1669661814969021E-08  2.7366933161464441E-01  1.0739791993851179E-04  3.2395300770756519E-03  2.4665820102837227E-08
   200   19.000000      0.0000000000000000E+00  4.9369004536859989E-08  2.7488358196926205E-01  1.1342088017767779E-04  3.1473552194816257E-03  1.8341034545281479E-08
   201   19.095000      0.0000000000000000E+00  5.5544035306142488E-08  2.7625119991775710E-01  1.2063567481319007E-04  3.1362072361028831E-03  1.4903498137572386E-08
   202   19.190000      0.0000000000000000E+00  5.8257858849748957E-08  2.7783023557168657E-01  1.2873612700770335E-04  3.2205477359219881E-03  1.5960384453007986E-08
   203   19.285000      0.0000000000000000E+00  5.8453292434000473E-08  2.7967169416711002E-01  1.3743770394760647E-04  3.4136738196555508E-03  2.0315126484080429E-08
   204   19.380000      0.0000000000000000E+00  5.7106144047487296E-08  2.8182333533206444E-01  1.4651441386190047E-04  3.7258308090414916E-03  2.7311222557189476E-08
   205   19.475000      0.0000000000000000E+00  5.4200882586342582E-08  2.8433308490326253E-01  1.5562195884716635E-04  4.1615976683765090E-03  3.7419371992223363E-08
   206   19.570000      0.0000000000000000E+00  5.1062196379067434E-08  2.8724846467600296E-01  1.6428053605805888E-04  4.7187598802828253E-03  4.9196472213556896E-08
   207   19.665000      0.0000000000000000E+00  5.1944230921565122E-08  2.9061280561694575E-01  1.7173600777450958E-04  5.3901415289512727E-03  5.6970569350380485E-08
   208   19.760000      0.0000000000000000E+00  5.8210697175572543E-08  2.9446553742596199E-01  1.7700109728431101E-04  6.1664209753268286E-03  5.7630926396221516E-08
   209   19.855000      0.0000000000000000E+00  6.3298050120114908E-08  2.9884753124558538E-01  1.7891129285015365E-04  7.0375398891570021E-03  5.7954624361651408E-08
   210   19.950000      0.0000000000000000E+00  6.3810186995433159E-08  3.0380489948045469E-01  1.7635589422396091E-04  7.9940274225631901E-03  6.1540241031300813E-08
   211   20.045000      0.0000000000000000E+00  6.5353708297439461E-08  3.0939228964596466E-01  1.6867559746423606E-04  9.0260634455788299E-03  6.1525822100619805E-08
   212   20.140000      0.0000000000000000E+00  7.1703350261204767E-08  3.1567963144156819E-01  1.5605550036701811E-04  1.0117824972182313E-02  5.4012640078506739E-08
   213   20.235000      0.0000000000000000E+00  8.0912271350112764E-08  3.2275395392163680E-01  1.3990343756512281E-04  1.1242226404076312E-02  4.1863617615831583E-08
   214   20.330000      0.0000000000000000E+00  8.8834675967553639E-08  3.3070907516523712E-01  1.2271082186946424E-04  1.2359601372244657E-02  3.0816034259721061E-08
   215   20.425000      0.0000000000000000E+00  9.3709028587563797E-08  3.3962887337097802E-01  1.0752584157935892E-04  1.3419084203007520E-02  2.3822181708595624E-08
   216   20.520000      0.0000000000000000E+00  9.6208202449337018E-08  3.4956654929013919E-01  9.7295460366428175E-05  1.4361839223105849E-02  2.0540281577393102E-08
   217   20.615000      0.0000000000000000E+00  9.6026818784487126E-08  3.6051891504458505E-01  9.4000343113154704E-05  1.5127171600230638E-02  2.1486678205821445E-08
   218   20.710000      0.0000000000000000E+00  9.2885741973472059E-08  3.7240683361491361E-01  9.7870733063049360E-05  1.5661062918039193E-02  2.6666127821677369E-08
   219   20.805000      0.0000000000000000E+00  8.8586104338486360E-08  3.8507422455949092E-01  1.0776994488480642E-04  1.5922092997477513E-02  3.3199934761211448E-08
   220   20.900000      0.0000000000000000E+00  8.5264717315028304E-08  3.9830018844949877E-01  1.2202093485401121E-04  1.5883728258187003E-02  3.7687405263057562E-08
   221   20.995000      0.0000000000000000E+00  8.2165528458001492E-08  4.1181195633440049E-01  1.3899464498389629E-04  1.5539405661909367E-02  4.0579659806058348E-08
   222   21.090000      0.0000000000000000E+00  7.7136409337352019E-08  4.2530417260710252E-01  1.5801746943329135E-04  1.4904647616663453E-02  4.4845665837681431E-08
   223   21.185000      0.0000000000000000E+00  7.1213579307384630E-08  4.3846631429245275E-01  1.7923525521051819E-04  1.4015190104008451E-02  5.0107612712628760E-08
   224   21.280000      0.0000000000000000E+00  6.7298771703522619E-08  4.5100613269622436E-01  2.0216586419932403E-04  1.2923832919342172E-02  5.3453933925822779E-08
   225   21.375000      0.0000000000000000E+00  6.5601702494572173E-08  4.6266379455927070E-01  2.2597781160941664E-04  1.1698133595495050E-02  5.3951264140471238E-08
   226   21.470000      0.0000000000000000E+00  6.2956091498088603E-08  4.7322315427391115E-01  2.4892179943573813E-04  1.0413760069091702E-02  5.3992936926470263E-08
   227   21.565000      0.0000000000000000E+00  5.7392193956156262E-08  4.8252198989596029E-01  2.6885787246312687E-04  9.1465047361728880E-03  5.5365805066273659E-08
   228   21.660000      0.0000000000000000E+00  5.0903625397445216E-08  4.9046133641413814E-01  2.8471287151171306E-04  7.9614401767252926E-03  5.6312706572971257E-08
   229   21.755000      0.0000000000000000E+00  4.5176837580554687E-08  4.9700439350147918E-01  2.9687621596174855E-04  6.9046776627941942E-03  5.6147076088688701E-08
   230   21.850000      0.0000000000000000E+00  3.9984986686223675E-08  5.0216046195840836E-01  3.0663551963692212E-04  6.0055196417586817E-03  5.6086024486074897E-08
   231   21.945000      0.0000000000000000E+00  3.5964198845625007E-08  5.0597041076106775E-01  3.1466269367392874E-04  5.2846119730481358E-03  5.5763641488915057E-08
   232   22.040000      0.0000000000000000E+00  3.5811356611294364E-08  5.0850353030699824E-01  3.2024108950656299E-04  4.7587521538085924E-03  5.2240384961927395E-08
   233   22.135000      0.0000000000000000E+00  4.1161674242902834E-08  5.0985972120449952E-01  3.2101802724138532E-04  4.4418378499080117E-03  4.3766842322146363E-08
   234   22.230000      0.0000000000000000E+00  4.8535918884871179E-08  5.1017533061252773E-01  3.1466018731587475E-04  4.3433867033487138E-03  3.4981033329298135E-08
   235   22.325000      0.0000000000000000E+00  5.4595374950038282E-08  5.0962378674740205E-01  3.0079943455554197E-04  4.4675514913762931E-03  3.0042068002877504E-08
   236   22.420000      0.0000000000000000E+00  6.0830313155976425E-08  5.0840508682899888E-01  2.8189213935812135E-04  4.8167809666746775E-03  2.6304715510233829E-08
   237   22.515000      0.0000000000000000E+00  6.7799212904159005E-08  5.0673143479522220E-01  2.6232932633113724E-04  5.3956946975001344E-03  2.1741310541338477E-08
   238   22.610000      0.0000000000000000E+00  7.2008722588423072E-08  5.0481165873532852E-01  2.4667636413816800E-04  6.2100303988982357E-03  1.9182388927270619E-08
   239   22.705000      0.0000000000000000E+00  6.9920337438682623E-08  5.0283113181593231E-01  2.3762145887813030E-04  7.2653659872763459E-03  2.2129591649907998E-08
   240   22.800000      0.0000000000000000E+00  6.2642886074795587E-08  5.0093592323365932E-01  2.3477542228361186E-04  8.5629584523983539E-03  2.9340343688810320E-08
   241   22.895000      0.0000000000000000E+00  5.4604206613961823E-08  4.9923240459406115E-01  2.3622172374413109E-04  1.0091953877812495E-02  3.6430218621373814E-08
   242   22.990000      0.0000000000000000E+00  4.8333014253511367E-08  4.9779698186561272E-01  2.4118523439185850E-04  1.1828150306080438E-02  4.1789599150461831E-08
   243   23.085000      0.0000000000000000E+00  4.3958609770782315E-08  4.9669247940825373E-01  2.5002669831149428E-04  1.3736637661707053E-02  4.6042245358997390E-08
   244   23.180000      0.0000000000000000E+00  4.1709999558574412E-08  4.9598592996990587E-01  2.6360410573417100E-04  1.5774959311302270E-02  4.8133649675938178E-08
   245   23.275000      0.0000000000000000E+00  4.1491016374442822E-08  4.9576297347627052E-01  2.8124792674252911E-04  1.7895373470796307E-02  4.6584801276204913E-08
   246   23.370000      0.0000000000000000E+00  4.1550821210788727E-08  4.9613457238534275E-01  3.0069379088467382E-04  2.0044075767954868E-02  4.2680462255157608E-08
   247   23.465000      0.0000000000000000E+00  4.0091196785948353E-08  4.9722876528945908E-01  3.1917712803586199E-04  2.2157597259586687E-02  3.9486415543522629E-08
   248   23.560000      0.0000000000000000E+00  3.8820856302153561E-08  4.9917147520055744E-01  3.3420475294978049E-04  2.4160916040481380E-02  3.6832683549918973E-08
   249   23.655000      0.0000000000000000E+00  4.1318578448321389E-08  5.0208100445013792E-01  3.4304116303906682E-04  2.5963434909211481E-02  3.2142532920295310E-08
   250   23.750000      0.0000000000000000E+00  4.7633463115436084E-08  5.0608124053389314E-01  3.4290004975360324E-04  2.7456390460973062E-02  2.6067798420775472E-08
   251   23.845000      0.0000000000000000E+00  5.3600606365079503E-08  5.1129781371837468E-01  3.3282817677348194E-04  2.8521924564395978E-02  2.3308694993042322E-08
   252   23.940000      0.0000000000000000E+00  5.7273221385568531E-08  5.1783068380002928E-01  3.1433272231482412E-04  2.9062533950566800E-02  2.5710975339131819E-08
   253   24.035000      0.0000000000000000E+00  6.1826110999075324E-08  5.2573102098900593E-01  2.9025894642936543E-04  2.9027373730263924E-02  2.8639017996020098E-08
   254   24.130000      0.0000000000000000E+00  6.7569323126828766E-08  5.3497599566631659E-01  2.6407123887127920E-04  2.8432728587173169E-02  3.0291760519979187E-08
   255   24.225000      0.0000000000000000E+00  6.9578551024465226E-08  5.4545496275725314E-01  2.3920001191249241E-04  2.7369851608939566E-02  3.4817866287418143E-08
   256   24.320000      0.0000000000000000E+00  6.5574838069150696E-08  5.5698448818419999E-01  2.1864615982252289E-04  2.5982295124125965E-02  4.3777845121383769E-08
   257   24.415000      0.0000000000000000E+00  5.8391362135859055E-08  5.6933320382553310E-01  2.0614452103161684E-04  2.4434621924774164E-02  5.4113097664775886E-08
   258   24.510000      0.0000000000000000E+00  5.2184580138444854E-08  5.8224383994766171E-01  2.0601169341766964E-04  2.2883626116267510E-02  6.2026112509861303E-08
   259   24.605000      0.0000000000000000E+00  4.8672578843663734E-08  5.9544241785037055E-01  2.2192895747550823E-04  2.1459514698801599E-02  6.6871087747205404E-08
   260   24.700000      0.0000000000000000E+00  4.8052495066071304E-08  6.0863625015559275E-01  2.5543008198607679E-04  2.0266655700407765E-02  6.9524643461445177E-08
   261   24.795000      0.0000000000000000E+00  5.1495578876446998E-08  6.2152346252787405E-01  3.0348097799825233E-04  1.9380958059593136E-02  6.8403168779752493E-08
   262   24.890000      0.0000000000000000E+00  5.8325969672059223E-08  6.3381744015481034E-01  3.5808324054931764E-04  1.8849640845339306E-02  6.3276374508424681E-08
   263   24.985000      0.0000000000000000E+00  6.5548099611348280E-08  6.4526730135367638E-01  4.0865589318611655E-04  1.8687809991122694E-02  5.6855737422510531E-08
   264   25.080000      0.0000000000000000E+00  7.1288559238141539E-08  6.5566215302785436E-01  4.4548129037534097E-04  1.8888238117322594E-02  5.1373907042661186E-08
   265   25.175000      0.0000000000000000E+00  7.6756223514983609E-08  6.6483004160720194E-01  4.6374516452327564E-04  1.9429007802090652E-02  4.5698212469536136E-08
   266   25.270000      0.0000000000000000E+00  8.3571757830817475E-08  6.7262598160596143E-01  4.6356161316771281E-04  2.0290538381048419E-02  3.7418955001965032E-08
   267   25.365000      0.0000000000000000E+00  8.9215695049629912E-08  6.7892055145349839E-01  4.4957226348225443E-04  2.1464256998629673E-02  2.8698598795018065E-08
   268   25.460000      0.0000000000000000E+00  8.9956280735867786E-08  6.8361004668109127E-01  4.2827675200576739E-04  2.2950684577611187E-02  2.3820021218217393E-08
   269   25.555000      0.0000000000000000E+00  8.6054187846346004E-08  6.8664582383665529E-01  4.0461857085221341E-04  2.4740476897140089E-02  2.3459865046262173E-08
   270   25.650000      0.0000000000000000E+00  8.0604736530703763E-08  6.8806713884604287E-01  3.8069805158673782E-04  2.6797705384840290E-02  2.5675692399668091E-08
   271   25.745000      0.0000000000000000E+00  7.5590386069792326E-08  6.8802582626542153E-01  3.5598049306081780E-04  2.9043796508656589E-02  2.9394737740350033E-08
   272   25.840000      0.0000000000000000E+00  7.0776202159920472E-08  6.8678099756909683E-01  3.2981228545565859E-04  3.1361810465525622E-02  3.5137588223432006E-08
   273   25.935000      0.0000000000000000E+00  6.6409698771588265E-08  6.8465583876754266E-01  3.0496422109701723E-04  3.3611182309242302E-02  4.1693945965366635E-08
   274   26.030000      0.0000000000000000E+00  6.3610913067929821E-08  6.8197096223090081E-01  2.8707521546690292E-04  3.5657276775479169E-02  4.6385082100511604E-08
   275   26.125000      0.0000000000000000E+00  6.1685179703098902E-08  6.7898039064676508E-01  2.8389889012518551E-04  3.7393621088045143E-02  4.8570450246157947E-08
   276   26.220000      0.0000000000000000E+00  5.6967904395351384E-08  6.7582781488757926E-01  2.9952286089953399E-04  3.8761019746775351E-02  5.1427455052673760E-08
   277   26.315000      0.0000000000000000E+00  4.8614495501212850E-08  6.7253318246867644E-01  3.3186092807048202E-04  3.9750717175657507E-02  5.5821196011282873E-08
   278   26.410000      0.0000000000000000E+00  4.3227589780210319E-08  6.6902383302176727E-01  3.7062368372801777E-04  4.0386204485357208E-02  5.4619594501155783E-08
   279   26.505000      0.0000000000000000E+00  4.4268193256216953E-08  6.6520372288177210E-01  4.0338756718506395E-04  4.0690612243436189E-02  4.5330250575585248E-08
   280   26.600000      0.0000000000000000E+00  4.6446975499644758E-08  6.6101902202953422E-01  4.2134074123547955E-04  4.0660526220146070E-02  3.6411365703593412E-08
   281   26.695000      0.0000000000000000E+00  4.6855770702648478E-08  6.5649787161044848E-01  4.2549090661927715E-04  4.0261248841162223E-02  3.2366929181776356E-08
   282   26.790000      0.0000000000000000E+00  4.7532253789623300E-08  6.5177282789399404E-01  4.2564004917463813E-04  3.9429158025477931E-02  3.0649610933270696E-08
   283   26.885000      0.0000000000000000E+00  5.0091972317037312E-08  6.4707427913251847E-01  4.3256491724316432E-04  3.8095541818194550E-02  2.8016869269138724E-08
   284   26.980000      0.0000000000000000E+00  5.2814313001058165E-08  6.4268838469470524E-01  4.4999693902136000E-04  3.6219580321855571E-02  2.5043914654195512E-08
   285   27.075000      0.0000000000000000E+00  5.3051642058010708E-08  6.3889475975115850E-01  4.7595546275740799E-04  3.3818917009585274E-02  2.4847097531871408E-08
   286   27.170000      0.0000000000000000E+00  5.1760787522265432E-08  6.3591617917340670E-01  5.0708554096847997E-04  3.0992784052537015E-02  2.7404680237709768E-08
   287   27.265000      0.0000000000000000E+00  5.0876296017712213E-08  6.3392161372114297E-01  5.3830696942406620E-04  2.7924255557505065E-02  3.1705313574826756E-08
   288   27.360000      0.0000000000000000E+00  4.9710637345101817E-08  6.3307270300563534E-01  5.6158372444817619E-04  2.4865432420035218E-02  3.8732510134500417E-08
   289   27.455000      0.0000000000000000E+00  4.6964422082745330E-08  6.3355297690939738E-01  5.6501418205551289E-04  2.2115379321619593E-02  4.9311040984831652E-08
   290   27.550000      0.0000000000000000E+00  4.4951065184817627E-08  6.3557582461653939E-01  5.4390931630488341E-04  1.9971928445388892E-02  6.0137449582516051E-08
   291   27.645000      0.0000000000000000E+00  4.8251806624630953E-08  6.3938662297347626E-01  5.0874228308757147E-04  1.8656003901430369E-02  6.6068435976646071E-08
   292   27.740000      0.0000000000000000E+00  5.8265288012376645E-08  6.4522354568833351E-01  4.8852595788271397E-04  1.8248110994044702E-02  6.6168401836563381E-08
   293   27.835000      0.0000000000000000E+00  7.2565389530268218E-08  6.5319594134944126E-01  5.1457303129136430E-04  1.8691842057756331E-02  6.3244708702882003E-08
   294   27.930000      0.0000000000000000E+00  8.8596184141572240E-08  6.6310817236312913E-01  5.9904233239081782E-04  1.9870551406196930E-02  5.9140743293499782E-08
   295   28.025000      0.0000000000000000E+00  1.0542106248617163E-07  6.7435265996649929E-01  7.2092936116565677E-04  2.1742629881371347E-02  5.3102780299202707E-08
   296   28.120000      0.0000000000000000E+00  1.2174879032691567E-07  6.8602615229743324E-01  8.3664648684727595E-04  2.4416490295837246E-02  4.4575002779512504E-08
   297   28.215000      0.0000000000000000E+00  1.3430566894388733E-07  6.9726023702388551E-01  9.0755060811165621E-04  2.8105768173972145E-02  3.6118452763872872E-08
   298   28.310000      0.0000000000000000E+00  1.4136900152295918E-07  7.0753894265558426E-01  9.2481102615080298E-04  3.2988585549289545E-02  2.9681747456619996E-08
   299   28.405000      0.0000000000000000E+00  1.4361647322704223E-07  7.1677424831383307E-01  9.0470199866660725E-04  3.9108557788789383E-02  2.5379492682178812E-08
   300   28.500000      0.0000000000000000E+00  1.4130720068228074E-07  7.2515721988242743E-01  8.6984709155381052E-04  4.6339083134699838E-02  2.4120648114135944E-08
   301   28.595000      0.0000000000000000E+00  1.3426175897193832E-07  7.3295624725270614E-01  8.3317365147513175E-04  5.4378271760489330E-02  2.7017533610985899E-08
   302   28.690000      0.0000000000000000E+00  1.2358596310948195E-07  7.4038116420427313E-01  7.9976615834485842E-04  6.2754265421613734E-02  3.3467170945753379E-08
   303   28.785000      0.0000000000000000E+00  1.1247637099548099E-07  7.4753505310830903E-01  7.6900379599349918E-04  7.0885434211918133E-02  3.9453816395693226E-08
   304   28.880000      0.0000000000000000E+00  1.0164897329144504E-07  7.5443670043376754E-01  7.4140289277336332E-04  7.8163800557478277E-02  4.3324278205819557E-08
   305   28.975000      0.0000000000000000E+00  8.8086148947291320E-08  7.6103633693326589E-01  7.1677922886706849E-04  8.4068381195182729E-02  4.8809820022039904E-08
   306   29.070000      0.0000000000000000E+00  7.2279176396139718E-08  7.6720394761047483E-01  6.9524747326419971E-04  8.8247187226544829E-02  5.6455141229258236E-08
   307   29.165000      0.0000000000000000E+00  5.9302748686126966E-08  7.7271738759785991E-01  6.7675667759505096E-04  9.0549468453560517E-02  6.1447689792762493E-08
   308   29.260000      0.0000000000000000E+00  5.2313520741463215E-08  7.7728750493376486E-01  6.6232487960664094E-04  9.1012769612438121E-02  6.0160861146231719E-08
   309   29.355000      0.0000000000000000E+00  4.8626124953649647E-08  7.8064403808180516E-01  6.5201976733500196E-04  8.9797612564543064E-02  5.5286556656200509E-08
   310   29.450000      0.0000000000000000E+00  4.4110007120972519E-08  7.8262409541898192E-01  6.4601354681641644E-04  8.7118261917197071E-02  5.1991860495539065E-08
   311   29.545000      0.0000000000000000E+00  3.9349431811515836E-08  7.8317305560463291E-01  6.4750578565213606E-04  8.3213911986336209E-02  5.0633086797603991E-08
   312   29.640000      0.0000000000000000E+00  3.7140496296445934E-08  7.8226813434964626E-01  6.6295450536385081E-04  7.8364301752533380E-02  4.8693057164966065E-08
   313   29.735000      0.0000000000000000E+00  3.7496947577334131E-08  7.7987808273424764E-01  6.9808731888969613E-04  7.2890229308477439E-02  4.6191672013173396E-08
   314   29.830000      0.0000000000000000E+00  3.9438879311796426E-08  7.7598070233150951E-01  7.5500271607179578E-04  6.7131087552625160E-02  4.3984181059716796E-08
   315   29.925000      0.0000000000000000E+00  4.4303021696581499E-08  7.7058896968299895E-01  8.3062763366862627E-04  6.1406408182068328E-02  4.0352525931042153E-08
   316   30.020000      0.0000000000000000E+00  5.3675457723557830E-08  7.6377686760131402E-01  9.1782592748364332E-04  5.5968989433858564E-02  3.3055632727019380E-08
   317   30.115000      0.0000000000000000E+00  6.4724179646926699E-08  7.5568356776965018E-01  1.0091413712254276E-03  5.0972897828022695E-02  2.4821243202294185E-08
   318   30.210000      0.0000000000000000E+00  7.2241721272830503E-08  7.4645465224867724E-01  1.0980676916718401E-03  4.6495484544949527E-02  2.0993717940908740E-08
   319   30.305000      0.0000000000000000E+00  7.4586339529430693E-08  7.3614319547753404E-01  1.1814625215930241E-03  4.2600728463070496E-02  2.2461821787823103E-08
   320   30.400000      0.0000000000000000E+00  7.4221627299202555E-08  7.2466509624256581E-01  1.2581424699344779E-03  3.9377515616323640E-02  2.5193450876544929E-08
   321   30.495000      0.0000000000000000E+00  7.2262850920211672E-08  7.1186881074455044E-01  1.3293115056695832E-03  3.6909101657900990E-02  2.7176513906231004E-08
   322   30.590000      0.0000000000000000E+00  6.5927534640247002E-08  6.9767961366900832E-01  1.3953183218418980E-03  3.5204548155360546E-02  3.2142543170273324E-08
   323   30.685000      0.0000000000000000E+00  5.5188826425285055E-08  6.8223518695866803E-01  1.4515031013543583E-03  3.4140224863691837E-02  4.1047629483927845E-08
   324   30.780000      0.0000000000000000E+00  4.4859827266841597E-08  6.6594538643027379E-01  1.4873160850953559E-03  3.3459082337022349E-02  4.8807887278273838E-08
   325   30.875000      0.0000000000000000E+00  3.7638804907159059E-08  6.4944766416462341E-01  1.4917084822405292E-03  3.2830666848500355E-02  5.2552064158293921E-08
   326   30.970000      0.0000000000000000E+00  3.2676608281961912E-08  6.3347381655490842E-01  1.4605963181017212E-03  3.1958399278322072E-02  5.3468436373150286E-08
   327   31.065000      0.0000000000000000E+00  2.9009561431676080E-08  6.1870959839501283E-01  1.4018165543009966E-03  3.0679218669456915E-02  5.3279604283446782E-08
   328   31.160000      0.0000000000000000E+00  2.7240485875976785E-08  6.0572906307431351E-01  1.3331068124748087E-03  2.9004064196038903E-02  5.2086531320000148E-08
   329   31.255000      0.0000000000000000E+00  2.7888416827726027E-08  5.9498375228565759E-01  1.2751114689720322E-03  2.7098802785276745E-02  4.9525174024588530E-08
   330   31.350000      0.0000000000000000E+00  2.9312452655159461E-08  5.8678227681545980E-01  1.2435277848109197E-03  2.5262152422431707E-02  4.7538704087037153E-08
   331   31.445000      0.0000000000000000E+00  3.1796786469700973E-08  5.8126134908042049E-01  1.2451321911473403E-03  2.3907181994266915E-02  4.5887472038259695E-08
   332   31.540000      0.0000000000000000E+00  3.8715987403256921E-08  5.7839750452987182E-01  1.2735033938617562E-03  2.3505757028150959E-02  4.1139033739913782E-08
   333   31.635000      0.0000000000000000E+00  5.1120953405148769E-08  5.7805489098642238E-01  1.3130939762243941E-03  2.4489122363974384E-02  3.2439022538140702E-08
   334   31.730000      0.0000000000000000E+00  6.4501461154264996E-08  5.8000137743920299E-01  1.3429813057947151E-03  2.7168495994070958E-02  2.4371635923923952E-08
   335   31.825000      0.0000000000000000E+00  7.2552852383635218E-08  5.8389171062651746E-01  1.3459800551343449E-03  3.1691060201415461E-02  2.3141967706012717E-08
   336   31.920000      0.0000000000000000E+00  7.4277092326336754E-08  5.8928162281358132E-01  1.3161660869357777E-03  3.8008322924186454E-02  2.9072908959126861E-08
   337   32.015000      0.0000000000000000E+00  7.3103266706065305E-08  5.9566775482803536E-01  1.2631006100827511E-03  4.5877440109548466E-02  3.7846412471310770E-08
   338   32.110000      0.0000000000000000E+00  7.1007338943207732E-08  6.0250562176420441E-01  1.2088672023667455E-03  5.4920752502750726E-02  4.6963659052560959E-08
   339   32.205000      0.0000000000000000E+00  6.7875191469177990E-08  6.0923396750243919E-01  1.1785862086091349E-03  6.4697490838836760E-02  5.6066731307835522E-08
   340   32.300000      0.0000000000000000E+00  6.4058740012050408E-08  6.1536205947394951E-01  1.1894366070411317E-03  7.4725806589487714E-02  6.4308293841978860E-08
   341   32.395000      0.0000000000000000E+00  6.1013021470637262E-08  6.2060391475209797E-01  1.2432443362788666E-03  8.4449232052385886E-02  6.9816377924628430E-08
   342   32.490000      0.0000000000000000E+00  5.8835539207801673E-08  6.2500410256061945E-01  1.3287603953200970E-03  9.3176419097025287E-02  7.2653105072993613E-08
   343   32.585000      0.0000000000000000E+00  5.6757203644597458E-08  6.2898524300351399E-01  1.4261699609898915E-03  1.0006759481090771E-01  7.4094156972213629E-08
   344   32.680000      0.0000000000000000E+00  5.6527258251178472E-08  6.3326891563761711E-01  1.5156000624415638E-03  1.0422681253518173E-01  7.2836131886743801E-08
   345   32.775000      0.0000000000000000E+00  6.2000214918662164E-08  6.3867385148480460E-01  1.5826319672065268E-03  1.0489201991136071E-01  6.5193278197822913E-08
   346   32.870000      0.0000000000000000E+00  7.2308971170582724E-08  6.4586846287756006E-01  1.6260508860188221E-03  1.0165731352919044E-01  5.2280144612760074E-08
   347   32.965000      0.0000000000000000E+00  7.9080742095049891E-08  6.5518174640830229E-01  1.6570848250301300E-03  9.4649309413278856E-02  4.3888767285121552E-08
   348   33.060000      0.0000000000000000E+00  7.9077919220247041E-08  6.6654694474589071E-01  1.6932345882439189E-03  8.4554885521105974E-02  4.4119188315272790E-08
   349   33.155000      0.0000000000000000E+00  7.9734463553961854E-08  6.7956049187354139E-01  1.7489477560292577E-03  7.2469809377164407E-02  4.4641539784872891E-08
   350   33.250000      0.0000000000000000E+00  8.5091612327449835E-08  6.9355858013387151E-01  1.8281054280127368E-03  5.9666405944135095E-02  4.1095013066609645E-08
   351   33.345000      0.0000000000000000E+00  9.1079638587433458E-08  7.0767958195080816E-01  1.9221987184589414E-03  4.7387544422383784E-02  3.7467566554167179E-08
   352   33.440000      0.0000000000000000E+00  9.2899314750045469E-08  7.2099935478275223E-01  2.0162014843968859E-03  3.6665868267108236E-02  3.8033272402244883E-08
   353   33.535000      0.0000000000000000E+00  9.0122245601203743E-08  7.3273347798493382E-01  2.0952097483998506E-03  2.8175344570393508E-02  4.2831238471943264E-08
   354   33.630000      0.0000000000000000E+00  8.5664063761914456E-08  7.4233053413608108E-01  2.1493827123474332E-03  2.2198261417989168E-02  4.8331268423194195E-08
   355   33.725000      0.0000000000000000E+00  7.9776073647023176E-08  7.4937046283622255E-01  2.1745215922866312E-03  1.8716367481593357E-02  5.4218840037522242E-08
   356   33.820000      0.0000000000000000E+00  7.1283013532040292E-08  7.5339292860862317E-01  2.1678225248948392E-03  1.7537791549576107E-02  6.1366223110820705E-08
   357   33.915000      0.0000000000000000E+00  6.1548754090956157E-08  7.5383449274201686E-01  2.1270783834675005E-03  1.8363884551612749E-02  6.7799575169492423E-08
   358   34.010000      0.0000000000000000E+00  5.2861166768314330E-08  7.5011961865422949E-01  2.0540933929622043E-03  2.0798346658516521E-02  7.1277174425863780E-08
   359   34.105000      0.0000000000000000E+00  4.5076675085618388E-08  7.4182034246335327E-01  1.9609474958465086E-03  2.4344066087003104E-02  7.3374417353690475E-08
   360   34.200000      0.0000000000000000E+00  3.7946989530434520E-08  7.2876642922615398E-01  1.8707787885616275E-03  2.8451017319840136E-02  7.6284883499770479E-08
   361   34.295000      0.0000000000000000E+00  3.4812114992189835E-08  7.1106996442386294E-01  1.8096682091864947E-03  3.2615550517169502E-02  7.7436073298940485E-08
   362   34.390000      0.0000000000000000E+00  3.9097549882796593E-08  6.8914374733618744E-01  1.7927131838595103E-03  3.6439943909245945E-02  7.2563996828720412E-08
   363   34.485000      0.0000000000000000E+00  4.8625167395356563E-08  6.6376300923503528E-01  1.8140567915797595E-03  3.9604969491383570E-02  6.2490058480617689E-08
   364   34.580000      0.0000000000000000E+00  5.7347051323382863E-08  6.3609204202567293E-01  1.8477127455464740E-03  4.1801506689329873E-02  5.2421740243932447E-08
   365   34.675000      0.0000000000000000E+00  6.2012197056010583E-08  6.0755446940770097E-01  1.8617170974534328E-03  4.2729627863830236E-02  4.5949041957194320E-08
   366   34.770000      0.0000000000000000E+00  6.5079267593642828E-08  5.7955936230678085E-01  1.8343570914315555E-03  4.2199757677153699E-02  4.1673588715974895E-08
   367   34.865000      0.0000000000000000E+00  6.9686166419748381E-08  5.5323609766822401E-01  1.7631650849538206E-03  4.0273646322055504E-02  3.7928105014466162E-08
   368   34.960000      0.0000000000000000E+00  7.6113976636431938E-08  5.2928263932982200E-01  1.6629669441751123E-03  3.7374316945592623E-02  3.5350962028680130E-08
   369   35.055000      0.0000000000000000E+00  8.3515340462816969E-08  5.0793387339376117E-01  1.5592274819267830E-03  3.4311469341666061E-02  3.4174015522114543E-08
   370   35.150000      0.0000000000000000E+00  9.0917692945970262E-08  4.8908074229400383E-01  1.4862222795953201E-03  3.2137553530702918E-02  3.3871924849527045E-08
   371   35.245000      0.0000000000000000E+00  9.6225409073825001E-08  4.7256210849982028E-01  1.4777374454953986E-03  3.1807421800527792E-02  3.5055830976587383E-08
   372   35.340000      0.0000000000000000E+00  9.5735787203940122E-08  4.5852248009429108E-01  1.5470927246662399E-03  3.3771395419403896E-02  4.1106753185410552E-08
   373   35.435000      0.0000000000000000E+00  8.9720500829723511E-08  4.4760078247674517E-01  1.6724467500814099E-03  3.7735535022067404E-02  5.1838754728782270E-08
   374   35.530000      0.0000000000000000E+00  8.4763031869516599E-08  4.4073980620662878E-01  1.8091051144931381E-03  4.2776249324693164E-02  5.9871801292859710E-08
   375   35.625000      0.0000000000000000E+00  8.4102160043446403E-08  4.3869317545856412E-01  1.9199215966458967E-03  4.7768936503300052E-02  6.1362683399625281E-08
   376   35.720000      0.0000000000000000E+00  8.3148847515755304E-08  4.4159208103112335E-01  1.9932975915492833E-03  5.1856105238547869E-02  6.0735681629137271E-08
   377   35.815000      0.0000000000000000E+00  7.7385647282554527E-08  4.4886365704544384E-01  2.0389524580230567E-03  5.4684620188065351E-02  6.2509379111967438E-08
   378   35.910000      0.0000000000000000E+00  6.9543153435670763E-08  4.5948315606021872E-01  2.0738376246722443E-03  5.6341672917139457E-02  6.4340399561861317E-08
   379   36.005000      0.0000000000000000E+00  6.5392079712210981E-08  4.7234654041080670E-01  2.1130561996795241E-03  5.7100687563786938E-02  6.1271645398597416E-08
   380   36.100000      0.0000000000000000E+00  6.4670181314542142E-08  4.8655686231423428E-01  2.1621426984263616E-03  5.7173910037644694E-02  5.4828781021518363E-08
   381   36.195000      0.0000000000000000E+00  6.2832679649407473E-08  5.0153323204657196E-01  2.2185386714865360E-03  5.6629944480441743E-02  5.0504094991099438E-08
   382   36.290000      0.0000000000000000E+00  5.8867661413659580E-08  5.1695022200309071E-01  2.2740929915019930E-03  5.5492565951209875E-02  4.9505522260079554E-08
   383   36.385000      0.0000000000000000E+00  5.5079278757483078E-08  5.3258925776029276E-01  2.3282358986150271E-03  5.3888968855318402E-02  4.9482571392290789E-08
   384   36.480000      0.0000000000000000E+00  5.2224295672903285E-08  5.4821207283900120E-01  2.3897092746750334E-03  5.2127005844491439E-02  4.9938706969746647E-08
   385   36.575000      0.0000000000000000E+00  5.0038937888619484E-08  5.6351655895835673E-01  2.4754224121626908E-03  5.0665593732000282E-02  5.1799503259673975E-08
   386   36.670000      0.0000000000000000E+00  5.1023562605488711E-08  5.7814635273516313E-01  2.5947462166701690E-03  5.0050595608621608E-02  5.2937029365906704E-08
   387   36.765000      0.0000000000000000E+00  5.8302805152011487E-08  5.9173850680642814E-01  2.7349927941946826E-03  5.0819154409773165E-02  4.9792006771024031E-08
   388   36.860000      0.0000000000000000E+00  6.9740977149816542E-08  6.0403248053124747E-01  2.8625349955435798E-03  5.3311657853361449E-02  4.3912460113475976E-08
   389   36.955000      0.0000000000000000E+00  7.9505539053540760E-08  6.1499000243931334E-01  2.9381576925896170E-03  5.7436504107108259E-02  4.0886218329104285E-08
   390   37.050000      0.0000000000000000E+00  8.5761670730880793E-08  6.2479136465607632E-01  2.9387658405135245E-03  6.2571052708174271E-02  4.2149601536283067E-08
   391   37.145000      0.0000000000000000E+00  9.2008984746753281E-08  6.3365193565336309E-01  2.8697492170823313E-03  6.7732628457103511E-02  4.2822878891582149E-08
   392   37.240000      0.0000000000000000E+00  9.8915512161076749E-08  6.4160248250406748E-01  2.7664055463928272E-03  7.1917209248879829E-02  4.1269287143447808E-08
   393   37.335000      0.0000000000000000E+00  1.0242048186509190E-07  6.4844495050278261E-01  2.6866984401807052E-03  7.4352950834790418E-02  4.1846405246534898E-08
   394   37.430000      0.0000000000000000E+00  1.0062689299446602E-07  6.5392399846989313E-01  2.6911006350026495E-03  7.4552335577178386E-02  4.6401392082686257E-08
   395   37.525000      0.0000000000000000E+00  9.5458353294813831E-08  6.5796342305901589E-01  2.8135505578726211E-03  7.2242309555780371E-02  5.2652932697211837E-08
   396   37.620000      0.0000000000000000E+00  9.0242514357542235E-08  6.6073819096505992E-01  3.0413665362267923E-03  6.7336230504619357E-02  5.7251082874558925E-08
   397   37.715000      0.0000000000000000E+00  8.6484835422998387E-08  6.6244375319419879E-01  3.3232574153362789E-03  6.0087840428302730E-02  5.8971790141635694E-08
   398   37.810000      0.0000000000000000E+00  8.2462988812833964E-08  6.6296299992320218E-01  3.6072743483445413E-03  5.1308226700075024E-02  5.9614342883583547E-08
   399   37.905000      0.0000000000000000E+00  7.6890328368397189E-08  6.6180880173938572E-01  3.8733662173073714E-03  4.2336295750205137E-02  5.9510258097021408E-08
   400   38.000000      0.0000000000000000E+00  6.9367886331831086E-08  6.5840538028385798E-01  4.1391318098371157E-03  3.4706850338748207E-02  5.8669998135876050E-08
   401   38.095000      0.0000000000000000E+00  5.9492193782540341E-08  6.5240887644135137E-01  4.4284002657032891E-03  2.9765414566937317E-02  5.8904056765207097E-08
   402   38.190000      0.0000000000000000E+00  4.9250147707017288E-08  6.4383470993478120E-01  4.7353752955300744E-03  2.8427271352395714E-02  6.0098772847956366E-08
   403   38.285000      0.0000000000000000E+00  4.2900020049824913E-08  6.3302723946835671E-01  5.0192652336655688E-03  3.1043516399178905E-02  5.9249069491211091E-08
   404   38.380000      0.0000000000000000E+00  4.3562434777514679E-08  6.2057253054913319E-01  5.2312977892073047E-03  3.7319103924203532E-02  5.3577119534974898E-08
   405   38.475000      0.0000000000000000E+00  4.9245000138698054E-08  6.0717971076766597E-01  5.3401717048156697E-03  4.6321721519057571E-02  4.5952533477526856E-08
   406   38.570000      0.0000000000000000E+00  5.5336064938241767E-08  5.9352495833779495E-01  5.3400728372869667E-03  5.6642173088950247E-02  4.2347423147534453E-08
   407   38.665000      0.0000000000000000E+00  5.9997700692918918E-08  5.8004805761039613E-01  5.2386825253153881E-03  6.6738374906716025E-02  4.4546416948577382E-08
   408   38.760000      0.0000000000000000E+00  6.3837286651718012E-08  5.6678049112738316E-01  5.0433234679390856E-03  7.5357202224414097E-02  5.0185439763148985E-08
   409   38.855000      0.0000000000000000E+00  6.6997452655757621E-08  5.5340907907777825E-01  4.7572334623497657E-03  8.1774690261434746E-02  5.6854020757115570E-08
   410   38.950000      0.0000000000000000E+00  6.9097064884210872E-08  5.3962826952794063E-01  4.3907241923217656E-03  8.5719164434948050E-02  6.3629159235747296E-08
   411   39.045000      0.0000000000000000E+00  7.2090261795013054E-08  5.2551513821347695E-01  3.9769925124238641E-03  8.7179599215578385E-02  6.8147113122565993E-08
   412   39.140000      0.0000000000000000E+00  7.9063721381374447E-08  5.1166695793516670E-01  3.5812895873942930E-03  8.6296807236734607E-02  6.7338456646229431E-08
   413   39.235000      0.0000000000000000E+00  8.9530481430563436E-08  4.9909431614146088E-01  3.2900613135810317E-03  8.3319246133104041E-02  6.2000297703430705E-08
   414   39.330000      0.0000000000000000E+00  9.9599220661572431E-08  4.8895198442539806E-01  3.1798837948444391E-03  7.8596015283253481E-02  5.6655302693147797E-08
   415   39.425000      0.0000000000000000E+00  1.0813214566015902E-07  4.8220280928570641E-01  3.2851740744400393E-03  7.2624941817510655E-02  5.2740646197415734E-08
   416   39.520000      0.0000000000000000E+00  1.1935803249731916E-07  4.7939752940422165E-01  3.5819712202141613E-03  6.6043409235728087E-02  4.4899085462530786E-08
   417   39.615000      0.0000000000000000E+00  1.3275824821236953E-07  4.8063686736488304E-01  3.9943100853821112E-03  5.9524253301267455E-02  3.2967087297730233E-08
   418   39.710000      0.0000000000000000E+00  1.3914867586887606E-07  4.8555962239351907E-01  4.4198499512112200E-03  5.3727601259750180E-02  2.7262656645731719E-08
   419   39.805000      0.0000000000000000E+00  1.3402032861980217E-07  4.9330867607420326E-01  4.7616782852623512E-03  4.9348458474062919E-02  3.2412695783713276E-08
   420   39.900000      0.0000000000000000E+00  1.2165801814714310E-07  5.0264065854659379E-01  4.9536869842768359E-03  4.7106392335220910E-02  4.3110533457885049E-08
   421   39.995000      0.0000000000000000E+00  1.0757802473593504E-07  5.1223632569114974E-01  4.9783684082995517E-03  4.7607735857446695E-02  5.3157714065534900E-08
   422   40.090000      0.0000000000000000E+00  9.4207393720865392E-08  5.2109386079921072E-01  4.8681635348184343E-03  5.1099705601683115E-02  5.9914787420616391E-08
