! Kinetic energy for species "positrons-up"
  Iter        Time          Total Par.             Kin. Energy
     0   0.0000000              25600  1.0643755692695631E+00
     1  0.95000000E-01          25600  1.0643759215330393E+00
     2  0.19000000              25600  1.0643769750072498E+00
     3  0.28500000              25600  1.0643787194608243E+00
     4  0.38000000              25600  1.0643811369971068E+00
     5  0.47500000              25600  1.0643842014209843E+00
     6  0.57000000              25600  1.0643878785153160E+00
     7  0.66500000              25600  1.0643921269605858E+00
     8  0.76000000              25600  1.0643968987479808E+00
     9  0.85500000              25600  1.0644021390376692E+00
    10  0.95000000              25600  1.0644077867935626E+00
    11   1.0450000              25600  1.0644137767148110E+00
    12   1.1400000              25600  1.0644200411395672E+00
    13   1.2350000              25600  1.0644265104368917E+00
    14   1.3300000              25600  1.0644331119756520E+00
    15   1.4250000              25600  1.0644397692354803E+00
    16   1.5200000              25600  1.0644464029740863E+00
    17   1.6150000              25600  1.0644529347287424E+00
    18   1.7100000              25600  1.0644592899076737E+00
    19   1.8050000              25600  1.0644653976288110E+00
    20   1.9000000              25600  1.0644711888558185E+00
    21   1.9950000              25600  1.0644765967876886E+00
    22   2.0900000              25600  1.0644815596163559E+00
    23   2.1850000              25600  1.0644860218552044E+00
    24   2.2800000              25600  1.0644899326528026E+00
    25   2.3750000              25600  1.0644932444329891E+00
    26   2.4700000              25600  1.0644959154017550E+00
    27   2.5650000              25600  1.0644979138675494E+00
    28   2.6600000              25600  1.0644992188884668E+00
    29   2.7550000              25600  1.0644998162521888E+00
    30   2.8500000              25600  1.0644996947527812E+00
    31   2.9450000              25600  1.0644988467556209E+00
    32   3.0400000              25600  1.0644972723040855E+00
    33   3.1350000              25600  1.0644949842839533E+00
    34   3.2300000              25600  1.0644920117308656E+00
    35   3.3250000              25600  1.0644883971298695E+00
    36   3.4200000              25600  1.0644841876076068E+00
    37   3.5150000              25600  1.0644794286272985E+00
    38   3.6100000              25600  1.0644741672066231E+00
    39   3.7050000              25600  1.0644684580759332E+00
    40   3.8000000              25600  1.0644623622877869E+00
    41   3.8950000              25600  1.0644559402922840E+00
    42   3.9900000              25600  1.0644492493473718E+00
    43   4.0850000              25600  1.0644423487281598E+00
    44   4.1800000              25600  1.0644353071171826E+00
    45   4.2750000              25600  1.0644282027352447E+00
    46   4.3700000              25600  1.0644211129620593E+00
    47   4.4650000              25600  1.0644141047578604E+00
    48   4.5600000              25600  1.0644072377684288E+00
    49   4.6550000              25600  1.0644005720678145E+00
    50   4.7500000              25600  1.0643941669435193E+00
    51   4.8450000              25600  1.0643880775269601E+00
    52   4.9400000              25600  1.0643823604859770E+00
    53   5.0350000              25600  1.0643770766872382E+00
    54   5.1300000              25600  1.0643722757172609E+00
    55   5.2250000              25600  1.0643679775208510E+00
    56   5.3200000              25600  1.0643641774012753E+00
    57   5.4150000              25600  1.0643608696523763E+00
    58   5.5100000              25600  1.0643580596215698E+00
    59   5.6050000              25600  1.0643557495189340E+00
    60   5.7000000              25600  1.0643539143960004E+00
    61   5.7950000              25600  1.0643524941936779E+00
    62   5.8900000              25600  1.0643514101629163E+00
    63   5.9850000              25600  1.0643505890671954E+00
    64   6.0800000              25600  1.0643499724665357E+00
    65   6.1750000              25600  1.0643495074353497E+00
    66   6.2700000              25600  1.0643491336278976E+00
    67   6.3650000              25600  1.0643487765672934E+00
    68   6.4600000              25600  1.0643483412660211E+00
    69   6.5550000              25600  1.0643476997396646E+00
    70   6.6500000              25600  1.0643466809977644E+00
    71   6.7450000              25600  1.0643450794100073E+00
    72   6.8400000              25600  1.0643426828439992E+00
    73   6.9350000              25600  1.0643393001294834E+00
    74   7.0300000              25600  1.0643347640212335E+00
    75   7.1250000              25600  1.0643289067393003E+00
    76   7.2200000              25600  1.0643215276589753E+00
    77   7.3150000              25600  1.0643123727036303E+00
    78   7.4100000              25600  1.0643011322813383E+00
    79   7.5050000              25600  1.0642874621739484E+00
    80   7.6000000              25600  1.0642710235771036E+00
    81   7.6950000              25600  1.0642515080033090E+00
    82   7.7900000              25600  1.0642286091209274E+00
    83   7.8850000              25600  1.0642019616170162E+00
    84   7.9800000              25600  1.0641711132780705E+00
    85   8.0750000              25600  1.0641355544300284E+00
    86   8.1700000              25600  1.0640947547739064E+00
    87   8.2650000              25600  1.0640481554125607E+00
    88   8.3600000              25600  1.0639951276788997E+00
    89   8.4550000              25600  1.0639349497510220E+00
    90   8.5500000              25600  1.0638668267832407E+00
    91   8.6450000              25600  1.0637899311902665E+00
    92   8.7400000              25600  1.0637034166747923E+00
    93   8.8350000              25600  1.0636063803177851E+00
    94   8.9300000              25600  1.0634977934115548E+00
    95   9.0250000              25600  1.0633764456403538E+00
    96   9.1200000              25600  1.0632409256455313E+00
    97   9.2150000              25600  1.0630896295261616E+00
    98   9.3100000              25600  1.0629207788395267E+00
    99   9.4050000              25600  1.0627324319405449E+00
   100   9.5000000              25600  1.0625224802066979E+00
   101   9.5950000              25600  1.0622886353118295E+00
   102   9.6900000              25600  1.0620284159689199E+00
   103   9.7850000              25600  1.0617391316812321E+00
   104   9.8800000              25600  1.0614178664220018E+00
   105   9.9750000              25600  1.0610614786813675E+00
   106   10.070000              25600  1.0606666177100181E+00
   107   10.165000              25600  1.0602297232286915E+00
   108   10.260000              25600  1.0597469840542715E+00
   109   10.355000              25600  1.0592142854849598E+00
   110   10.450000              25600  1.0586272134109209E+00
   111   10.545000              25600  1.0579811394054359E+00
   112   10.640000              25600  1.0572713214032592E+00
   113   10.735000              25600  1.0564929381158954E+00
   114   10.830000              25600  1.0556410613927303E+00
   115   10.925000              25600  1.0547106614984476E+00
   116   11.020000              25600  1.0536967190377915E+00
   117   11.115000              25600  1.0525944346497087E+00
   118   11.210000              25600  1.0513994706487935E+00
   119   11.305000              25600  1.0501081774511107E+00
   120   11.400000              25600  1.0487178402547692E+00
   121   11.495000              25600  1.0472269452833902E+00
   122   11.590000              25600  1.0456353282247561E+00
   123   11.685000              25600  1.0439441705978370E+00
   124   11.780000              25600  1.0421560245551305E+00
   125   11.875000              25600  1.0402749257773178E+00
   126   11.970000              25600  1.0383062927953184E+00
   127   12.065000              25600  1.0362564801509557E+00
   128   12.160000              25600  1.0341323047162727E+00
   129   12.255000              25600  1.0319407108698466E+00
   130   12.350000              25600  1.0296885367750745E+00
   131   12.445000              25600  1.0273821150906559E+00
   132   12.540000              25600  1.0250266584098493E+00
   133   12.635000              25600  1.0226259773931221E+00
   134   12.730000              25600  1.0201828323030830E+00
   135   12.825000              25600  1.0176997322691670E+00
   136   12.920000              25600  1.0151795686359320E+00
   137   13.015000              25600  1.0126258496423088E+00
   138   13.110000              25600  1.0100430998157637E+00
   139   13.205000              25600  1.0074376791638395E+00
   140   13.300000              25600  1.0048187776781039E+00
   141   13.395000              25600  1.0021990645232270E+00
   142   13.490000              25600  9.9959422622010585E-01
   143   13.585000              25600  9.9702167300312472E-01
   144   13.680000              25600  9.9449968665091482E-01
   145   13.775000              25600  9.9204737018512845E-01
   146   13.870000              25600  9.8968447224564637E-01
   147   13.965000              25600  9.8742994822815255E-01
   148   14.060000              25600  9.8529998325285439E-01
   149   14.155000              25600  9.8330719047285475E-01
   150   14.250000              25600  9.8146151377628077E-01
   151   14.345000              25600  9.7977292892641255E-01
   152   14.440000              25600  9.7825587851831086E-01
   153   14.535000              25600  9.7693416731442906E-01
   154   14.630000              25600  9.7584407525918937E-01
   155   14.725000              25600  9.7503540564727598E-01
   156   14.820000              25600  9.7456997585372496E-01
   157   14.915000              25600  9.7451124401823985E-01
   158   15.010000              25600  9.7490469346708697E-01
   159   15.105000              25600  9.7576392092643216E-01
   160   15.200000              25600  9.7706633983669833E-01
   161   15.295000              25600  9.7875083549766151E-01
   162   15.390000              25600  9.8072223871104092E-01
   163   15.485000              25600  9.8286552852879494E-01
   164   15.580000              25600  9.8506356188099209E-01
   165   15.675000              25600  9.8721393427314663E-01
   166   15.770000              25600  9.8923893058707646E-01
   167   15.865000              25600  9.9108386631784606E-01
   168   15.960000              25600  9.9271149845966222E-01
   169   16.055000              25600  9.9409935874119282E-01
   170   16.150000              25600  9.9523525150904890E-01
   171   16.245000              25600  9.9611031050709509E-01
   172   16.340000              25600  9.9671627136352936E-01
   173   16.435000              25600  9.9704732600131640E-01
   174   16.530000              25600  9.9710047306144745E-01
   175   16.625000              25600  9.9687057261482559E-01
   176   16.720000              25600  9.9634351613991889E-01
   177   16.815000              25600  9.9549566681825374E-01
   178   16.910000              25600  9.9430067964312963E-01
   179   17.005000              25600  9.9273524174382155E-01
   180   17.100000              25600  9.9077962280661902E-01
   181   17.195000              25600  9.8841955024447281E-01
   182   17.290000              25600  9.8565354862904564E-01
   183   17.385000              25600  9.8250090609359175E-01
   184   17.480000              25600  9.7900402452265489E-01
   185   17.575000              25600  9.7522509674155500E-01
   186   17.670000              25600  9.7124089591917206E-01
   187   17.765000              25600  9.6713839960704751E-01
   188   17.860000              25600  9.6301023784465678E-01
   189   17.955000              25600  9.5894841826455135E-01
   190   18.050000              25600  9.5503935512832983E-01
   191   18.145000              25600  9.5136249243881610E-01
   192   18.240000              25600  9.4799093136078705E-01
   193   18.335000              25600  9.4499022685373535E-01
   194   18.430000              25600  9.4241312448654124E-01
   195   18.525000              25600  9.4029592334091727E-01
   196   18.620000              25600  9.3866237240526840E-01
   197   18.715000              25600  9.3752979201619124E-01
   198   18.810000              25600  9.3690908316517707E-01
   199   18.905000              25600  9.3679930796110578E-01
   200   19.000000              25600  9.3718440329864050E-01
   201   19.095000              25600  9.3803564643395143E-01
   202   19.190000              25600  9.3931568571938495E-01
   203   19.285000              25600  9.4097938053937003E-01
   204   19.380000              25600  9.4297532457132360E-01
   205   19.475000              25600  9.4525003613342262E-01
   206   19.570000              25600  9.4774948412819060E-01
   207   19.665000              25600  9.5041808594990129E-01
   208   19.760000              25600  9.5319800058407989E-01
   209   19.855000              25600  9.5602791466470438E-01
   210   19.950000              25600  9.5884265935632884E-01
   211   20.045000              25600  9.6157510280411418E-01
   212   20.140000              25600  9.6415805882690953E-01
   213   20.235000              25600  9.6652630791118366E-01
   214   20.330000              25600  9.6862050274758404E-01
   215   20.425000              25600  9.7039019648986313E-01
   216   20.520000              25600  9.7179527434701130E-01
   217   20.615000              25600  9.7280962192362064E-01
   218   20.710000              25600  9.7342443248567379E-01
   219   20.805000              25600  9.7364539815937867E-01
   220   20.900000              25600  9.7348960826467335E-01
   221   20.995000              25600  9.7299153188250187E-01
   222   21.090000              25600  9.7220994251087278E-01
   223   21.185000              25600  9.7122283233066586E-01
   224   21.280000              25600  9.7011638334057693E-01
   225   21.375000              25600  9.6897546053579897E-01
   226   21.470000              25600  9.6787082306369010E-01
   227   21.565000              25600  9.6684516798581011E-01
   228   21.660000              25600  9.6590594643486005E-01
   229   21.755000              25600  9.6503118814715316E-01
   230   21.850000              25600  9.6418482387875004E-01
   231   21.945000              25600  9.6332666430188718E-01
   232   22.040000              25600  9.6241145571828846E-01
   233   22.135000              25600  9.6138551979857723E-01
   234   22.230000              25600  9.6018520314638633E-01
   235   22.325000              25600  9.5873453775154949E-01
   236   22.420000              25600  9.5694560846338972E-01
   237   22.515000              25600  9.5472431752360587E-01
   238   22.610000              25600  9.5197842470842975E-01
   239   22.705000              25600  9.4863109923787503E-01
   240   22.800000              25600  9.4463560865959917E-01
   241   22.895000              25600  9.3997706173036277E-01
   242   22.990000              25600  9.3465910149322895E-01
   243   23.085000              25600  9.2869027239698299E-01
   244   23.180000              25600  9.2208740033550884E-01
   245   23.275000              25600  9.1488233642477856E-01
   246   23.370000              25600  9.0711825888060649E-01
   247   23.465000              25600  8.9885456154585830E-01
   248   23.560000              25600  8.9017881016836120E-01
   249   23.655000              25600  8.8119998064962446E-01
   250   23.750000              25600  8.7202799344812088E-01
   251   23.845000              25600  8.6276147887557508E-01
   252   23.940000              25600  8.5348172341375528E-01
   253   24.035000              25600  8.4424869833934246E-01
   254   24.130000              25600  8.3510980612131447E-01
   255   24.225000              25600  8.2611323341466369E-01
   256   24.320000              25600  8.1731478663984969E-01
   257   24.415000              25600  8.0878736137073970E-01
   258   24.510000              25600  8.0063091557694765E-01
   259   24.605000              25600  7.9297468667190829E-01
   260   24.700000              25600  7.8597402075245226E-01
   261   24.795000              25600  7.7979802811655774E-01
   262   24.890000              25600  7.7460962400988675E-01
   263   24.985000              25600  7.7055012889287688E-01
   264   25.080000              25600  7.6773006337492344E-01
   265   25.175000              25600  7.6622554040423185E-01
   266   25.270000              25600  7.6608840182608484E-01
   267   25.365000              25600  7.6735529117316625E-01
   268   25.460000              25600  7.7003922278205739E-01
   269   25.555000              25600  7.7411907533638225E-01
   270   25.650000              25600  7.7953837013766081E-01
   271   25.745000              25600  7.8620861611228721E-01
   272   25.840000              25600  7.9401686909278402E-01
   273   25.935000              25600  8.0284303692708725E-01
   274   26.030000              25600  8.1257825478538659E-01
   275   26.125000              25600  8.2312439790539815E-01
   276   26.220000              25600  8.3437861170333849E-01
   277   26.315000              25600  8.4622663479769822E-01
   278   26.410000              25600  8.5854678643410276E-01
   279   26.505000              25600  8.7121347326397025E-01
   280   26.600000              25600  8.8410285184038795E-01
   281   26.695000              25600  8.9710242757971081E-01
   282   26.790000              25600  9.1011027285177049E-01
   283   26.885000              25600  9.2301083049769295E-01
   284   26.980000              25600  9.3565361630353705E-01
   285   27.075000              25600  9.4787376898402398E-01
   286   27.170000              25600  9.5953656812855370E-01
   287   27.265000              25600  9.7053653282821017E-01
   288   27.360000              25600  9.8073476945987770E-01
   289   27.455000              25600  9.8991212910090864E-01
   290   27.550000              25600  9.9778482948790725E-01
   291   27.645000              25600  1.0040593420102579E+00
   292   27.740000              25600  1.0085033993237544E+00
   293   27.835000              25600  1.0110211941188121E+00
   294   27.930000              25600  1.0117067966541355E+00
   295   28.025000              25600  1.0108211375540810E+00
   296   28.120000              25600  1.0086720387119517E+00
   297   28.215000              25600  1.0054626868873948E+00
   298   28.310000              25600  1.0012230391680976E+00
   299   28.405000              25600  9.9586043552324632E-01
   300   28.500000              25600  9.8925553997631144E-01
   301   28.595000              25600  9.8133695748044769E-01
   302   28.690000              25600  9.7213084600791633E-01
   303   28.785000              25600  9.6177387644483214E-01
   304   28.880000              25600  9.5048241490831786E-01
   305   28.975000              25600  9.3851609071148778E-01
   306   29.070000              25600  9.2615574282309931E-01
   307   29.165000              25600  9.1369611928874139E-01
   308   29.260000              25600  9.0143889204858407E-01
   309   29.355000              25600  8.8966808727552582E-01
   310   29.450000              25600  8.7860639033659016E-01
   311   29.545000              25600  8.6839395631572103E-01
   312   29.640000              25600  8.5910890046951616E-01
   313   29.735000              25600  8.5077967603369486E-01
   314   29.830000              25600  8.4338884995267271E-01
   315   29.925000              25600  8.3689309705690396E-01
   316   30.020000              25600  8.3122778515704221E-01
   317   30.115000              25600  8.2629761919109823E-01
   318   30.210000              25600  8.2198998856363681E-01
   319   30.305000              25600  8.1821082451724436E-01
   320   30.400000              25600  8.1491396594236432E-01
   321   30.495000              25600  8.1210134870074802E-01
   322   30.590000              25600  8.0980058835397251E-01
   323   30.685000              25600  8.0803689788197941E-01
   324   30.780000              25600  8.0680666780230248E-01
   325   30.875000              25600  8.0606807486464283E-01
   326   30.970000              25600  8.0575778090405070E-01
   327   31.065000              25600  8.0580975173116953E-01
   328   31.160000              25600  8.0616098511752021E-01
   329   31.255000              25600  8.0675030372919809E-01
   330   31.350000              25600  8.0751937087221726E-01
   331   31.445000              25600  8.0841369748995306E-01
   332   31.540000              25600  8.0937716586474773E-01
   333   31.635000              25600  8.1034087140466582E-01
   334   31.730000              25600  8.1122621001146467E-01
   335   31.825000              25600  8.1196933362630486E-01
   336   31.920000              25600  8.1253968461199744E-01
   337   32.015000              25600  8.1293385817119557E-01
   338   32.110000              25600  8.1315777514430909E-01
   339   32.205000              25600  8.1321098891819998E-01
   340   32.300000              25600  8.1307348455134065E-01
   341   32.395000              25600  8.1270642912605995E-01
   342   32.490000              25600  8.1207258159372131E-01
   343   32.585000              25600  8.1115672433465036E-01
   344   32.680000              25600  8.0996072209435022E-01
   345   32.775000              25600  8.0848401169478512E-01
   346   32.870000              25600  8.0671641512011394E-01
   347   32.965000              25600  8.0465293358361656E-01
   348   33.060000              25600  8.0231797241295677E-01
   349   33.155000              25600  7.9978241131185301E-01
   350   33.250000              25600  7.9717196090693010E-01
   351   33.345000              25600  7.9466865893559135E-01
   352   33.440000              25600  7.9249377882228278E-01
   353   33.535000              25600  7.9086886086542285E-01
   354   33.630000              25600  7.8998970084982656E-01
   355   33.725000              25600  7.9003722501683837E-01
   356   33.820000              25600  7.9119404319925990E-01
   357   33.915000              25600  7.9363516649919830E-01
   358   34.010000              25600  7.9749848502212473E-01
   359   34.105000              25600  8.0284418762222409E-01
   360   34.200000              25600  8.0961964220752369E-01
   361   34.295000              25600  8.1765394034586647E-01
   362   34.390000              25600  8.2667111914230595E-01
   363   34.485000              25600  8.3629801882784538E-01
   364   34.580000              25600  8.4608475722114584E-01
   365   34.675000              25600  8.5557024055256581E-01
   366   34.770000              25600  8.6437395387960203E-01
   367   34.865000              25600  8.7225311891196100E-01
   368   34.960000              25600  8.7909589581824354E-01
   369   35.055000              25600  8.8488717807043116E-01
   370   35.150000              25600  8.8968506117804624E-01
   371   35.245000              25600  8.9360463106447885E-01
   372   35.340000              25600  8.9677979264165897E-01
   373   35.435000              25600  8.9929325854126585E-01
   374   35.530000              25600  9.0114701283532161E-01
   375   35.625000              25600  9.0232542226598900E-01
   376   35.720000              25600  9.0287331151441330E-01
   377   35.815000              25600  9.0290164663165196E-01
   378   35.910000              25600  9.0253643216805579E-01
   379   36.005000              25600  9.0189027169448543E-01
   380   36.100000              25600  9.0107163418249658E-01
   381   36.195000              25600  9.0019277753544757E-01
   382   36.290000              25600  8.9936710029062805E-01
   383   36.385000              25600  8.9871363238625324E-01
   384   36.480000              25600  8.9837428374695760E-01
   385   36.575000              25600  8.9852590644081787E-01
   386   36.670000              25600  8.9937594680794697E-01
   387   36.765000              25600  9.0112741425492926E-01
   388   36.860000              25600  9.0392300734520747E-01
   389   36.955000              25600  9.0779978234693348E-01
   390   37.050000              25600  9.1269500955722560E-01
   391   37.145000              25600  9.1850374305713411E-01
   392   37.240000              25600  9.2511704814920626E-01
   393   37.335000              25600  9.3241751446856624E-01
   394   37.430000              25600  9.4027730148331157E-01
   395   37.525000              25600  9.4858464227017247E-01
   396   37.620000              25600  9.5729650395627175E-01
   397   37.715000              25600  9.6647676193502263E-01
   398   37.810000              25600  9.7623648640916572E-01
   399   37.905000              25600  9.8657282920379952E-01
   400   38.000000              25600  9.9724024833964997E-01
   401   38.095000              25600  1.0077718612822468E+00
   402   38.190000              25600  1.0176279023233095E+00
   403   38.285000              25600  1.0263464589464788E+00
   404   38.380000              25600  1.0336166307789658E+00
   405   38.475000              25600  1.0393046435581845E+00
   406   38.570000              25600  1.0434620170912223E+00
   407   38.665000              25600  1.0463035626398183E+00
   408   38.760000              25600  1.0481511598752684E+00
   409   38.855000              25600  1.0493390692588411E+00
   410   38.950000              25600  1.0500895498973477E+00
   411   39.045000              25600  1.0504000227409462E+00
   412   39.140000              25600  1.0499969160074327E+00
   413   39.235000              25600  1.0483866081344337E+00
   414   39.330000              25600  1.0449793938794154E+00
   415   39.425000              25600  1.0392375912443705E+00
   416   39.520000              25600  1.0308006725394618E+00
   417   39.615000              25600  1.0195590419874092E+00
   418   39.710000              25600  1.0056787076614873E+00
   419   39.805000              25600  9.8957401630412578E-01
   420   39.900000              25600  9.7183007370559626E-01
   421   39.995000              25600  9.5309956937588614E-01
   422   40.090000              25600  9.3400708776556418E-01
