! Kinetic energy for species "electrons-up"
  Iter        Time          Total Par.             Kin. Energy
     0   0.0000000              25600  1.0648676241478607E+00
     1  0.95000000E-01          25600  1.0648672623275062E+00
     2  0.19000000              25600  1.0648661819721230E+00
     3  0.28500000              25600  1.0648643978153340E+00
     4  0.38000000              25600  1.0648619327239774E+00
     5  0.47500000              25600  1.0648588161927632E+00
     6  0.57000000              25600  1.0648550839668711E+00
     7  0.66500000              25600  1.0648507789212918E+00
     8  0.76000000              25600  1.0648459517298832E+00
     9  0.85500000              25600  1.0648406598753941E+00
    10  0.95000000              25600  1.0648349653386173E+00
    11   1.0450000              25600  1.0648289325430520E+00
    12   1.1400000              25600  1.0648226278029918E+00
    13   1.2350000              25600  1.0648161198273236E+00
    14   1.3300000              25600  1.0648094797453209E+00
    15   1.4250000              25600  1.0648027809247980E+00
    16   1.5200000              25600  1.0647960999066355E+00
    17   1.6150000              25600  1.0647895164144636E+00
    18   1.7100000              25600  1.0647831093157747E+00
    19   1.8050000              25600  1.0647769512917733E+00
    20   1.9000000              25600  1.0647711080943674E+00
    21   1.9950000              25600  1.0647656421980134E+00
    22   2.0900000              25600  1.0647606150360596E+00
    23   2.1850000              25600  1.0647560848328581E+00
    24   2.2800000              25600  1.0647521028312603E+00
    25   2.3750000              25600  1.0647487120234653E+00
    26   2.4700000              25600  1.0647459488114501E+00
    27   2.5650000              25600  1.0647438442181976E+00
    28   2.6600000              25600  1.0647424226321580E+00
    29   2.7550000              25600  1.0647417001913444E+00
    30   2.8500000              25600  1.0647416845119251E+00
    31   2.9450000              25600  1.0647423743685902E+00
    32   3.0400000              25600  1.0647437590518829E+00
    33   3.1350000              25600  1.0647458192996526E+00
    34   3.2300000              25600  1.0647485294271453E+00
    35   3.3250000              25600  1.0647518584244497E+00
    36   3.4200000              25600  1.0647557698140735E+00
    37   3.5150000              25600  1.0647602204529183E+00
    38   3.6100000              25600  1.0647651576004418E+00
    39   3.7050000              25600  1.0647705172030812E+00
    40   3.8000000              25600  1.0647762280564930E+00
    41   3.8950000              25600  1.0647822190273275E+00
    42   3.9900000              25600  1.0647884208321985E+00
    43   4.0850000              25600  1.0647947599917265E+00
    44   4.1800000              25600  1.0648011521730556E+00
    45   4.2750000              25600  1.0648075045251761E+00
    46   4.3700000              25600  1.0648137281027368E+00
    47   4.4650000              25600  1.0648197473145395E+00
    48   4.5600000              25600  1.0648254938498738E+00
    49   4.6550000              25600  1.0648308937010289E+00
    50   4.7500000              25600  1.0648358652769985E+00
    51   4.8450000              25600  1.0648403282564676E+00
    52   4.9400000              25600  1.0648442105695679E+00
    53   5.0350000              25600  1.0648474513018293E+00
    54   5.1300000              25600  1.0648500028535943E+00
    55   5.2250000              25600  1.0648518285435800E+00
    56   5.3200000              25600  1.0648528928228251E+00
    57   5.4150000              25600  1.0648531501175804E+00
    58   5.5100000              25600  1.0648525415119554E+00
    59   5.6050000              25600  1.0648510048626105E+00
    60   5.7000000              25600  1.0648484929238511E+00
    61   5.7950000              25600  1.0648449820213552E+00
    62   5.8900000              25600  1.0648404611052107E+00
    63   5.9850000              25600  1.0648349151695811E+00
    64   6.0800000              25600  1.0648283247780275E+00
    65   6.1750000              25600  1.0648206820965023E+00
    66   6.2700000              25600  1.0648120023395586E+00
    67   6.3650000              25600  1.0648023154081097E+00
    68   6.4600000              25600  1.0647916444265149E+00
    69   6.5550000              25600  1.0647799871729577E+00
    70   6.6500000              25600  1.0647673102047830E+00
    71   6.7450000              25600  1.0647535592868418E+00
    72   6.8400000              25600  1.0647386823182585E+00
    73   6.9350000              25600  1.0647226480569607E+00
    74   7.0300000              25600  1.0647054420208275E+00
    75   7.1250000              25600  1.0646870392172159E+00
    76   7.2200000              25600  1.0646673736981296E+00
    77   7.3150000              25600  1.0646463275581792E+00
    78   7.4100000              25600  1.0646237454713900E+00
    79   7.5050000              25600  1.0645994592534023E+00
    80   7.6000000              25600  1.0645732998598718E+00
    81   7.6950000              25600  1.0645450870725897E+00
    82   7.7900000              25600  1.0645146040722362E+00
    83   7.8850000              25600  1.0644815721385750E+00
    84   7.9800000              25600  1.0644456409550598E+00
    85   8.0750000              25600  1.0644063999562707E+00
    86   8.1700000              25600  1.0643633944646438E+00
    87   8.2650000              25600  1.0643161205993692E+00
    88   8.3600000              25600  1.0642639979276958E+00
    89   8.4550000              25600  1.0642063497369032E+00
    90   8.5500000              25600  1.0641424116431399E+00
    91   8.6450000              25600  1.0640713552019740E+00
    92   8.7400000              25600  1.0639923014239976E+00
    93   8.8350000              25600  1.0639043083495134E+00
    94   8.9300000              25600  1.0638063232689503E+00
    95   9.0250000              25600  1.0636971085778217E+00
    96   9.1200000              25600  1.0635751876903736E+00
    97   9.2150000              25600  1.0634388622043278E+00
    98   9.3100000              25600  1.0632862892566193E+00
    99   9.4050000              25600  1.0631155377608021E+00
   100   9.5000000              25600  1.0629245493674042E+00
   101   9.5950000              25600  1.0627110216159530E+00
   102   9.6900000              25600  1.0624723267766460E+00
   103   9.7850000              25600  1.0622055707860989E+00
   104   9.8800000              25600  1.0619077532742738E+00
   105   9.9750000              25600  1.0615758571553071E+00
   106   10.070000              25600  1.0612067539845005E+00
   107   10.165000              25600  1.0607970125950024E+00
   108   10.260000              25600  1.0603427948084230E+00
   109   10.355000              25600  1.0598399236474350E+00
   110   10.450000              25600  1.0592840471390284E+00
   111   10.545000              25600  1.0586707623468592E+00
   112   10.640000              25600  1.0579956338890439E+00
   113   10.735000              25600  1.0572541413745911E+00
   114   10.830000              25600  1.0564416393479412E+00
   115   10.925000              25600  1.0555533790945009E+00
   116   11.020000              25600  1.0545846027059191E+00
   117   11.115000              25600  1.0535306932704160E+00
   118   11.210000              25600  1.0523873771276819E+00
   119   11.305000              25600  1.0511509599712512E+00
   120   11.400000              25600  1.0498185410393361E+00
   121   11.495000              25600  1.0483882098667241E+00
   122   11.590000              25600  1.0468592033224045E+00
   123   11.685000              25600  1.0452319284449687E+00
   124   11.780000              25600  1.0435078480433020E+00
   125   11.875000              25600  1.0416894636446672E+00
   126   11.970000              25600  1.0397805874393287E+00
   127   12.065000              25600  1.0377866352861478E+00
   128   12.160000              25600  1.0357145556198666E+00
   129   12.255000              25600  1.0335724583533294E+00
   130   12.350000              25600  1.0313692892061641E+00
   131   12.445000              25600  1.0291146066145513E+00
   132   12.540000              25600  1.0268180724068543E+00
   133   12.635000              25600  1.0244887394473980E+00
   134   12.730000              25600  1.0221347271249257E+00
   135   12.825000              25600  1.0197632403122983E+00
   136   12.920000              25600  1.0173802183742806E+00
   137   13.015000              25600  1.0149896217208627E+00
   138   13.110000              25600  1.0125930254615190E+00
   139   13.205000              25600  1.0101898124291628E+00
   140   13.300000              25600  1.0077774913750397E+00
   141   13.395000              25600  1.0053518521556393E+00
   142   13.490000              25600  1.0029072587121100E+00
   143   13.585000              25600  1.0004375138397905E+00
   144   13.680000              25600  9.9793705307051317E-01
   145   13.775000              25600  9.9540195727297642E-01
   146   13.870000              25600  9.9283049785830346E-01
   147   13.965000              25600  9.9022314372753328E-01
   148   14.060000              25600  9.8758248466799481E-01
   149   14.155000              25600  9.8491387855824031E-01
   150   14.250000              25600  9.8222681271181012E-01
   151   14.345000              25600  9.7953541025550261E-01
   152   14.440000              25600  9.7685738879819906E-01
   153   14.535000              25600  9.7421270447902586E-01
   154   14.630000              25600  9.7162275328469816E-01
   155   14.725000              25600  9.6910979092233784E-01
   156   14.820000              25600  9.6669644530879084E-01
   157   14.915000              25600  9.6440535232455016E-01
   158   15.010000              25600  9.6225847450472402E-01
   159   15.105000              25600  9.6027538407848523E-01
   160   15.200000              25600  9.5847107755681038E-01
   161   15.295000              25600  9.5685488125400575E-01
   162   15.390000              25600  9.5543138724620569E-01
   163   15.485000              25600  9.5420291848161098E-01
   164   15.580000              25600  9.5317254845438071E-01
   165   15.675000              25600  9.5234742603963063E-01
   166   15.770000              25600  9.5174273779678886E-01
   167   15.865000              25600  9.5138590563333336E-01
   168   15.960000              25600  9.5131840626872055E-01
   169   16.055000              25600  9.5159363772300631E-01
   170   16.150000              25600  9.5227231886812025E-01
   171   16.245000              25600  9.5341577520291598E-01
   172   16.340000              25600  9.5507780140497300E-01
   173   16.435000              25600  9.5729790155464078E-01
   174   16.530000              25600  9.6009628008591774E-01
   175   16.625000              25600  9.6346904404756506E-01
   176   16.720000              25600  9.6738535182231944E-01
   177   16.815000              25600  9.7179080183119693E-01
   178   16.910000              25600  9.7661554893013147E-01
   179   17.005000              25600  9.8177938282612698E-01
   180   17.100000              25600  9.8719287866656213E-01
   181   17.195000              25600  9.9276130513554706E-01
   182   17.290000              25600  9.9839077752836203E-01
   183   17.385000              25600  1.0039911623283404E+00
   184   17.480000              25600  1.0094774885662088E+00
   185   17.575000              25600  1.0147741611885763E+00
   186   17.670000              25600  1.0198197643914217E+00
   187   17.765000              25600  1.0245664613751240E+00
   188   17.860000              25600  1.0289755601862189E+00
   189   17.955000              25600  1.0330166055792931E+00
   190   18.050000              25600  1.0366697019856268E+00
   191   18.145000              25600  1.0399249833782473E+00
   192   18.240000              25600  1.0427775709496130E+00
   193   18.335000              25600  1.0452219137232674E+00
   194   18.430000              25600  1.0472485467372645E+00
   195   18.525000              25600  1.0488427191654695E+00
   196   18.620000              25600  1.0499844867133352E+00
   197   18.715000              25600  1.0506499492039776E+00
   198   18.810000              25600  1.0508121516612783E+00
   199   18.905000              25600  1.0504434592917997E+00
   200   19.000000              25600  1.0495202592309283E+00
   201   19.095000              25600  1.0480273058619543E+00
   202   19.190000              25600  1.0459617029436397E+00
   203   19.285000              25600  1.0433361550580109E+00
   204   19.380000              25600  1.0401759940956818E+00
   205   19.475000              25600  1.0365105648091375E+00
   206   19.570000              25600  1.0323711646470579E+00
   207   19.665000              25600  1.0277961711637644E+00
   208   19.760000              25600  1.0228297546764742E+00
   209   19.855000              25600  1.0175140459501471E+00
   210   19.950000              25600  1.0118863693483271E+00
   211   20.045000              25600  1.0059817266537250E+00
   212   20.140000              25600  9.9983186266581858E-01
   213   20.235000              25600  9.9346212430576253E-01
   214   20.330000              25600  9.8689415856045870E-01
   215   20.425000              25600  9.8015324980877627E-01
   216   20.520000              25600  9.7327559653549001E-01
   217   20.615000              25600  9.6631591528922200E-01
   218   20.710000              25600  9.5935303522551352E-01
   219   20.805000              25600  9.5248702574996358E-01
   220   20.900000              25600  9.4582727047572190E-01
   221   20.995000              25600  9.3947951662924800E-01
   222   21.090000              25600  9.3353489368297282E-01
   223   21.185000              25600  9.2806127985758524E-01
   224   21.280000              25600  9.2310207404423061E-01
   225   21.375000              25600  9.1868299892786864E-01
   226   21.470000              25600  9.1482095919091111E-01
   227   21.565000              25600  9.1152808114424566E-01
   228   21.660000              25600  9.0881266025108431E-01
   229   21.755000              25600  9.0668423098319684E-01
   230   21.850000              25600  9.0515846970939917E-01
   231   21.945000              25600  9.0425399471464951E-01
   232   22.040000              25600  9.0398677692892193E-01
   233   22.135000              25600  9.0436722107297574E-01
   234   22.230000              25600  9.0539533275313422E-01
   235   22.325000              25600  9.0705704607941084E-01
   236   22.420000              25600  9.0932996883795569E-01
   237   22.515000              25600  9.1219497123618609E-01
   238   22.610000              25600  9.1564066868769967E-01
   239   22.705000              25600  9.1965486632464699E-01
   240   22.800000              25600  9.2421387923287346E-01
   241   22.895000              25600  9.2928367583008886E-01
   242   22.990000              25600  9.3483236302536166E-01
   243   23.085000              25600  9.4083803744390282E-01
   244   23.180000              25600  9.4727954292150418E-01
   245   23.275000              25600  9.5411452578615630E-01
   246   23.370000              25600  9.6126285602743589E-01
   247   23.465000              25600  9.6860735105865903E-01
   248   23.560000              25600  9.7601040483730583E-01
   249   23.655000              25600  9.8333309636353572E-01
   250   23.750000              25600  9.9044284172539088E-01
   251   23.845000              25600  9.9722413643529673E-01
   252   23.940000              25600  1.0035911933931521E+00
   253   24.035000              25600  1.0094776653431572E+00
   254   24.130000              25600  1.0148159515990101E+00
   255   24.225000              25600  1.0195266660930282E+00
   256   24.320000              25600  1.0235217721488437E+00
   257   24.415000              25600  1.0267186407685001E+00
   258   24.510000              25600  1.0290496713192931E+00
   259   24.605000              25600  1.0304627885274236E+00
   260   24.700000              25600  1.0309240883948940E+00
   261   24.795000              25600  1.0304263711890009E+00
   262   24.890000              25600  1.0289926781617522E+00
   263   24.985000              25600  1.0266709954266044E+00
   264   25.080000              25600  1.0235219004936218E+00
   265   25.175000              25600  1.0196006360622281E+00
   266   25.270000              25600  1.0149487611675916E+00
   267   25.365000              25600  1.0095999497047976E+00
   268   25.460000              25600  1.0035861203184684E+00
   269   25.555000              25600  9.9693982445006557E-01
   270   25.650000              25600  9.8969253728371220E-01
   271   25.745000              25600  9.8186585837574525E-01
   272   25.840000              25600  9.7346436826281990E-01
   273   25.935000              25600  9.6448053480781892E-01
   274   26.030000              25600  9.5491475733777031E-01
   275   26.125000              25600  9.4480320617660718E-01
   276   26.220000              25600  9.3423057174007462E-01
   277   26.315000              25600  9.2331825540340706E-01
   278   26.410000              25600  9.1219995694662881E-01
   279   26.505000              25600  9.0099910082332357E-01
   280   26.600000              25600  8.8982419277373137E-01
   281   26.695000              25600  8.7877868381121427E-01
   282   26.790000              25600  8.6796966036722556E-01
   283   26.885000              25600  8.5750599020783547E-01
   284   26.980000              25600  8.4747608531081442E-01
   285   27.075000              25600  8.3791267806215997E-01
   286   27.170000              25600  8.2878524558136457E-01
   287   27.265000              25600  8.2002930974852017E-01
   288   27.360000              25600  8.1158832104713341E-01
   289   27.455000              25600  8.0343825641611510E-01
   290   27.550000              25600  7.9557786607782144E-01
   291   27.645000              25600  7.8801129376446655E-01
   292   27.740000              25600  7.8076182427656315E-01
   293   27.835000              25600  7.7390665174354212E-01
   294   27.930000              25600  7.6759336229919151E-01
   295   28.025000              25600  7.6201658059060506E-01
   296   28.120000              25600  7.5736163101036291E-01
   297   28.215000              25600  7.5375433081490861E-01
   298   28.310000              25600  7.5125575099957220E-01
   299   28.405000              25600  7.4989472386219536E-01
   300   28.500000              25600  7.4970446662441614E-01
   301   28.595000              25600  7.5075335605710392E-01
   302   28.690000              25600  7.5315653266716653E-01
   303   28.785000              25600  7.5704723972648758E-01
   304   28.880000              25600  7.6252059686625795E-01
   305   28.975000              25600  7.6958832898719765E-01
   306   29.070000              25600  7.7816865470591234E-01
   307   29.165000              25600  7.8810061310044632E-01
   308   29.260000              25600  7.9916460990043570E-01
   309   29.355000              25600  8.1110700289248194E-01
   310   29.450000              25600  8.2367078709657737E-01
   311   29.545000              25600  8.3662790035266332E-01
   312   29.640000              25600  8.4979160032511425E-01
   313   29.735000              25600  8.6300346275873108E-01
   314   29.830000              25600  8.7611582282128331E-01
   315   29.925000              25600  8.8898970800279042E-01
   316   30.020000              25600  9.0150441588010810E-01
   317   30.115000              25600  9.1356710645488604E-01
   318   30.210000              25600  9.2512001811087463E-01
   319   30.305000              25600  9.3614363299239889E-01
   320   30.400000              25600  9.4664901666905399E-01
   321   30.495000              25600  9.5666639213745341E-01
   322   30.590000              25600  9.6623568700215900E-01
   323   30.685000              25600  9.7539517092178563E-01
   324   30.780000              25600  9.8416278903662446E-01
   325   30.875000              25600  9.9250291922607681E-01
   326   30.970000              25600  1.0003045319506527E+00
   327   31.065000              25600  1.0073880603121927E+00
   328   31.160000              25600  1.0135199710966296E+00
   329   31.255000              25600  1.0184309260745263E+00
   330   31.350000              25600  1.0218467357077010E+00
   331   31.445000              25600  1.0235239367820204E+00
   332   31.540000              25600  1.0232857008825547E+00
   333   31.635000              25600  1.0210577345076224E+00
   334   31.730000              25600  1.0168970323781525E+00
   335   31.825000              25600  1.0110037483228740E+00
   336   31.920000              25600  1.0037064386360288E+00
   337   32.015000              25600  9.9542463152073635E-01
   338   32.110000              25600  9.8662422263731331E-01
   339   32.205000              25600  9.7777893706100738E-01
   340   32.300000              25600  9.6934054568325645E-01
   341   32.395000              25600  9.6171076576685621E-01
   342   32.490000              25600  9.5520976864411611E-01
   343   32.585000              25600  9.5004991544519724E-01
   344   32.680000              25600  9.4632357813727486E-01
   345   32.775000              25600  9.4401144068213627E-01
   346   32.870000              25600  9.4299368795644123E-01
   347   32.965000              25600  9.4303919729327768E-01
   348   33.060000              25600  9.4380348188599816E-01
   349   33.155000              25600  9.4487441980395293E-01
   350   33.250000              25600  9.4585080897361762E-01
   351   33.345000              25600  9.4641034183576045E-01
   352   33.440000              25600  9.4632359872900529E-01
   353   33.535000              25600  9.4542743462834922E-01
   354   33.630000              25600  9.4362582557094399E-01
   355   33.725000              25600  9.4093351087884103E-01
   356   33.820000              25600  9.3751564593130898E-01
   357   33.915000              25600  9.3368064280709451E-01
   358   34.010000              25600  9.2982818771312425E-01
   359   34.105000              25600  9.2638315073340327E-01
   360   34.200000              25600  9.2373755743746022E-01
   361   34.295000              25600  9.2220880308345099E-01
   362   34.390000              25600  9.2201594263974573E-01
   363   34.485000              25600  9.2327102785490267E-01
   364   34.580000              25600  9.2597269140889904E-01
   365   34.675000              25600  9.2999593846053263E-01
   366   34.770000              25600  9.3509417116680793E-01
   367   34.865000              25600  9.4092457746265434E-01
   368   34.960000              25600  9.4708625535755697E-01
   369   35.055000              25600  9.5315011023334884E-01
   370   35.150000              25600  9.5867962406082763E-01
   371   35.245000              25600  9.6327029250008700E-01
   372   35.340000              25600  9.6660474788541362E-01
   373   35.435000              25600  9.6849832707487304E-01
   374   35.530000              25600  9.6891888348995470E-01
   375   35.625000              25600  9.6797124532509549E-01
   376   35.720000              25600  9.6585767850321025E-01
   377   35.815000              25600  9.6283258368006563E-01
   378   35.910000              25600  9.5916183575532887E-01
   379   36.005000              25600  9.5508970855857045E-01
   380   36.100000              25600  9.5081000582547792E-01
   381   36.195000              25600  9.4643136401585970E-01
   382   36.290000              25600  9.4194100538977832E-01
   383   36.385000              25600  9.3719762645826721E-01
   384   36.480000              25600  9.3196245082367057E-01
   385   36.575000              25600  9.2594466712800327E-01
   386   36.670000              25600  9.1886294640558497E-01
   387   36.765000              25600  9.1052792454072895E-01
   388   36.860000              25600  9.0090639188269739E-01
   389   36.955000              25600  8.9014056883355064E-01
   390   37.050000              25600  8.7853299004342178E-01
   391   37.145000              25600  8.6650746342080476E-01
   392   37.240000              25600  8.5455105268314113E-01
   393   37.335000              25600  8.4313477361656664E-01
   394   37.430000              25600  8.3262248363277580E-01
   395   37.525000              25600  8.2320357518851472E-01
   396   37.620000              25600  8.1488504217080748E-01
   397   37.715000              25600  8.0754821725080372E-01
   398   37.810000              25600  8.0102549004678769E-01
   399   37.905000              25600  7.9513915714873795E-01
   400   38.000000              25600  7.8970573990009485E-01
   401   38.095000              25600  7.8455679769076236E-01
   402   38.190000              25600  7.7958813696729923E-01
   403   38.285000              25600  7.7480421600591742E-01
   404   38.380000              25600  7.7034036556712293E-01
   405   38.475000              25600  7.6645997550623113E-01
   406   38.570000              25600  7.6352238735588440E-01
   407   38.665000              25600  7.6192733652268951E-01
   408   38.760000              25600  7.6204785384144458E-01
   409   38.855000              25600  7.6416947547623337E-01
   410   38.950000              25600  7.6845683604329884E-01
   411   39.045000              25600  7.7494570814513419E-01
   412   39.140000              25600  7.8354513723612729E-01
   413   39.235000              25600  7.9404885026122651E-01
   414   39.330000              25600  8.0616072735703725E-01
   415   39.425000              25600  8.1952985340024420E-01
   416   39.520000              25600  8.3378125087427368E-01
   417   39.615000              25600  8.4852262435103676E-01
   418   39.710000              25600  8.6334020003860767E-01
   419   39.805000              25600  8.7781829507949349E-01
   420   39.900000              25600  8.9156944145343919E-01
   421   39.995000              25600  9.0426390737755158E-01
   422   40.090000              25600  9.1567172434517197E-01
