! Kinetic energy for species "positrons-down"
  Iter        Time          Total Par.             Kin. Energy
     0   0.0000000              25600  1.0646140152384080E+00
     1  0.95000000E-01          25600  1.0646136538185313E+00
     2  0.19000000              25600  1.0646125746878579E+00
     3  0.28500000              25600  1.0646107931431685E+00
     4  0.38000000              25600  1.0646083330605187E+00
     5  0.47500000              25600  1.0646052243647115E+00
     6  0.57000000              25600  1.0646015022031650E+00
     7  0.66500000              25600  1.0645972076513508E+00
     8  0.76000000              25600  1.0645923884126367E+00
     9  0.85500000              25600  1.0645870994350766E+00
    10  0.95000000              25600  1.0645814033310352E+00
    11   1.0450000              25600  1.0645753688854853E+00
    12   1.1400000              25600  1.0645690674342347E+00
    13   1.2350000              25600  1.0645625695865242E+00
    14   1.3300000              25600  1.0645559444743351E+00
    15   1.4250000              25600  1.0645492618031078E+00
    16   1.5200000              25600  1.0645425948921985E+00
    17   1.6150000              25600  1.0645360211512944E+00
    18   1.7100000              25600  1.0645296182481669E+00
    19   1.8050000              25600  1.0645234589184698E+00
    20   1.9000000              25600  1.0645176087865325E+00
    21   1.9950000              25600  1.0645121284269328E+00
    22   2.0900000              25600  1.0645070775313465E+00
    23   2.1850000              25600  1.0645025172332638E+00
    24   2.2800000              25600  1.0644985068552977E+00
    25   2.3750000              25600  1.0644950960504707E+00
    26   2.4700000              25600  1.0644923197305145E+00
    27   2.5650000              25600  1.0644902013159372E+00
    28   2.6600000              25600  1.0644887592549344E+00
    29   2.7550000              25600  1.0644880080763661E+00
    30   2.8500000              25600  1.0644879548158779E+00
    31   2.9450000              25600  1.0644885978077572E+00
    32   3.0400000              25600  1.0644899280403828E+00
    33   3.1350000              25600  1.0644919286596897E+00
    34   3.2300000              25600  1.0644945739963441E+00
    35   3.3250000              25600  1.0644978317578950E+00
    36   3.4200000              25600  1.0645016652760075E+00
    37   3.5150000              25600  1.0645060310760099E+00
    38   3.6100000              25600  1.0645108753372206E+00
    39   3.7050000              25600  1.0645161357446467E+00
    40   3.8000000              25600  1.0645217460197767E+00
    41   3.8950000              25600  1.0645276358019955E+00
    42   3.9900000              25600  1.0645337275504283E+00
    43   4.0850000              25600  1.0645399373969306E+00
    44   4.1800000              25600  1.0645461795953399E+00
    45   4.2750000              25600  1.0645523698183423E+00
    46   4.3700000              25600  1.0645584267107377E+00
    47   4.4650000              25600  1.0645642730530998E+00
    48   4.5600000              25600  1.0645698357821503E+00
    49   4.6550000              25600  1.0645750433891163E+00
    50   4.7500000              25600  1.0645798217535702E+00
    51   4.8450000              25600  1.0645840944234393E+00
    52   4.9400000              25600  1.0645877920018303E+00
    53   5.0350000              25600  1.0645908625351701E+00
    54   5.1300000              25600  1.0645932684218562E+00
    55   5.2250000              25600  1.0645949699760167E+00
    56   5.3200000              25600  1.0645959125377968E+00
    57   5.4150000              25600  1.0645960299939483E+00
    58   5.5100000              25600  1.0645952599572841E+00
    59   5.6050000              25600  1.0645935556892299E+00
    60   5.7000000              25600  1.0645908853849939E+00
    61   5.7950000              25600  1.0645872228610864E+00
    62   5.8900000              25600  1.0645825411939067E+00
    63   5.9850000              25600  1.0645768156370847E+00
    64   6.0800000              25600  1.0645700309848449E+00
    65   6.1750000              25600  1.0645621854568308E+00
    66   6.2700000              25600  1.0645532909725386E+00
    67   6.3650000              25600  1.0645433713890795E+00
    68   6.4600000              25600  1.0645324508757921E+00
    69   6.5550000              25600  1.0645205300615483E+00
    70   6.6500000              25600  1.0645075709638716E+00
    71   6.7450000              25600  1.0644935107509150E+00
    72   6.8400000              25600  1.0644782908457628E+00
    73   6.9350000              25600  1.0644618721694692E+00
    74   7.0300000              25600  1.0644442277975275E+00
    75   7.1250000              25600  1.0644253222026587E+00
    76   7.2200000              25600  1.0644050853194731E+00
    77   7.3150000              25600  1.0643833922904986E+00
    78   7.4100000              25600  1.0643600671050080E+00
    79   7.5050000              25600  1.0643349153027584E+00
    80   7.6000000              25600  1.0643077580556852E+00
    81   7.6950000              25600  1.0642784271085923E+00
    82   7.7900000              25600  1.0642467144752517E+00
    83   7.8850000              25600  1.0642123207315430E+00
    84   7.9800000              25600  1.0641748520845424E+00
    85   8.0750000              25600  1.0641338650638756E+00
    86   8.1700000              25600  1.0640889026798002E+00
    87   8.2650000              25600  1.0640394744861981E+00
    88   8.3600000              25600  1.0639850019309778E+00
    89   8.4550000              25600  1.0639247931794464E+00
    90   8.5500000              25600  1.0638580709928991E+00
    91   8.6450000              25600  1.0637840126553657E+00
    92   8.7400000              25600  1.0637017554321355E+00
    93   8.8350000              25600  1.0636103621203765E+00
    94   8.9300000              25600  1.0635087665176435E+00
    95   9.0250000              25600  1.0633957173115460E+00
    96   9.1200000              25600  1.0632697423539592E+00
    97   9.2150000              25600  1.0631291630567423E+00
    98   9.3100000              25600  1.0629721589069614E+00
    99   9.4050000              25600  1.0627968178505365E+00
   100   9.5000000              25600  1.0626010954076976E+00
   101   9.5950000              25600  1.0623826949864641E+00
   102   9.6900000              25600  1.0621389887181212E+00
   103   9.7850000              25600  1.0618670857687702E+00
   104   9.8800000              25600  1.0615640015773529E+00
   105   9.9750000              25600  1.0612267467503276E+00
   106   10.070000              25600  1.0608522211729197E+00
   107   10.165000              25600  1.0604370159483298E+00
   108   10.260000              25600  1.0599773194767672E+00
   109   10.355000              25600  1.0594689973252529E+00
   110   10.450000              25600  1.0589077434250940E+00
   111   10.545000              25600  1.0582891746365288E+00
   112   10.640000              25600  1.0576088378177784E+00
   113   10.735000              25600  1.0568621753549174E+00
   114   10.830000              25600  1.0560445074906157E+00
   115   10.925000              25600  1.0551510595432803E+00
   116   11.020000              25600  1.0541770498581915E+00
   117   11.115000              25600  1.0531178308547171E+00
   118   11.210000              25600  1.0519690769296184E+00
   119   11.305000              25600  1.0507270081180962E+00
   120   11.400000              25600  1.0493886083773685E+00
   121   11.495000              25600  1.0479518365373033E+00
   122   11.590000              25600  1.0464157938355600E+00
   123   11.685000              25600  1.0447807572110188E+00
   124   11.780000              25600  1.0430480763745913E+00
   125   11.875000              25600  1.0412201663893645E+00
   126   11.970000              25600  1.0393007877754563E+00
   127   12.065000              25600  1.0372953426748626E+00
   128   12.160000              25600  1.0352108049890285E+00
   129   12.255000              25600  1.0330553403099809E+00
   130   12.350000              25600  1.0308379434883050E+00
   131   12.445000              25600  1.0285681866515053E+00
   132   12.540000              25600  1.0262557258467937E+00
   133   12.635000              25600  1.0239096329687389E+00
   134   12.730000              25600  1.0215381138216095E+00
   135   12.825000              25600  1.0191485430028009E+00
   136   12.920000              25600  1.0167471502888801E+00
   137   13.015000              25600  1.0143383799859043E+00
   138   13.110000              25600  1.0119245182084611E+00
   139   13.205000              25600  1.0095058522562854E+00
   140   13.300000              25600  1.0070809436053978E+00
   141   13.395000              25600  1.0046466891949324E+00
   142   13.490000              25600  1.0021983342964389E+00
   143   13.585000              25600  9.9972998044157746E-01
   144   13.680000              25600  9.9723559899213710E-01
   145   13.775000              25600  9.9471006801732886E-01
   146   13.870000              25600  9.9214989717825908E-01
   147   13.965000              25600  9.8955359669887399E-01
   148   14.060000              25600  9.8692201680998148E-01
   149   14.155000              25600  9.8425928393068718E-01
   150   14.250000              25600  9.8157428967107152E-01
   151   14.345000              25600  9.7888117856535728E-01
   152   14.440000              25600  9.7619816479525479E-01
   153   14.535000              25600  9.7354599745471959E-01
   154   14.630000              25600  9.7094697813274622E-01
   155   14.725000              25600  9.6842423919023224E-01
   156   14.820000              25600  9.6600117992495704E-01
   157   14.915000              25600  9.6370103882504421E-01
   158   15.010000              25600  9.6154614457380050E-01
   159   15.105000              25600  9.5955602388683769E-01
   160   15.200000              25600  9.5774514523104803E-01
   161   15.295000              25600  9.5612206655457421E-01
   162   15.390000              25600  9.5469062601242405E-01
   163   15.485000              25600  9.5345275155998643E-01
   164   15.580000              25600  9.5241197484979634E-01
   165   15.675000              25600  9.5157675888326909E-01
   166   15.770000              25600  9.5096377342268790E-01
   167   15.865000              25600  9.5060112264745245E-01
   168   15.960000              25600  9.5052938560770817E-01
   169   16.055000              25600  9.5079946506743385E-01
   170   16.150000              25600  9.5146899098125237E-01
   171   16.245000              25600  9.5259705362126268E-01
   172   16.340000              25600  9.5423677889842695E-01
   173   16.435000              25600  9.5642836684947330E-01
   174   16.530000              25600  9.5919392383581781E-01
   175   16.625000              25600  9.6253219993049477E-01
   176   16.720000              25600  9.6641490146126741E-01
   177   16.815000              25600  9.7078965230440983E-01
   178   16.910000              25600  9.7558783265075122E-01
   179   17.005000              25600  9.8072953596814705E-01
   180   17.100000              25600  9.8612509007868510E-01
   181   17.195000              25600  9.9167949237495667E-01
   182   17.290000              25600  9.9729876829366182E-01
   183   17.385000              25600  1.0028934027727285E+00
   184   17.480000              25600  1.0083801804178318E+00
   185   17.575000              25600  1.0136855824953883E+00
   186   17.670000              25600  1.0187494315557988E+00
   187   17.765000              25600  1.0235242470218755E+00
   188   17.860000              25600  1.0279716803852870E+00
   189   17.955000              25600  1.0320615315257882E+00
   190   18.050000              25600  1.0357734384450032E+00
   191   18.145000              25600  1.0390966052816593E+00
   192   18.240000              25600  1.0420252582533709E+00
   193   18.335000              25600  1.0445534774193235E+00
   194   18.430000              25600  1.0466717836610466E+00
   195   18.525000              25600  1.0483650379176048E+00
   196   18.620000              25600  1.0496123157520574E+00
   197   18.715000              25600  1.0503880003098236E+00
   198   18.810000              25600  1.0506624541256584E+00
   199   18.905000              25600  1.0504047517238859E+00
   200   19.000000              25600  1.0495881190516287E+00
   201   19.095000              25600  1.0481939294996994E+00
   202   19.190000              25600  1.0462145123552382E+00
   203   19.285000              25600  1.0436560822765584E+00
   204   19.380000              25600  1.0405365707254970E+00
   205   19.475000              25600  1.0368786900643556E+00
   206   19.570000              25600  1.0327099331809677E+00
   207   19.665000              25600  1.0280684625700558E+00
   208   19.760000              25600  1.0230017038688364E+00
   209   19.855000              25600  1.0175590612677714E+00
   210   19.950000              25600  1.0117878733039873E+00
   211   20.045000              25600  1.0057333044278249E+00
   212   20.140000              25600  9.9943770942920751E-01
   213   20.235000              25600  9.9293784370348737E-01
   214   20.330000              25600  9.8626548319019625E-01
   215   20.425000              25600  9.7945333966302417E-01
   216   20.520000              25600  9.7254098332245120E-01
   217   20.615000              25600  9.6558145871348267E-01
   218   20.710000              25600  9.5864878941227749E-01
   219   20.805000              25600  9.5183635183020687E-01
   220   20.900000              25600  9.4524613680788760E-01
   221   20.995000              25600  9.3897940672317648E-01
   222   21.090000              25600  9.3312759893178299E-01
   223   21.185000              25600  9.2776277078719405E-01
   224   21.280000              25600  9.2293446011362046E-01
   225   21.375000              25600  9.1867377789074256E-01
   226   21.470000              25600  9.1499946607621896E-01
   227   21.565000              25600  9.1192145807264180E-01
   228   21.660000              25600  9.0944256783924637E-01
   229   21.755000              25600  9.0756228038408904E-01
   230   21.850000              25600  9.0628101243455372E-01
   231   21.945000              25600  9.0560053172573318E-01
   232   22.040000              25600  9.0552533520184408E-01
   233   22.135000              25600  9.0606646429229221E-01
   234   22.230000              25600  9.0723842489569906E-01
   235   22.325000              25600  9.0904756907944373E-01
   236   22.420000              25600  9.1147949645098336E-01
   237   22.515000              25600  9.1449310745808288E-01
   238   22.610000              25600  9.1802730596673909E-01
   239   22.705000              25600  9.2201799636441328E-01
   240   22.800000              25600  9.2641343599361492E-01
   241   22.895000              25600  9.3117972470990384E-01
   242   22.990000              25600  9.3629620975089867E-01
   243   23.085000              25600  9.4174315376582540E-01
   244   23.180000              25600  9.4749071365051740E-01
   245   23.275000              25600  9.5349859406552406E-01
   246   23.370000              25600  9.5972198710687529E-01
   247   23.465000              25600  9.6611069978847175E-01
   248   23.560000              25600  9.7260452255918151E-01
   249   23.655000              25600  9.7912992160867862E-01
   250   23.750000              25600  9.8559449920531850E-01
   251   23.845000              25600  9.9189234163292239E-01
   252   23.940000              25600  9.9791735637876289E-01
   253   24.035000              25600  1.0035677271843557E+00
   254   24.130000              25600  1.0087502712189540E+00
   255   24.225000              25600  1.0133880474753540E+00
   256   24.320000              25600  1.0174230629280419E+00
   257   24.415000              25600  1.0208086604112701E+00
   258   24.510000              25600  1.0234948729886160E+00
   259   24.605000              25600  1.0254241964783950E+00
   260   24.700000              25600  1.0265429933221923E+00
   261   24.795000              25600  1.0268152670610549E+00
   262   24.890000              25600  1.0262270870924577E+00
   263   24.985000              25600  1.0247843717906029E+00
   264   25.080000              25600  1.0225087024018435E+00
   265   25.175000              25600  1.0194255359525941E+00
   266   25.270000              25600  1.0155523733368215E+00
   267   25.365000              25600  1.0109032106176943E+00
   268   25.460000              25600  1.0055018076221667E+00
   269   25.555000              25600  9.9938735953724589E-01
   270   25.650000              25600  9.9260684923717735E-01
   271   25.745000              25600  9.8520058494993923E-01
   272   25.840000              25600  9.7719496090120639E-01
   273   25.935000              25600  9.6860551456451938E-01
   274   26.030000              25600  9.5944753578041841E-01
   275   26.125000              25600  9.4975518522516045E-01
   276   26.220000              25600  9.3959908107856815E-01
   277   26.315000              25600  9.2909192850379096E-01
   278   26.410000              25600  9.1837941433330406E-01
   279   26.505000              25600  9.0761766864083326E-01
   280   26.600000              25600  8.9695286370363170E-01
   281   26.695000              25600  8.8650869825073531E-01
   282   26.790000              25600  8.7636998125040999E-01
   283   26.885000              25600  8.6656859021331967E-01
   284   26.980000              25600  8.5708712933164066E-01
   285   27.075000              25600  8.4788142625808915E-01
   286   27.170000              25600  8.3891226097585236E-01
   287   27.265000              25600  8.3016150518778142E-01
   288   27.360000              25600  8.2163068104548387E-01
   289   27.455000              25600  8.1334577357513904E-01
   290   27.550000              25600  8.0536412736837359E-01
   291   27.645000              25600  7.9776947870998327E-01
   292   27.740000              25600  7.9064890929897247E-01
   293   27.835000              25600  7.8406271222297463E-01
   294   27.930000              25600  7.7803040223919073E-01
   295   28.025000              25600  7.7255168092648496E-01
   296   28.120000              25600  7.6764289634404370E-01
   297   28.215000              25600  7.6335656672936802E-01
   298   28.310000              25600  7.5978503605105685E-01
   299   28.405000              25600  7.5705051209635754E-01
   300   28.500000              25600  7.5529454408769747E-01
   301   28.595000              25600  7.5467622817403468E-01
   302   28.690000              25600  7.5536097123647661E-01
   303   28.785000              25600  7.5748944067083701E-01
   304   28.880000              25600  7.6113915916475294E-01
   305   28.975000              25600  7.6630869267262069E-01
   306   29.070000              25600  7.7293588265257818E-01
   307   29.165000              25600  7.8092729187340326E-01
   308   29.260000              25600  7.9017088279176462E-01
   309   29.355000              25600  8.0052686053237843E-01
   310   29.450000              25600  8.1181797904530217E-01
   311   29.545000              25600  8.2383375966162331E-01
   312   29.640000              25600  8.3634798968976121E-01
   313   29.735000              25600  8.4913876971988478E-01
   314   29.830000              25600  8.6200303434830172E-01
   315   29.925000              25600  8.7476454758842737E-01
   316   30.020000              25600  8.8727891596250252E-01
   317   30.115000              25600  8.9944056971827613E-01
   318   30.210000              25600  9.1119278721273433E-01
   319   30.305000              25600  9.2253492271695026E-01
   320   30.400000              25600  9.3351720379496728E-01
   321   30.495000              25600  9.4422096558872459E-01
   322   30.590000              25600  9.5471789018771969E-01
   323   30.685000              25600  9.6502079890346415E-01
   324   30.780000              25600  9.7506058643392990E-01
   325   30.875000              25600  9.8469430238419764E-01
   326   30.970000              25600  9.9372401479430683E-01
   327   31.065000              25600  1.0019133351506808E+00
   328   31.160000              25600  1.0090009715161252E+00
   329   31.255000              25600  1.0147253472814222E+00
   330   31.350000              25600  1.0188556315989212E+00
   331   31.445000              25600  1.0212117510799024E+00
   332   31.540000              25600  1.0216783070162898E+00
   333   31.635000              25600  1.0202237288427791E+00
   334   31.730000              25600  1.0169219445152953E+00
   335   31.825000              25600  1.0119622162841950E+00
   336   31.920000              25600  1.0056403219822465E+00
   337   32.015000              25600  9.9833669029173500E-01
   338   32.110000              25600  9.9049185581724086E-01
   339   32.205000              25600  9.8258033739664452E-01
   340   32.300000              25600  9.7507634680442457E-01
   341   32.395000              25600  9.6841038489357656E-01
   342   32.490000              25600  9.6292989517441596E-01
   343   32.585000              25600  9.5887823802466499E-01
   344   32.680000              25600  9.5638729328160044E-01
   345   32.775000              25600  9.5547028212242391E-01
   346   32.870000              25600  9.5600329848992349E-01
   347   32.965000              25600  9.5769696496565404E-01
   348   33.060000              25600  9.6009751433659840E-01
   349   33.155000              25600  9.6265068678454702E-01
   350   33.250000              25600  9.6481227978217832E-01
   351   33.345000              25600  9.6615820354649151E-01
   352   33.440000              25600  9.6642767849886169E-01
   353   33.535000              25600  9.6549320375326797E-01
   354   33.630000              25600  9.6332842820452969E-01
   355   33.725000              25600  9.6001712631411207E-01
   356   33.820000              25600  9.5578413015707198E-01
   357   33.915000              25600  9.5099507550276230E-01
   358   34.010000              25600  9.4611221421276770E-01
   359   34.105000              25600  9.4163084276746534E-01
   360   34.200000              25600  9.3800662821471459E-01
   361   34.295000              25600  9.3559343632266989E-01
   362   34.390000              25600  9.3461082671795714E-01
   363   34.485000              25600  9.3514140525058487E-01
   364   34.580000              25600  9.3714924405700706E-01
   365   34.675000              25600  9.4050353309136658E-01
   366   34.770000              25600  9.4499304373791682E-01
   367   34.865000              25600  9.5032566705953392E-01
   368   34.960000              25600  9.5611478742408740E-01
   369   35.055000              25600  9.6187560019401031E-01
   370   35.150000              25600  9.6706574532332645E-01
   371   35.245000              25600  9.7117871321296823E-01
   372   35.340000              25600  9.7384945906897680E-01
   373   35.435000              25600  9.7491331769282208E-01
   374   35.530000              25600  9.7440269484539843E-01
   375   35.625000              25600  9.7250598332298743E-01
   376   35.720000              25600  9.6951160401500180E-01
   377   35.815000              25600  9.6574139049026508E-01
   378   35.910000              25600  9.6148408471718216E-01
   379   36.005000              25600  9.5695822235919592E-01
   380   36.100000              25600  9.5231369357193607E-01
   381   36.195000              25600  9.4763743940192013E-01
   382   36.290000              25600  9.4293004122034518E-01
   383   36.385000              25600  9.3807641626178895E-01
   384   36.480000              25600  9.3284673224459724E-01
   385   36.575000              25600  9.2693616675496093E-01
   386   36.670000              25600  9.2004111516551856E-01
   387   36.765000              25600  9.1194364672337636E-01
   388   36.860000              25600  9.0256792731513746E-01
   389   36.955000              25600  8.9200594027752478E-01
   390   37.050000              25600  8.8052045343647645E-01
   391   37.145000              25600  8.6851703670609126E-01
   392   37.240000              25600  8.5647988115416918E-01
   393   37.335000              25600  8.4488234292970810E-01
   394   37.430000              25600  8.3409997853039486E-01
   395   37.525000              25600  8.2435336643627610E-01
   396   37.620000              25600  8.1569610543466708E-01
   397   37.715000              25600  8.0805111191088863E-01
   398   37.810000              25600  8.0127394493827420E-01
   399   37.905000              25600  7.9520226841799180E-01
   400   38.000000              25600  7.8967447690256143E-01
   401   38.095000              25600  7.8454477375863796E-01
   402   38.190000              25600  7.7971746471111225E-01
   403   38.285000              25600  7.7518411261361098E-01
   404   38.380000              25600  7.7104508272937700E-01
   405   38.475000              25600  7.6751350992755529E-01
   406   38.570000              25600  7.6489666630371067E-01
   407   38.665000              25600  7.6355404968604423E-01
   408   38.760000              25600  7.6383997314861185E-01
   409   38.855000              25600  7.6603597111590283E-01
   410   38.950000              25600  7.7029036743366242E-01
   411   39.045000              25600  7.7659216926845742E-01
   412   39.140000              25600  7.8478388141330369E-01
   413   39.235000              25600  7.9460298097680460E-01
   414   39.330000              25600  8.0573601536138117E-01
   415   39.425000              25600  8.1786297068810820E-01
   416   39.520000              25600  8.3067523255922970E-01
   417   39.615000              25600  8.4386343357383664E-01
   418   39.710000              25600  8.5711140599349600E-01
   419   39.805000              25600  8.7011783216022598E-01
   420   39.900000              25600  8.8261168993032735E-01
   421   39.995000              25600  8.9435539584444612E-01
   422   40.090000              25600  9.0516050476862886E-01
