! Kinetic energy for species "electrons-down"
  Iter        Time          Total Par.             Kin. Energy
     0   0.0000000              25600  1.0648546860363970E+00
     1  0.95000000E-01          25600  1.0648550375984551E+00
     2  0.19000000              25600  1.0648560897022410E+00
     3  0.28500000              25600  1.0648578334785492E+00
     4  0.38000000              25600  1.0648602520179988E+00
     5  0.47500000              25600  1.0648633192551620E+00
     6  0.57000000              25600  1.0648669995851405E+00
     7  0.66500000              25600  1.0648712491427590E+00
     8  0.76000000              25600  1.0648760184876187E+00
     9  0.85500000              25600  1.0648812546183921E+00
    10  0.95000000              25600  1.0648869007346864E+00
    11   1.0450000              25600  1.0648928946983831E+00
    12   1.1400000              25600  1.0648991685081564E+00
    13   1.2350000              25600  1.0649056496417704E+00
    14   1.3300000              25600  1.0649122630253778E+00
    15   1.4250000              25600  1.0649189321484098E+00
    16   1.5200000              25600  1.0649255795062120E+00
    17   1.6150000              25600  1.0649321279972523E+00
    18   1.7100000              25600  1.0649385033606735E+00
    19   1.8050000              25600  1.0649446351094836E+00
    20   1.9000000              25600  1.0649504552254749E+00
    21   1.9950000              25600  1.0649558975648616E+00
    22   2.0900000              25600  1.0649608989406201E+00
    23   2.1850000              25600  1.0649653992888466E+00
    24   2.2800000              25600  1.0649693412046675E+00
    25   2.3750000              25600  1.0649726726198157E+00
    26   2.4700000              25600  1.0649753525013315E+00
    27   2.5650000              25600  1.0649773541791629E+00
    28   2.6600000              25600  1.0649786627631204E+00
    29   2.7550000              25600  1.0649792689034683E+00
    30   2.8500000              25600  1.0649791634627355E+00
    31   2.9450000              25600  1.0649783364878491E+00
    32   3.0400000              25600  1.0649767823770060E+00
    33   3.1350000              25600  1.0649745095085001E+00
    34   3.2300000              25600  1.0649715468305669E+00
    35   3.3250000              25600  1.0649679402538617E+00
    36   3.4200000              25600  1.0649637412397668E+00
    37   3.5150000              25600  1.0649589978893448E+00
    38   3.6100000              25600  1.0649537554922133E+00
    39   3.7050000              25600  1.0649480631367876E+00
    40   3.8000000              25600  1.0649419774286397E+00
    41   3.8950000              25600  1.0649355598868644E+00
    42   3.9900000              25600  1.0649288738314118E+00
    43   4.0850000              25600  1.0649219864894157E+00
    44   4.1800000              25600  1.0649149724554952E+00
    45   4.2750000              25600  1.0649079102640300E+00
    46   4.3700000              25600  1.0649008732712091E+00
    47   4.4650000              25600  1.0648939260428818E+00
    48   4.5600000              25600  1.0648871302944214E+00
    49   4.6550000              25600  1.0648805495553715E+00
    50   4.7500000              25600  1.0648742447037882E+00
    51   4.8450000              25600  1.0648682693501668E+00
    52   4.9400000              25600  1.0648626739969465E+00
    53   5.0350000              25600  1.0648575101595126E+00
    54   5.1300000              25600  1.0648528238626298E+00
    55   5.2250000              25600  1.0648486465325955E+00
    56   5.3200000              25600  1.0648449963252977E+00
    57   5.4150000              25600  1.0648418857372206E+00
    58   5.5100000              25600  1.0648393215226064E+00
    59   5.6050000              25600  1.0648372942578739E+00
    60   5.7000000              25600  1.0648357689916979E+00
    61   5.7950000              25600  1.0648346882196056E+00
    62   5.8900000              25600  1.0648339858301161E+00
    63   5.9850000              25600  1.0648335995546636E+00
    64   6.0800000              25600  1.0648334723061668E+00
    65   6.1750000              25600  1.0648335459785356E+00
    66   6.2700000              25600  1.0648337568258848E+00
    67   6.3650000              25600  1.0648340315465772E+00
    68   6.4600000              25600  1.0648342749998769E+00
    69   6.5550000              25600  1.0648343521541457E+00
    70   6.6500000              25600  1.0648340828671965E+00
    71   6.7450000              25600  1.0648332597976773E+00
    72   6.8400000              25600  1.0648316762002352E+00
    73   6.9350000              25600  1.0648291436833723E+00
    74   7.0300000              25600  1.0648254911150197E+00
    75   7.1250000              25600  1.0648205457302542E+00
    76   7.2200000              25600  1.0648141054217479E+00
    77   7.3150000              25600  1.0648059180356355E+00
    78   7.4100000              25600  1.0647956793889986E+00
    79   7.5050000              25600  1.0647830503535565E+00
    80   7.6000000              25600  1.0647676847125997E+00
    81   7.6950000              25600  1.0647492501452096E+00
    82   7.7900000              25600  1.0647274203618540E+00
    83   7.8850000              25600  1.0647018371724342E+00
    84   7.9800000              25600  1.0646720753357566E+00
    85   8.0750000              25600  1.0646376427830129E+00
    86   8.1700000              25600  1.0645980047032859E+00
    87   8.2650000              25600  1.0645525902599040E+00
    88   8.3600000              25600  1.0645007686620498E+00
    89   8.4550000              25600  1.0644418266949529E+00
    90   8.5500000              25600  1.0643749789317982E+00
    91   8.6450000              25600  1.0642994004520909E+00
    92   8.7400000              25600  1.0642142443297447E+00
    93   8.8350000              25600  1.0641186166993060E+00
    94   8.9300000              25600  1.0640115145081381E+00
    95   9.0250000              25600  1.0638917599426172E+00
    96   9.1200000              25600  1.0637579679379352E+00
    97   9.2150000              25600  1.0636085533982307E+00
    98   9.3100000              25600  1.0634417550237261E+00
    99   9.4050000              25600  1.0632556543049463E+00
   100   9.5000000              25600  1.0630481816335642E+00
   101   9.5950000              25600  1.0628171037891385E+00
   102   9.6900000              25600  1.0625599937123256E+00
   103   9.7850000              25600  1.0622742003760126E+00
   104   9.8800000              25600  1.0619568393773777E+00
   105   9.9750000              25600  1.0616048067406485E+00
   106   10.070000              25600  1.0612147970012371E+00
   107   10.165000              25600  1.0607832935735759E+00
   108   10.260000              25600  1.0603065148405728E+00
   109   10.355000              25600  1.0597803536256314E+00
   110   10.450000              25600  1.0592003889379267E+00
   111   10.545000              25600  1.0585619956549932E+00
   112   10.640000              25600  1.0578604674504202E+00
   113   10.735000              25600  1.0570910458068512E+00
   114   10.830000              25600  1.0562488572508260E+00
   115   10.925000              25600  1.0553288848311939E+00
   116   11.020000              25600  1.0543260827312038E+00
   117   11.115000              25600  1.0532356192872814E+00
   118   11.210000              25600  1.0520531409728036E+00
   119   11.305000              25600  1.0507749932980808E+00
   120   11.400000              25600  1.0493984530319906E+00
   121   11.495000              25600  1.0479219812284746E+00
   122   11.590000              25600  1.0463453578450581E+00
   123   11.685000              25600  1.0446696701016100E+00
   124   11.780000              25600  1.0428973440632427E+00
   125   11.875000              25600  1.0410322680074002E+00
   126   11.970000              25600  1.0390796895729060E+00
   127   12.065000              25600  1.0370457787925260E+00
   128   12.160000              25600  1.0349371896264481E+00
   129   12.255000              25600  1.0327607618278090E+00
   130   12.350000              25600  1.0305233117673382E+00
   131   12.445000              25600  1.0282312496030430E+00
   132   12.540000              25600  1.0258899813690017E+00
   133   12.635000              25600  1.0235036051166149E+00
   134   12.730000              25600  1.0210751981283948E+00
   135   12.825000              25600  1.0186075751701491E+00
   136   12.920000              25600  1.0161039271408867E+00
   137   13.015000              25600  1.0135680663155580E+00
   138   13.110000              25600  1.0110047699760207E+00
   139   13.205000              25600  1.0084204494489695E+00
   140   13.300000              25600  1.0058239810245344E+00
   141   13.395000              25600  1.0032272686239085E+00
   142   13.490000              25600  1.0006447919204282E+00
   143   13.585000              25600  9.9809237350414759E-01
   144   13.680000              25600  9.9558638079446982E-01
   145   13.775000              25600  9.9314375726453830E-01
   146   13.870000              25600  9.9078208004020918E-01
   147   13.965000              25600  9.8851844016476786E-01
   148   14.060000              25600  9.8636752951579632E-01
   149   14.155000              25600  9.8434065566257645E-01
   150   14.250000              25600  9.8244660546643092E-01
   151   14.345000              25600  9.8069464706161968E-01
   152   14.440000              25600  9.7909956248556340E-01
   153   14.535000              25600  9.7768706810502137E-01
   154   14.630000              25600  9.7649704516312297E-01
   155   14.725000              25600  9.7558456858217302E-01
   156   14.820000              25600  9.7501816210810399E-01
   157   14.915000              25600  9.7486888723103970E-01
   158   15.010000              25600  9.7519017692298404E-01
   159   15.105000              25600  9.7600309441195310E-01
   160   15.200000              25600  9.7729060072302476E-01
   161   15.295000              25600  9.7899299870650003E-01
   162   15.390000              25600  9.8101105625130902E-01
   163   15.485000              25600  9.8322139858329505E-01
   164   15.580000              25600  9.8549643623221206E-01
   165   15.675000              25600  9.8772336783043557E-01
   166   15.770000              25600  9.8981581182638800E-01
   167   15.865000              25600  9.9171298124800034E-01
   168   15.960000              25600  9.9337526419808553E-01
   169   16.055000              25600  9.9478213921016312E-01
   170   16.150000              25600  9.9592658078948904E-01
   171   16.245000              25600  9.9680624134790818E-01
   172   16.340000              25600  9.9741857385228605E-01
   173   16.435000              25600  9.9776100291949887E-01
   174   16.530000              25600  9.9783055314300340E-01
   175   16.625000              25600  9.9761938571112330E-01
   176   16.720000              25600  9.9710934459181977E-01
   177   16.815000              25600  9.9627316167540769E-01
   178   16.910000              25600  9.9508279755239237E-01
   179   17.005000              25600  9.9351560038347553E-01
   180   17.100000              25600  9.9155451091103597E-01
   181   17.195000              25600  9.8918935364131000E-01
   182   17.290000              25600  9.8642332296888346E-01
   183   17.385000              25600  9.8327990752286654E-01
   184   17.480000              25600  9.7980455243729647E-01
   185   17.575000              25600  9.7606121558003822E-01
   186   17.670000              25600  9.7212739148652494E-01
   187   17.765000              25600  9.6808991640933262E-01
   188   17.860000              25600  9.6404043347476165E-01
   189   17.955000              25600  9.6006930129799672E-01
   190   18.050000              25600  9.5626072383591876E-01
   191   18.145000              25600  9.5269113334619204E-01
   192   18.240000              25600  9.4942956340136098E-01
   193   18.335000              25600  9.4653643594491998E-01
   194   18.430000              25600  9.4405865625892860E-01
   195   18.525000              25600  9.4202680096689606E-01
   196   18.620000              25600  9.4046012315019878E-01
   197   18.715000              25600  9.3937346826268642E-01
   198   18.810000              25600  9.3877721630406086E-01
   199   18.905000              25600  9.3867148446508897E-01
   200   19.000000              25600  9.3904247585577583E-01
   201   19.095000              25600  9.3986419731575721E-01
   202   19.190000              25600  9.4110164645321248E-01
   203   19.285000              25600  9.4271128780431146E-01
   204   19.380000              25600  9.4464322170149506E-01
   205   19.475000              25600  9.4684684939607322E-01
   206   19.570000              25600  9.4927314034051336E-01
   207   19.665000              25600  9.5187268368900846E-01
   208   19.760000              25600  9.5459375118098877E-01
   209   19.855000              25600  9.5738091730251729E-01
   210   19.950000              25600  9.6017471508350494E-01
   211   20.045000              25600  9.6291292968774811E-01
   212   20.140000              25600  9.6553172160264600E-01
   213   20.235000              25600  9.6796719694329547E-01
   214   20.330000              25600  9.7015936234941502E-01
   215   20.425000              25600  9.7205547153595273E-01
   216   20.520000              25600  9.7361199952465249E-01
   217   20.615000              25600  9.7479979805765526E-01
   218   20.710000              25600  9.7560943842195336E-01
   219   20.805000              25600  9.7605023541425440E-01
   220   20.900000              25600  9.7614896670867135E-01
   221   20.995000              25600  9.7595499835695754E-01
   222   21.090000              25600  9.7554152200887334E-01
   223   21.185000              25600  9.7499269495740326E-01
   224   21.280000              25600  9.7438498651002126E-01
   225   21.375000              25600  9.7377352501001213E-01
   226   21.470000              25600  9.7318392885292448E-01
   227   21.565000              25600  9.7261153604822026E-01
   228   21.660000              25600  9.7202767648004362E-01
   229   21.755000              25600  9.7139159074349835E-01
   230   21.850000              25600  9.7066570468673552E-01
   231   21.945000              25600  9.6982130744321893E-01
   232   22.040000              25600  9.6883086350098369E-01
   233   22.135000              25600  9.6765988155452620E-01
   234   22.230000              25600  9.6626279831178896E-01
   235   22.325000              25600  9.6458113661565070E-01
   236   22.420000              25600  9.6254282277241532E-01
   237   22.515000              25600  9.6006454489149073E-01
   238   22.610000              25600  9.5706058750501399E-01
   239   22.705000              25600  9.5345719232338588E-01
   240   22.800000              25600  9.4920939731420284E-01
   241   22.895000              25600  9.4430494169791168E-01
   242   22.990000              25600  9.3874848478324702E-01
   243   23.085000              25600  9.3254633587960223E-01
   244   23.180000              25600  9.2570485995116891E-01
   245   23.275000              25600  9.1823207173237620E-01
   246   23.370000              25600  9.1013995658795221E-01
   247   23.465000              25600  9.0146044146543391E-01
   248   23.560000              25600  8.9226650373995631E-01
   249   23.655000              25600  8.8267101602495979E-01
   250   23.750000              25600  8.7280582499352222E-01
   251   23.845000              25600  8.6280175753950106E-01
   252   23.940000              25600  8.5277432043296975E-01
   253   24.035000              25600  8.4282142998189047E-01
   254   24.130000              25600  8.3303676770611323E-01
   255   24.225000              25600  8.2351884626800298E-01
   256   24.320000              25600  8.1436791206723136E-01
   257   24.415000              25600  8.0568691366061707E-01
   258   24.510000              25600  7.9758785096425266E-01
   259   24.605000              25600  7.9019390067701023E-01
   260   24.700000              25600  7.8363160576769020E-01
   261   24.795000              25600  7.7801217516718979E-01
   262   24.890000              25600  7.7341794059806668E-01
   263   24.985000              25600  7.6991000034734491E-01
   264   25.080000              25600  7.6753989763979957E-01
   265   25.175000              25600  7.6635308949851610E-01
   266   25.270000              25600  7.6639368441316258E-01
   267   25.365000              25600  7.6770636113682666E-01
   268   25.460000              25600  7.7032508465427219E-01
   269   25.555000              25600  7.7425961530848797E-01
   270   25.650000              25600  7.7949170260028899E-01
   271   25.745000              25600  7.8597604771126961E-01
   272   25.840000              25600  7.9364157320294515E-01
   273   25.935000              25600  8.0239234284983862E-01
   274   26.030000              25600  8.1210819674292667E-01
   275   26.125000              25600  8.2264803685789989E-01
   276   26.220000              25600  8.3387005625423716E-01
   277   26.315000              25600  8.4566428574478414E-01
   278   26.410000              25600  8.5796213491662410E-01
   279   26.505000              25600  8.7070862202862731E-01
   280   26.600000              25600  8.8382710654318375E-01
   281   26.695000              25600  8.9719874968924485E-01
   282   26.790000              25600  9.1065521548911688E-01
   283   26.885000              25600  9.2399842622984096E-01
   284   26.980000              25600  9.3704828099456305E-01
   285   27.075000              25600  9.4967325641383893E-01
   286   27.170000              25600  9.6176585373833778E-01
   287   27.265000              25600  9.7318435254055879E-01
   288   27.360000              25600  9.8371980391199254E-01
   289   27.455000              25600  9.9311982186038739E-01
   290   27.550000              25600  1.0011259734944549E+00
   291   27.645000              25600  1.0074837827493925E+00
   292   27.740000              25600  1.0119509482169735E+00
   293   27.835000              25600  1.0143577516800661E+00
   294   27.930000              25600  1.0147217192229030E+00
   295   28.025000              25600  1.0133179067673455E+00
   296   28.120000              25600  1.0105907703891002E+00
   297   28.215000              25600  1.0069125628418905E+00
   298   28.310000              25600  1.0023735919185635E+00
   299   28.405000              25600  9.9679314400831398E-01
   300   28.500000              25600  9.8991277412035883E-01
   301   28.595000              25600  9.8158411166654436E-01
   302   28.690000              25600  9.7183779990647623E-01
   303   28.785000              25600  9.6084655748293724E-01
   304   28.880000              25600  9.4885612847732625E-01
   305   28.975000              25600  9.3614695909522994E-01
   306   29.070000              25600  9.2301800920168187E-01
   307   29.165000              25600  9.0976821815174957E-01
   308   29.260000              25600  8.9667893159501366E-01
   309   29.355000              25600  8.8399414121112430E-01
   310   29.450000              25600  8.7189170864118237E-01
   311   29.545000              25600  8.6047829299127376E-01
   312   29.640000              25600  8.4982875124251722E-01
   313   29.735000              25600  8.4001235346753178E-01
   314   29.830000              25600  8.3108769277579631E-01
   315   29.925000              25600  8.2309682041610999E-01
   316   30.020000              25600  8.1605323732175949E-01
   317   30.115000              25600  8.0993471382804183E-01
   318   30.210000              25600  8.0470365782386710E-01
   319   30.305000              25600  8.0033500364024779E-01
   320   30.400000              25600  7.9681910176603465E-01
   321   30.495000              25600  7.9413555988084628E-01
   322   30.590000              25600  7.9223052247483916E-01
   323   30.685000              25600  7.9101904272698342E-01
   324   30.780000              25600  7.9040174779715999E-01
   325   30.875000              25600  7.9028892812930374E-01
   326   30.970000              25600  7.9062124459370675E-01
   327   31.065000              25600  7.9136788378102618E-01
   328   31.160000              25600  7.9250104435394753E-01
   329   31.255000              25600  7.9397341290091905E-01
   330   31.350000              25600  7.9571302262388854E-01
   331   31.445000              25600  7.9762831645551890E-01
   332   31.540000              25600  7.9961442852389375E-01
   333   31.635000              25600  8.0155949749726130E-01
   334   31.730000              25600  8.0335510902460627E-01
   335   31.825000              25600  8.0491199749114251E-01
   336   31.920000              25600  8.0616828014597597E-01
   337   32.015000              25600  8.0708550216783326E-01
   338   32.110000              25600  8.0765232415813915E-01
   339   32.205000              25600  8.0789044953067823E-01
   340   32.300000              25600  8.0784256036206892E-01
   341   32.395000              25600  8.0754870874864493E-01
   342   32.490000              25600  8.0702889117658883E-01
   343   32.585000              25600  8.0627051663000937E-01
   344   32.680000              25600  8.0522836549375265E-01
   345   32.775000              25600  8.0385522426889877E-01
   346   32.870000              25600  8.0214870293229779E-01
   347   32.965000              25600  8.0017786931738544E-01
   348   33.060000              25600  7.9807681629536642E-01
   349   33.155000              25600  7.9602204444195990E-01
   350   33.250000              25600  7.9421378452886549E-01
   351   33.345000              25600  7.9286890250385156E-01
   352   33.440000              25600  7.9221098874117124E-01
   353   33.535000              25600  7.9244287133466740E-01
   354   33.630000              25600  7.9371804214142105E-01
   355   33.725000              25600  7.9613914143511166E-01
   356   33.820000              25600  7.9977471706531433E-01
   357   33.915000              25600  8.0466791195087617E-01
   358   34.010000              25600  8.1083013261994019E-01
   359   34.105000              25600  8.1822501695315586E-01
   360   34.200000              25600  8.2675796335541407E-01
   361   34.295000              25600  8.3627844070208712E-01
   362   34.390000              25600  8.4657507822052391E-01
   363   34.485000              25600  8.5735489470927884E-01
   364   34.580000              25600  8.6824523627280081E-01
   365   34.675000              25600  8.7885224304960619E-01
   366   34.770000              25600  8.8882972722007958E-01
   367   34.865000              25600  8.9789436658290667E-01
   368   34.960000              25600  9.0582288684931500E-01
   369   35.055000              25600  9.1248976930519132E-01
   370   35.150000              25600  9.1788279796865835E-01
   371   35.245000              25600  9.2203046359270069E-01
   372   35.340000              25600  9.2491064844560977E-01
   373   35.435000              25600  9.2644113012461349E-01
   374   35.530000              25600  9.2656435219248867E-01
   375   35.625000              25600  9.2533551536569136E-01
   376   35.720000              25600  9.2292439796057690E-01
   377   35.815000              25600  9.1956062781826287E-01
   378   35.910000              25600  9.1549939595545871E-01
   379   36.005000              25600  9.1100988501370028E-01
   380   36.100000              25600  9.0635736273587697E-01
   381   36.195000              25600  9.0177952092368518E-01
   382   36.290000              25600  8.9748499461339781E-01
   383   36.385000              25600  8.9368577030676666E-01
   384   36.480000              25600  8.9062553536687239E-01
   385   36.575000              25600  8.8855459894399669E-01
   386   36.670000              25600  8.8764911379439793E-01
   387   36.765000              25600  8.8794487698263036E-01
   388   36.860000              25600  8.8935851715145930E-01
   389   36.955000              25600  8.9177826365163104E-01
   390   37.050000              25600  8.9514746428784930E-01
   391   37.145000              25600  8.9949080399256309E-01
   392   37.240000              25600  9.0488733904099372E-01
   393   37.335000              25600  9.1142624602471523E-01
   394   37.430000              25600  9.1917105391481946E-01
   395   37.525000              25600  9.2811972079684057E-01
   396   37.620000              25600  9.3815530463947550E-01
   397   37.715000              25600  9.4901929864140233E-01
   398   37.810000              25600  9.6033682624817229E-01
   399   37.905000              25600  9.7169371381421965E-01
   400   38.000000              25600  9.8272505499592755E-01
   401   38.095000              25600  9.9315674882497762E-01
   402   38.190000              25600  1.0027791750344996E+00
   403   38.285000              25600  1.0114033786945089E+00
   404   38.380000              25600  1.0188628958604724E+00
   405   38.475000              25600  1.0250556388634979E+00
   406   38.570000              25600  1.0299755747280144E+00
   407   38.665000              25600  1.0337108489291329E+00
   408   38.760000              25600  1.0364069286946296E+00
   409   38.855000              25600  1.0382001073430109E+00
   410   38.950000              25600  1.0391368831811081E+00
   411   39.045000              25600  1.0391060867630069E+00
   412   39.140000              25600  1.0378262875684963E+00
   413   39.235000              25600  1.0349082736624888E+00
   414   39.330000              25600  1.0299668381105527E+00
   415   39.425000              25600  1.0227298716082860E+00
   416   39.520000              25600  1.0131089741423536E+00
   417   39.615000              25600  1.0012344679648231E+00
   418   39.710000              25600  9.8746635906639590E-01
   419   39.805000              25600  9.7236725976294780E-01
   420   39.900000              25600  9.5661015026674234E-01
   421   39.995000              25600  9.4084160008078710E-01
   422   40.090000              25600  9.2556349643226410E-01
