! EM field energy per field component
  Iter        Time                          B1                      B2                      B3                      E1                      E2                      E3
     0   0.0000000      0.0000000000000000E+00  0.0000000000000000E+00  0.0000000000000000E+00  0.0000000000000000E+00  0.0000000000000000E+00  0.0000000000000000E+00
     1  0.95000000E-01  0.0000000000000000E+00  5.0887425778139373E-11  5.0007962286046187E-11  4.8318946499103042E-10  6.4706781445410247E-10  5.7858093249070151E-10
     2  0.19000000      0.0000000000000000E+00  5.6241470209378611E-10  5.5800448483460964E-10  1.9054026678804677E-09  1.9722329517299809E-09  1.6152022348092597E-09
     3  0.28500000      0.0000000000000000E+00  1.7138062058962471E-09  1.7129715139664365E-09  4.1902661290368249E-09  3.4299442977241995E-09  2.3663907090998730E-09
     4  0.38000000      0.0000000000000000E+00  3.1360383761913247E-09  3.2404364690854168E-09  7.2179792393880367E-09  5.0337724949261569E-09  2.7483682042853621E-09
     5  0.47500000      0.0000000000000000E+00  4.4501768637098754E-09  5.1427973944611143E-09  1.0831885769068812E-08  6.5541157052745585E-09  2.8706433763353832E-09
     6  0.57000000      0.0000000000000000E+00  5.3764041741321170E-09  7.5616086114975833E-09  1.4847041595401457E-08  7.7580210794627506E-09  2.9536946865420918E-09
     7  0.66500000      0.0000000000000000E+00  5.8187456736211018E-09  1.0416080910145148E-08  1.9060273693101922E-08  8.7035392077028978E-09  3.1236781453886446E-09
     8  0.76000000      0.0000000000000000E+00  5.8904113131222168E-09  1.3505219500781005E-08  2.3261186616509502E-08  9.4987557399884530E-09  3.2908380184168756E-09
     9  0.85500000      0.0000000000000000E+00  5.6736452688228310E-09  1.6741271745694552E-08  2.7243522311015121E-08  1.0004288484320609E-08  3.4571405522650787E-09
    10  0.95000000      0.0000000000000000E+00  5.2654324109710793E-09  1.9955970616925708E-08  3.0816161305636511E-08  1.0175241669491775E-08  3.6163331643108059E-09
    11   1.0450000      0.0000000000000000E+00  4.7415942258931975E-09  2.2880412086073466E-08  3.3813174776195227E-08  1.0232675206801182E-08  3.8024484429475538E-09
    12   1.1400000      0.0000000000000000E+00  4.2015238782592101E-09  2.5591946689228649E-08  3.6102385159184584E-08  1.0162743956539840E-08  4.0121644573425110E-09
    13   1.2350000      0.0000000000000000E+00  3.8491536081999022E-09  2.8359227296385860E-08  3.7591960915867421E-08  9.9339117791035018E-09  4.0416077829696976E-09
    14   1.3300000      0.0000000000000000E+00  3.7745720653672439E-09  3.1379489078911601E-08  3.8234665937227398E-08  9.6824063766061055E-09  3.7824695042437595E-09
    15   1.4250000      0.0000000000000000E+00  3.9789129814679911E-09  3.4747592558503069E-08  3.8029544262158303E-08  9.5232827196991221E-09  3.1912776689888316E-09
    16   1.5200000      0.0000000000000000E+00  4.2856418247261758E-09  3.8445644058149505E-08  3.7021044717956156E-08  9.4645242019037872E-09  2.4651035399800072E-09
    17   1.6150000      0.0000000000000000E+00  4.4086144589846914E-09  4.2532409909306626E-08  3.5295633181823582E-08  9.2082026701907290E-09  1.9814996090023688E-09
    18   1.7100000      0.0000000000000000E+00  4.3181249231785242E-09  4.7028503193512870E-08  3.2976098111620984E-08  8.6520672722522845E-09  1.8064678600818252E-09
    19   1.8050000      0.0000000000000000E+00  4.1830105937281985E-09  5.2152373110190019E-08  3.0213892554808824E-08  7.9126523560946819E-09  1.7597245364810014E-09
    20   1.9000000      0.0000000000000000E+00  4.1426997441945484E-09  5.8455152258743126E-08  2.7179981556398658E-08  7.1506784400343065E-09  1.7323894753049626E-09
    21   1.9950000      0.0000000000000000E+00  4.3465748092312547E-09  6.6392607627237196E-08  2.4054774311883858E-08  6.7257225615062008E-09  1.6051694820146119E-09
    22   2.0900000      0.0000000000000000E+00  4.7758566671722636E-09  7.6243405561670793E-08  2.1017746928717216E-08  6.6680582690480514E-09  1.4433302815764981E-09
    23   2.1850000      0.0000000000000000E+00  5.2386623482978886E-09  8.7903764234321747E-08  1.8237328471987158E-08  6.6541448979086974E-09  1.4235981677600524E-09
    24   2.2800000      0.0000000000000000E+00  5.5103599735340345E-09  1.0073888147616647E-07  1.5861621391720566E-08  6.4373749240179753E-09  1.6886957024742129E-09
    25   2.3750000      0.0000000000000000E+00  5.5637754987767949E-09  1.1390182497168298E-07  1.4010523448045157E-08  6.0181392575150883E-09  2.1671913039359411E-09
    26   2.4700000      0.0000000000000000E+00  5.6465882954077202E-09  1.2682860234838210E-07  1.2769622158219372E-08  5.6209011251105352E-09  2.4794270302088501E-09
    27   2.5650000      0.0000000000000000E+00  5.7384109644267794E-09  1.3977280193792751E-07  1.2186204199838789E-08  5.2821425733179879E-09  2.5986843720325736E-09
    28   2.6600000      0.0000000000000000E+00  5.5633163916946135E-09  1.5354959197122936E-07  1.2267653571181676E-08  5.0564843849467162E-09  2.8073157412023982E-09
    29   2.7550000      0.0000000000000000E+00  5.1228413071454877E-09  1.6889111952097392E-07  1.2982223095909797E-08  5.2100447208459351E-09  3.0365583008331330E-09
    30   2.8500000      0.0000000000000000E+00  4.5249110250499122E-09  1.8609182997401402E-07  1.4262080544563925E-08  5.7054898598182942E-09  3.1664220825211515E-09
    31   2.9450000      0.0000000000000000E+00  3.8288431585572268E-09  2.0460108821852131E-07  1.6008373459413330E-08  6.3000927850870221E-09  3.2452443820886500E-09
    32   3.0400000      0.0000000000000000E+00  3.1852071941933930E-09  2.2335202749483190E-07  1.8098025868791615E-08  6.9387046524526512E-09  3.2591342406327571E-09
    33   3.1350000      0.0000000000000000E+00  2.6563352565268600E-09  2.4213329334094589E-07  2.0391844695811548E-08  7.6126354148734896E-09  3.3222400098126346E-09
    34   3.2300000      0.0000000000000000E+00  2.3014115566150666E-09  2.6238876260167410E-07  2.2743361777886031E-08  8.1091874784945583E-09  3.4628899648799583E-09
    35   3.3250000      0.0000000000000000E+00  2.2116126856434934E-09  2.8604511673811522E-07  2.5007895685305599E-08  8.5394558911673813E-09  3.5424086387413145E-09
    36   3.4200000      0.0000000000000000E+00  2.3717245014396458E-09  3.1405124866801535E-07  2.7051294366379426E-08  9.4280158219025666E-09  3.4824107676051857E-09
    37   3.5150000      0.0000000000000000E+00  2.7360324669050042E-09  3.4640280441619148E-07  2.8757813319208686E-08  1.0802950077496528E-08  3.2148346131278873E-09
    38   3.6100000      0.0000000000000000E+00  3.1529721111067621E-09  3.8269189881788379E-07  3.0036664322928457E-08  1.2346010734834033E-08  2.8442801778490670E-09
    39   3.7050000      0.0000000000000000E+00  3.4501879629728988E-09  4.2294217572255129E-07  3.0826859033607409E-08  1.3914933587241834E-08  2.5468214250137396E-09
    40   3.8000000      0.0000000000000000E+00  3.5953748440498107E-09  4.6825122413147277E-07  3.1100117226493687E-08  1.5427194181829289E-08  2.3209303264637609E-09
    41   3.8950000      0.0000000000000000E+00  3.5537258426995366E-09  5.2009400624498847E-07  3.0861679776121674E-08  1.6888185225595415E-08  2.2010360142287664E-09
    42   3.9900000      0.0000000000000000E+00  3.4164720346744854E-09  5.7911157166948408E-07  3.0149032461142132E-08  1.8329420497553188E-08  2.0847215872682336E-09
    43   4.0850000      0.0000000000000000E+00  3.2596082612616756E-09  6.4470360251168910E-07  2.9028619453522913E-08  1.9832001474283955E-08  1.9114060101027767E-09
    44   4.1800000      0.0000000000000000E+00  2.9415739624529401E-09  7.1605415456349496E-07  2.7590794712795727E-08  2.1421342985069225E-08  1.9483622449782878E-09
    45   4.2750000      0.0000000000000000E+00  2.5931242659494144E-09  7.9333243717173902E-07  2.5943422178397634E-08  2.3120238849553619E-08  2.1490872669808728E-09
    46   4.3700000      0.0000000000000000E+00  2.5928412512446813E-09  8.7778448279658559E-07  2.4204512482883253E-08  2.5027941793285751E-08  2.1673195785779236E-09
    47   4.4650000      0.0000000000000000E+00  3.0062967070839256E-09  9.7098355611980875E-07  2.2494333389954632E-08  2.6977678411680047E-08  2.0240838877476104E-09
    48   4.5600000      0.0000000000000000E+00  3.6479861639840159E-09  1.0739029193644835E-06  2.0927548346483858E-08  2.8700443883347769E-08  1.9408396259354503E-09
    49   4.6550000      0.0000000000000000E+00  4.2922111881526577E-09  1.1869246589704354E-06  1.9605907290242107E-08  3.0080315278849764E-08  2.0597605827055320E-09
    50   4.7500000      0.0000000000000000E+00  4.7649627273850100E-09  1.3102622878289446E-06  1.8611860634411832E-08  3.1305299018561742E-08  2.3747989086510148E-09
    51   4.8450000      0.0000000000000000E+00  5.0303182717954472E-09  1.4439422557327575E-06  1.8003535620467980E-08  3.2914957064661427E-08  2.6974781883266637E-09
    52   4.9400000      0.0000000000000000E+00  5.1031720610217372E-09  1.5881523768432915E-06  1.7811358366419731E-08  3.5093400858371605E-08  2.9199900133298658E-09
    53   5.0350000      0.0000000000000000E+00  5.1260442727738646E-09  1.7438648830517761E-06  1.8036525253550034E-08  3.7804203914712925E-08  2.9260241292565464E-09
    54   5.1300000      0.0000000000000000E+00  5.1407752494935841E-09  1.9138628818571791E-06  1.8651401898064814E-08  4.1178897852363939E-08  2.8112662652905598E-09
    55   5.2250000      0.0000000000000000E+00  4.9924081812767763E-09  2.1031023410987244E-06  1.9601776692311507E-08  4.5333264921227923E-08  2.8942697663619734E-09
    56   5.3200000      0.0000000000000000E+00  4.6768232986458336E-09  2.3169933774570437E-06  2.0810864779621023E-08  5.0349667733363575E-08  3.2024999394802648E-09
    57   5.4150000      0.0000000000000000E+00  4.3348065605725486E-09  2.5591126813461793E-06  2.2184711660927087E-08  5.6146085845637231E-08  3.5142199791553032E-09
    58   5.5100000      0.0000000000000000E+00  4.0748095552617651E-09  2.8304809697815104E-06  2.3618675487035891E-08  6.2540288366641284E-08  3.6499720779083548E-09
    59   5.6050000      0.0000000000000000E+00  3.9845778571625504E-09  3.1313180773572753E-06  2.5004573675176862E-08  6.9101117068879123E-08  3.4776344287987375E-09
    60   5.7000000      0.0000000000000000E+00  3.9960081899763014E-09  3.4631874480632212E-06  2.6237985189981931E-08  7.5410827795465337E-08  3.1110605595873653E-09
    61   5.7950000      0.0000000000000000E+00  3.9955857715921736E-09  3.8294889554413781E-06  2.7225218665216515E-08  8.1609401351188541E-08  2.7398559352483526E-09
    62   5.8900000      0.0000000000000000E+00  3.9529213790646043E-09  4.2346562494149118E-06  2.7889546920752681E-08  8.7701771700930421E-08  2.4372316855068944E-09
    63   5.9850000      0.0000000000000000E+00  3.8667729038578856E-09  4.6821008467479169E-06  2.8176331749634849E-08  9.3463961635391839E-08  2.2584983057661403E-09
    64   6.0800000      0.0000000000000000E+00  3.8393196661061866E-09  5.1728917712092620E-06  2.8056697962995629E-08  9.9277868400871413E-08  2.1097018612663803E-09
    65   6.1750000      0.0000000000000000E+00  3.8523933089687372E-09  5.7075080402127378E-06  2.7529544962888750E-08  1.0587613989289461E-07  2.0579312820204197E-09
    66   6.2700000      0.0000000000000000E+00  3.8326438783465880E-09  6.2886667130104425E-06  2.6621692602365048E-08  1.1372368926114853E-07  2.2066535461048573E-09
    67   6.3650000      0.0000000000000000E+00  3.7707429769579736E-09  6.9223352007224949E-06  2.5386228833027055E-08  1.2319602642758814E-07  2.5383587934895198E-09
    68   6.4600000      0.0000000000000000E+00  3.7503889586723919E-09  7.6172941323011890E-06  2.3899180454377651E-08  1.3487464867692776E-07  2.9273433346184522E-09
    69   6.5550000      0.0000000000000000E+00  4.1789496689563147E-09  8.3850475829436246E-06  2.2254725916711183E-08  1.4890844756634127E-07  2.8453051191678068E-09
    70   6.6500000      0.0000000000000000E+00  5.2250570591424456E-09  9.2389985634560188E-06  2.0559215880466371E-08  1.6525633611832779E-07  1.9761563659184263E-09
    71   6.7450000      0.0000000000000000E+00  6.0504319970822122E-09  1.0192574030831423E-05  1.8924385028819901E-08  1.8452563404974287E-07  1.2560583084756517E-09
    72   6.8400000      0.0000000000000000E+00  6.0202482205379657E-09  1.1258304294896389E-05  1.7460187233327791E-08  2.0674098190342779E-07  1.3643458003304595E-09
    73   6.9350000      0.0000000000000000E+00  5.3570762565562392E-09  1.2446943553457442E-05  1.6267732935063772E-08  2.3106533945769121E-07  2.0062019497045561E-09
    74   7.0300000      0.0000000000000000E+00  4.4819359614238890E-09  1.3767196646194256E-05  1.5432823035160516E-08  2.5702181795446556E-07  2.7576488554586777E-09
    75   7.1250000      0.0000000000000000E+00  3.7831680636763376E-09  1.5227517107258552E-05  1.5020417791362840E-08  2.8442440949956109E-07  3.2260337084659415E-09
    76   7.2200000      0.0000000000000000E+00  3.4014396271486679E-09  1.6837842278246008E-05  1.5070324452913317E-08  3.1318207748140770E-07  3.2990156807510079E-09
    77   7.3150000      0.0000000000000000E+00  3.2150830525103850E-09  1.8610402319278630E-05  1.5594513709715184E-08  3.4358286632127100E-07  3.1636879455429983E-09
    78   7.4100000      0.0000000000000000E+00  3.1322079737173163E-09  2.0560645419284339E-05  1.6576181221708737E-08  3.7645218320709139E-07  2.9540037024112537E-09
    79   7.5050000      0.0000000000000000E+00  3.1181169306901575E-09  2.2708362352705550E-05  1.7970538086237051E-08  4.1269452364569784E-07  2.7547952974381354E-09
    80   7.6000000      0.0000000000000000E+00  3.1740936705655220E-09  2.5077204494788931E-05  1.9707377820639986E-08  4.5297619595300067E-07  2.6136287728353666E-09
    81   7.6950000      0.0000000000000000E+00  3.2963391527584992E-09  2.7692127998217824E-05  2.1695255767751347E-08  4.9817394451132201E-07  2.5261842876136649E-09
    82   7.7900000      0.0000000000000000E+00  3.3321703803384394E-09  3.0577848396932618E-05  2.3826943700638368E-08  5.4923490473320554E-07  2.6336610723651780E-09
    83   7.8850000      0.0000000000000000E+00  3.2138523410857843E-09  3.3760219449245507E-05  2.5985837881333331E-08  6.0704520496352575E-07  2.9188876790981767E-09
    84   7.9800000      0.0000000000000000E+00  2.9713885105911312E-09  3.7269987248064635E-05  2.8052975742575579E-08  6.7267466164757873E-07  3.2944654154817318E-09
    85   8.0750000      0.0000000000000000E+00  2.8101871536406904E-09  4.1146357647365217E-05  2.9914197562994443E-08  7.4726036356499504E-07  3.5440066683558130E-09
    86   8.1700000      0.0000000000000000E+00  3.0257844034199547E-09  4.5437158234174440E-05  3.1467030120317559E-08  8.3188548093529789E-07  3.4019751866094265E-09
    87   8.2650000      0.0000000000000000E+00  3.6070746520158618E-09  5.0195840997700899E-05  3.2626840601317444E-08  9.2698452627808458E-07  2.9837479043471765E-09
    88   8.3600000      0.0000000000000000E+00  4.3015658364102009E-09  5.5477452191220799E-05  3.3331882124863971E-08  1.0323447758816643E-06  2.6042704593276777E-09
    89   8.4550000      0.0000000000000000E+00  4.8889653998822629E-09  6.1336580689269005E-05  3.3546924863676097E-08  1.1476478637796817E-06  2.3898150522530857E-09
    90   8.5500000      0.0000000000000000E+00  5.1706639011745535E-09  6.7828547844754250E-05  3.3265262248307283E-08  1.2726024027936740E-06  2.3823256917113234E-09
    91   8.6450000      0.0000000000000000E+00  5.1198417287672776E-09  7.5011893941014749E-05  3.2508994405917361E-08  1.4076484054888295E-06  2.4554916753270778E-09
    92   8.7400000      0.0000000000000000E+00  4.8864745877184952E-09  8.2951539506863716E-05  3.1327566533232064E-08  1.5540568843892239E-06  2.4041263093086424E-09
    93   8.8350000      0.0000000000000000E+00  4.6225531190744798E-09  9.1721628266778403E-05  2.9794674698344577E-08  1.7134366720266604E-06  2.1550672733152201E-09
    94   8.9300000      0.0000000000000000E+00  4.3452612489949664E-09  1.0140651231357826E-04  2.8003700498435702E-08  1.8876197724368069E-06  1.8301431559064650E-09
    95   9.0250000      0.0000000000000000E+00  3.9025064830937039E-09  1.1210022246088874E-04  2.6061952489297046E-08  2.0787526172239799E-06  1.7767672425085780E-09
    96   9.1200000      0.0000000000000000E+00  3.4337720413011198E-09  1.2390661580065926E-04  2.4084131863763732E-08  2.2896948660981297E-06  1.9467453737419818E-09
    97   9.2150000      0.0000000000000000E+00  3.2517337188954317E-09  1.3694309778697540E-04  2.2185426115849553E-08  2.5237607725109954E-06  2.0105818007274798E-09
    98   9.3100000      0.0000000000000000E+00  3.2971172420711056E-09  1.5134630927366149E-04  2.0474630030900454E-08  2.7842334303714048E-06  2.0371795300023959E-09
    99   9.4050000      0.0000000000000000E+00  3.4058393486726995E-09  1.6727429687215007E-04  1.9047650521539015E-08  3.0745230453856816E-06  2.1670673506762921E-09
   100   9.5000000      0.0000000000000000E+00  3.5734281427444220E-09  1.8490249746977943E-04  1.7981840940099071E-08  3.3978538796082389E-06  2.3439722318549194E-09
   101   9.5950000      0.0000000000000000E+00  3.7785578592092846E-09  2.0441602477601369E-04  1.7331548806404497E-08  3.7570294947165524E-06  2.5838609610304862E-09
   102   9.6900000      0.0000000000000000E+00  4.0555763185187821E-09  2.2600557514501683E-04  1.7125119013832320E-08  4.1551529763115507E-06  2.7994189321943247E-09
   103   9.7850000      0.0000000000000000E+00  4.3463043315105239E-09  2.4987352196825867E-04  1.7363464352177764E-08  4.5964242399669915E-06  2.9592464111102212E-09
   104   9.8800000      0.0000000000000000E+00  4.4514244449301150E-09  2.7624859441468912E-04  1.8020330891850362E-08  5.0859115770882751E-06  3.1812539911294834E-09
   105   9.9750000      0.0000000000000000E+00  4.2926128766294087E-09  3.0539923175816489E-04  1.9044256034160452E-08  5.6291874453717207E-06  3.4621515811469096E-09
   106   10.070000      0.0000000000000000E+00  3.9205217821614247E-09  3.3763729735433495E-04  2.0362062020753228E-08  6.2325558224355319E-06  3.7684341650607128E-09
   107   10.165000      0.0000000000000000E+00  3.5638621456467573E-09  3.7331321780432612E-04  2.1883652309159370E-08  6.9022449952367131E-06  3.9517671789293381E-09
   108   10.260000      0.0000000000000000E+00  3.4745453545313640E-09  4.1280815517715213E-04  2.3507796376569556E-08  7.6436115048813583E-06  3.8584541564779505E-09
   109   10.355000      0.0000000000000000E+00  3.6780698913625427E-09  4.5652900259854687E-04  2.5128532483168149E-08  8.4616924469947552E-06  3.5688708501746970E-09
   110   10.450000      0.0000000000000000E+00  4.1029961859770809E-09  5.0490981296514887E-04  2.6641873754926784E-08  9.3620193208258039E-06  3.1527081614695588E-09
   111   10.545000      0.0000000000000000E+00  4.5515330625154247E-09  5.5841899225779446E-04  2.7952403296658649E-08  1.0351609041252358E-05  2.7568771488581289E-09
   112   10.640000      0.0000000000000000E+00  4.8785987086749298E-09  6.1757068995362322E-04  2.8979206239987503E-08  1.1439689571200884E-05  2.4799677359089867E-09
   113   10.735000      0.0000000000000000E+00  5.2264802165740765E-09  6.8293875760415141E-04  2.9660987225401409E-08  1.2637980338681425E-05  2.0954328242039972E-09
   114   10.830000      0.0000000000000000E+00  5.5379037941917748E-09  7.5517074532096499E-04  2.9960000455812343E-08  1.3960354598161227E-05  1.6763366219000918E-09
   115   10.925000      0.0000000000000000E+00  5.5567904846407449E-09  8.3499819446950234E-04  2.9864411954514265E-08  1.5422067706371602E-05  1.5463270372325434E-09
   116   11.020000      0.0000000000000000E+00  5.3289997886300187E-09  9.2324095296873016E-04  2.9389183413417298E-08  1.7039351120456885E-05  1.6225380952151782E-09
   117   11.115000      0.0000000000000000E+00  5.0444493734610066E-09  1.0208081623858968E-03  2.8575371113141971E-08  1.8828790687416305E-05  1.6615407421990109E-09
   118   11.210000      0.0000000000000000E+00  4.7808291748736883E-09  1.1286989811692156E-03  2.7487832801858153E-08  2.0806990098232219E-05  1.5962684999973475E-09
   119   11.305000      0.0000000000000000E+00  4.5176376880986277E-09  1.2480024726922430E-03  2.6211524620672779E-08  2.2991034064420444E-05  1.5061572522451750E-09
   120   11.400000      0.0000000000000000E+00  4.1618096785399612E-09  1.3798946918449897E-03  2.4846767269891854E-08  2.5399711128926065E-05  1.5916177855635946E-09
   121   11.495000      0.0000000000000000E+00  3.7163063488375544E-09  1.5256375233165837E-03  2.3503552340487147E-08  2.8056037274234023E-05  1.9010205804117575E-09
   122   11.590000      0.0000000000000000E+00  3.2160555365779010E-09  1.6865948189478412E-03  2.2295466060019770E-08  3.0989039439411282E-05  2.4208511090695006E-09
   123   11.685000      0.0000000000000000E+00  2.7980512212766217E-09  1.8642767404712848E-03  2.1333321257405199E-08  3.4234094948519131E-05  2.9858568295720953E-09
   124   11.780000      0.0000000000000000E+00  2.6805263487630177E-09  2.0604021233065184E-03  2.0719037858757531E-08  3.7831838101295427E-05  3.2819426602188131E-09
   125   11.875000      0.0000000000000000E+00  2.7891350749456429E-09  2.2769491679367894E-03  2.0540095375772672E-08  4.1824670339002336E-05  3.3468593708899848E-09
   126   11.970000      0.0000000000000000E+00  2.8875750598023315E-09  2.5161649274913008E-03  2.0864944157696429E-08  4.6252604311620314E-05  3.4206676769880707E-09
   127   12.065000      0.0000000000000000E+00  2.8729049693243890E-09  2.7805297292823748E-03  2.1739556067146564E-08  5.1150429154518024E-05  3.6048797163098167E-09
   128   12.160000      0.0000000000000000E+00  2.7675296362050421E-09  3.0727020297317540E-03  2.3185423668660039E-08  5.6548171454440043E-05  3.8875586411731472E-09
   129   12.255000      0.0000000000000000E+00  2.7420149386738200E-09  3.3954817678829800E-03  2.5198734213058698E-08  6.2474726156663959E-05  4.0748371739716837E-09
   130   12.350000      0.0000000000000000E+00  2.9591807812884247E-09  3.7518203528652616E-03  2.7750856783110973E-08  6.8963212917921111E-05  3.9715001620602704E-09
   131   12.445000      0.0000000000000000E+00  3.4071748102158276E-09  4.1448837083829992E-03  3.0791120623647389E-08  7.6056945070614829E-05  3.6181393001041862E-09
   132   12.540000      0.0000000000000000E+00  4.0275951670250352E-09  4.5781549158336295E-03  3.4249922428360490E-08  8.3811707701184507E-05  3.0999939970436137E-09
   133   12.635000      0.0000000000000000E+00  4.6834549972497824E-09  5.0555414848380545E-03  3.8043638764595416E-08  9.2292456891586485E-05  2.6234899766103970E-09
   134   12.730000      0.0000000000000000E+00  5.3437676015143701E-09  5.5814391894910744E-03  4.2080527636407110E-08  1.0156772761753843E-04  2.2232398669111900E-09
   135   12.825000      0.0000000000000000E+00  5.9939550567449187E-09  6.1607191258681478E-03  4.6266818476862617E-08  1.1170432486353026E-04  1.8418984901346490E-09
   136   12.920000      0.0000000000000000E+00  6.4722975968551186E-09  6.7986452213903400E-03  5.0513332306753303E-08  1.2276503606460889E-04  1.5175882693117682E-09
   137   13.015000      0.0000000000000000E+00  6.5354593637392271E-09  7.5007763811942270E-03  5.4741134373598820E-08  1.3481198740459261E-04  1.3045671300847136E-09
   138   13.110000      0.0000000000000000E+00  5.7812276555224368E-09  8.2729277446305025E-03  5.8888776895697730E-08  1.4791466910490459E-04  1.5260835148532344E-09
   139   13.205000      0.0000000000000000E+00  4.2188834644440968E-09  9.1212384134577804E-03  6.2919090488989505E-08  1.6215715590414676E-04  2.2574179012057162E-09
   140   13.300000      0.0000000000000000E+00  2.8251382205085101E-09  1.0052326859202985E-02  6.6823928778412883E-08  1.7764027503474196E-04  2.5890322831782851E-09
   141   13.395000      0.0000000000000000E+00  2.2665037694728428E-09  1.1073457676200788E-02  7.0628171281179880E-08  1.9447916890353082E-04  2.0950848677655988E-09
   142   13.490000      0.0000000000000000E+00  2.2440169602931375E-09  1.2192643781874212E-02  7.4391202153926559E-08  2.1279403043047648E-04  1.4567873888163232E-09
   143   13.585000      0.0000000000000000E+00  2.3863390181802937E-09  1.3418648955395702E-02  7.8208714392437171E-08  2.3269526904611231E-04  1.2028816815101993E-09
   144   13.680000      0.0000000000000000E+00  2.4635979639354744E-09  1.4760903889711836E-02  8.2215106924671126E-08  2.5427034847349747E-04  1.5772468108430523E-09
   145   13.775000      0.0000000000000000E+00  2.5197757447097834E-09  1.6229378804621313E-02  8.6583602631399656E-08  2.7757484407622704E-04  2.3926877869471615E-09
   146   13.870000      0.0000000000000000E+00  2.7734375506878035E-09  1.7834453312397719E-02  9.1521802606366178E-08  3.0263018895056588E-04  3.2072786832062116E-09
   147   13.965000      0.0000000000000000E+00  3.2904274431225563E-09  1.9586810609879837E-02  9.7266970635448806E-08  3.2942799014408118E-04  3.7576973306638160E-09
   148   14.060000      0.0000000000000000E+00  3.9773787291078138E-09  2.1497365292556591E-02  1.0408435674835352E-07  3.5793767435416437E-04  3.9974503716924052E-09
   149   14.155000      0.0000000000000000E+00  4.6981979761267308E-09  2.3577217041246629E-02  1.1226110388706636E-07  3.8811192691154400E-04  3.9730844563440905E-09
   150   14.250000      0.0000000000000000E+00  5.3014123774758592E-09  2.5837618133280685E-02  1.2210059256521465E-07  4.1988902415824914E-04  3.8291426343650141E-09
   151   14.345000      0.0000000000000000E+00  5.7668521766255853E-09  2.8289948359386887E-02  1.3391990133119553E-07  4.5319391392592627E-04  3.5549028057079696E-09
   152   14.440000      0.0000000000000000E+00  6.0204090661121631E-09  3.0945687720333234E-02  1.4803119869282159E-07  4.8793791746037896E-04  3.2384287784979350E-09
   153   14.535000      0.0000000000000000E+00  5.9851805441103508E-09  3.3816364422970056E-02  1.6473763581192878E-07  5.2401619868960067E-04  2.9801273135054718E-09
   154   14.630000      0.0000000000000000E+00  5.6064312790036944E-09  3.6913447060812447E-02  1.8431166488373866E-07  5.6130174638609827E-04  2.8727911168327895E-09
   155   14.725000      0.0000000000000000E+00  4.8648033378149317E-09  4.0248166866904481E-02  2.0698167645509906E-07  5.9963671067456885E-04  3.0066081599856516E-09
   156   14.820000      0.0000000000000000E+00  4.0210637969216942E-09  4.3831279568951054E-02  2.3294174436769864E-07  6.3882101592033669E-04  3.1300129289975419E-09
   157   14.915000      0.0000000000000000E+00  3.3782760790744481E-09  4.7672799161987293E-02  2.6235576189246102E-07  6.7860245443260552E-04  2.9465629737728436E-09
   158   15.010000      0.0000000000000000E+00  2.9817491877092919E-09  5.1781754133776108E-02  2.9532391438163354E-07  7.1867058701195730E-04  2.4867681869816313E-09
   159   15.105000      0.0000000000000000E+00  2.7688144907765646E-09  5.6166008444437823E-02  3.3188413189589609E-07  7.5865591787108969E-04  1.9132554332489655E-09
   160   15.200000      0.0000000000000000E+00  2.6424301937574561E-09  6.0832118409844566E-02  3.7216327802529844E-07  7.9812930775732024E-04  1.4533235970470533E-09
   161   15.295000      0.0000000000000000E+00  2.5234882370366167E-09  6.5785116472256072E-02  4.1631926991035587E-07  8.3659686031240161E-04  1.3130522225126694E-09
   162   15.390000      0.0000000000000000E+00  2.4590959668811634E-09  7.1028124950389335E-02  4.6448174578085693E-07  8.7349916264438561E-04  1.4665924150354429E-09
   163   15.485000      0.0000000000000000E+00  2.5597478603724575E-09  7.6561843741806079E-02  5.1676009018101447E-07  9.0822211142750164E-04  1.7300549656942584E-09
   164   15.580000      0.0000000000000000E+00  2.9468030951870578E-09  8.2384084997787890E-02  5.7325739854514312E-07  9.4011551003548091E-04  1.8013970393443544E-09
   165   15.675000      0.0000000000000000E+00  3.3993405686372429E-09  8.8489502700201436E-02  6.3419647438461619E-07  9.6851621651021513E-04  1.7876598991602857E-09
   166   15.770000      0.0000000000000000E+00  3.5612072256613937E-09  9.4869459050804350E-02  6.9997948486644756E-07  9.9275469693411457E-04  2.0261754014289222E-09
   167   15.865000      0.0000000000000000E+00  3.5013754530072994E-09  1.0151183489749030E-01  7.7107881531773978E-07  1.0121719603423008E-03  2.3953274340727170E-09
   168   15.960000      0.0000000000000000E+00  3.4104228811903819E-09  1.0840067787178678E-01  8.4792751758172840E-07  1.0261442667424498E-03  2.7063129035530890E-09
   169   16.055000      0.0000000000000000E+00  3.3222260468169871E-09  1.1551575107828443E-01  9.3080053032536755E-07  1.0341304332665865E-03  3.0026357968808129E-09
   170   16.150000      0.0000000000000000E+00  3.3005106196318518E-09  1.2283217357879100E-01  1.0200951351674832E-06  1.0357213537267405E-03  3.2455719354019469E-09
   171   16.245000      0.0000000000000000E+00  3.3324110098198726E-09  1.3032024771157555E-01  1.1161808570638817E-06  1.0306669141749542E-03  3.4613035183783443E-09
   172   16.340000      0.0000000000000000E+00  3.4090936235915701E-09  1.3794536791595755E-01  1.2187243416368311E-06  1.0188794649398883E-03  3.6464012225003542E-09
   173   16.435000      0.0000000000000000E+00  3.6165982327445913E-09  1.4566790747875483E-01  1.3267490493555453E-06  1.0004531906373109E-03  3.6630558272516934E-09
   174   16.530000      0.0000000000000000E+00  3.9212613213422894E-09  1.5344311408463310E-01  1.4388489289121761E-06  9.7568858743082246E-04  3.5371161513666201E-09
   175   16.625000      0.0000000000000000E+00  4.2321901147330624E-09  1.6122115623719951E-01  1.5533951440145787E-06  9.4512307574557580E-04  3.3331017610085478E-09
   176   16.720000      0.0000000000000000E+00  4.4026223779272580E-09  1.6894748135852877E-01  1.6692224320357811E-06  9.0955386368713116E-04  3.1701226120719026E-09
   177   16.815000      0.0000000000000000E+00  4.3293828829744201E-09  1.7656354777769925E-01  1.7854105337969782E-06  8.7003768611101408E-04  3.1358386825105305E-09
   178   16.910000      0.0000000000000000E+00  4.1268630206053822E-09  1.8400797276773934E-01  1.9012406877457155E-06  8.2783796670297103E-04  3.0872540158935836E-09
   179   17.005000      0.0000000000000000E+00  3.9245537249489712E-09  1.9121808033652510E-01  2.0157356184689867E-06  7.8436200307880504E-04  2.9363916558799560E-09
   180   17.100000      0.0000000000000000E+00  3.8299558556343409E-09  1.9813157372166407E-01  2.1280009809300671E-06  7.4103913681901009E-04  2.6292565295375338E-09
   181   17.195000      0.0000000000000000E+00  3.8291300895030383E-09  2.0468803699686466E-01  2.2372581359911874E-06  6.9921673683989857E-04  2.1972070095338711E-09
   182   17.290000      0.0000000000000000E+00  3.6634910315881503E-09  2.1083028687067396E-01  2.3435615689158351E-06  6.6010024432487657E-04  1.9735824675658107E-09
   183   17.385000      0.0000000000000000E+00  3.3633316452757804E-09  2.1650585598737387E-01  2.4471055635518456E-06  6.2474711236599773E-04  1.9549513713716175E-09
   184   17.480000      0.0000000000000000E+00  3.2053421520961430E-09  2.2166886085805110E-01  2.5475232707014725E-06  5.9404600435194175E-04  1.8632214299957517E-09
   185   17.575000      0.0000000000000000E+00  3.1411054704263388E-09  2.2628165173451445E-01  2.6430697639136473E-06  5.6866516618726533E-04  1.8173039438780825E-09
   186   17.670000      0.0000000000000000E+00  2.9799279662054089E-09  2.3031529802872380E-01  2.7332186519156798E-06  5.4901737496206038E-04  2.0386910163529997E-09
   187   17.765000      0.0000000000000000E+00  2.7167194317940566E-09  2.3374869860359990E-01  2.8191576126991275E-06  5.3534456253026704E-04  2.4831292795975559E-09
   188   17.860000      0.0000000000000000E+00  2.5013081109287476E-09  2.3656728437765687E-01  2.9028059573145058E-06  5.2783091395276034E-04  2.9449623980451957E-09
   189   17.955000      0.0000000000000000E+00  2.5311024589554999E-09  2.3876249452864418E-01  2.9877613794387395E-06  5.2666095353004114E-04  3.1676948746962487E-09
   190   18.050000      0.0000000000000000E+00  2.8121816748982731E-09  2.4033211235564292E-01  3.0783348521466481E-06  5.3192267057731904E-04  3.1344016958957155E-09
   191   18.145000      0.0000000000000000E+00  3.2069328519917288E-09  2.4128056747674656E-01  3.1759388189558982E-06  5.4357866664041536E-04  2.9696006985929794E-09
   192   18.240000      0.0000000000000000E+00  3.5022053819371810E-09  2.4161859742831779E-01  3.2779457626663339E-06  5.6154536156160747E-04  2.8552378189998278E-09
   193   18.335000      0.0000000000000000E+00  3.4782713727148179E-09  2.4136282214963997E-01  3.3775263340500362E-06  5.8580004395263074E-04  3.0143436037386033E-09
   194   18.430000      0.0000000000000000E+00  3.2541786232826688E-09  2.4053580105069705E-01  3.4670592400698876E-06  6.1632024046388194E-04  3.2785681599895352E-09
   195   18.525000      0.0000000000000000E+00  3.0831901540445058E-09  2.3916626864417012E-01  3.5400390812823036E-06  6.5287817970515524E-04  3.3576606292882287E-09
   196   18.620000      0.0000000000000000E+00  3.0342039582314622E-09  2.3728903153748038E-01  3.5929942016232449E-06  6.9491167224459570E-04  3.2065731623676193E-09
   197   18.715000      0.0000000000000000E+00  3.0571059538627332E-09  2.3494448310690175E-01  3.6276598336882027E-06  7.4153111471165914E-04  2.9232019930499505E-09
   198   18.810000      0.0000000000000000E+00  3.0402961485070155E-09  2.3217856850994806E-01  3.6509774541310970E-06  7.9157819653056106E-04  2.7009095892897823E-09
   199   18.905000      0.0000000000000000E+00  2.9423719016472469E-09  2.2904358505278904E-01  3.6727963411906014E-06  8.4349980975785977E-04  2.6652610061476302E-09
   200   19.000000      0.0000000000000000E+00  2.8985954235878340E-09  2.2559867229100769E-01  3.7023786680381754E-06  8.9521280885732708E-04  2.6897190718487473E-09
   201   19.095000      0.0000000000000000E+00  3.0004412277928372E-09  2.2190873705391870E-01  3.7446732422539232E-06  9.4428665261085231E-04  2.6753124176695691E-09
   202   19.190000      0.0000000000000000E+00  3.2779669385826637E-09  2.1804195338247256E-01  3.7970455938957724E-06  9.8822838752492411E-04  2.5259933075829339E-09
   203   19.285000      0.0000000000000000E+00  3.6143996976842038E-09  2.1406711746527060E-01  3.8535893867932541E-06  1.0247866260160584E-03  2.3070172582668634E-09
   204   19.380000      0.0000000000000000E+00  3.8573022568540150E-09  2.1005220258334806E-01  3.9121109592470912E-06  1.0520608300630381E-03  2.1742575283158039E-09
   205   19.475000      0.0000000000000000E+00  4.0081040715077360E-09  2.0606376861514325E-01  3.9726289072665823E-06  1.0684625922089809E-03  2.1354406194190931E-09
   206   19.570000      0.0000000000000000E+00  4.1047719029460164E-09  2.0216588931553348E-01  4.0390708630207208E-06  1.0728454998767943E-03  2.1962902064082267E-09
   207   19.665000      0.0000000000000000E+00  4.3397101606467531E-09  1.9841813255201227E-01  4.1206565135294137E-06  1.0648763849300427E-03  2.1049412536395301E-09
   208   19.760000      0.0000000000000000E+00  4.6659938889392468E-09  1.9487304702957819E-01  4.2275845134041753E-06  1.0453278564324466E-03  1.7963277903724625E-09
   209   19.855000      0.0000000000000000E+00  4.4410379070098722E-09  1.9157409893553548E-01  4.3642070101654394E-06  1.0160919977270878E-03  1.9625725325766404E-09
   210   19.950000      0.0000000000000000E+00  3.5554560772491881E-09  1.8855425567841708E-01  4.5291093758142225E-06  9.7992883816561214E-04  2.7454349038920688E-09
   211   20.045000      0.0000000000000000E+00  2.8010755667227744E-09  1.8583513753690725E-01  4.7191647874356061E-06  9.4016990917206221E-04  3.2613348845574167E-09
   212   20.140000      0.0000000000000000E+00  2.6244014676219648E-09  1.8342728626179217E-01  4.9303775748735066E-06  9.0041560136164007E-04  3.1313244884303398E-09
   213   20.235000      0.0000000000000000E+00  2.9610464177067919E-09  1.8133161585596427E-01  5.1605453499246670E-06  8.6425685965922671E-04  2.4986808264348996E-09
   214   20.330000      0.0000000000000000E+00  3.4192540804095869E-09  1.7954178327689832E-01  5.4089706023715392E-06  8.3503999697433955E-04  1.8594234743648701E-09
   215   20.425000      0.0000000000000000E+00  3.5852556278395658E-09  1.7804701260182121E-01  5.6764462149223805E-06  8.1557149696927364E-04  1.7244460530002316E-09
   216   20.520000      0.0000000000000000E+00  3.4236152819136533E-09  1.7683493721449278E-01  5.9691342342274703E-06  8.0803170783381876E-04  2.1300910212656575E-09
   217   20.615000      0.0000000000000000E+00  3.1748767538728976E-09  1.7589455731325185E-01  6.2970771476257689E-06  8.1385101614791936E-04  2.7722296843799336E-09
   218   20.710000      0.0000000000000000E+00  3.0860222531732819E-09  1.7521882998670499E-01  6.6677373251205949E-06  8.3353123617846414E-04  3.3318583681706926E-09
   219   20.805000      0.0000000000000000E+00  3.2774188701605208E-09  1.7480629619921617E-01  7.0819709808006243E-06  8.6673267102855471E-04  3.5936855908759063E-09
   220   20.900000      0.0000000000000000E+00  3.6168680056891149E-09  1.7466166682833428E-01  7.5313630363035459E-06  9.1236558646537187E-04  3.6352258993510214E-09
   221   20.995000      0.0000000000000000E+00  3.9521167864879563E-09  1.7479515555685290E-01  7.9905068653151968E-06  9.6877601019667409E-04  3.5362079573569968E-09
   222   21.090000      0.0000000000000000E+00  4.1865778393505368E-09  1.7522014921694140E-01  8.4250669199770432E-06  1.0338879214585026E-03  3.3306232596714206E-09
   223   21.185000      0.0000000000000000E+00  4.2571831246091048E-09  1.7594934481535637E-01  8.8028831715060472E-06  1.1055457882306126E-03  3.0781399032845699E-09
   224   21.280000      0.0000000000000000E+00  4.1908081740955572E-09  1.7699063804404666E-01  9.0959976601265952E-06  1.1818842256538919E-03  2.7613157908129169E-09
   225   21.375000      0.0000000000000000E+00  3.8768393703617967E-09  1.7834464102523220E-01  9.2813557478995696E-06  1.2616299993711702E-03  2.6002133707702449E-09
   226   21.470000      0.0000000000000000E+00  3.2869813564191045E-09  1.8000435495429390E-01  9.3530456727654592E-06  1.3439047100198798E-03  2.7436686491361090E-09
   227   21.565000      0.0000000000000000E+00  2.6669870967520542E-09  1.8195448650538981E-01  9.3235199000189426E-06  1.4277238482143127E-03  2.9890387166826554E-09
   228   21.660000      0.0000000000000000E+00  2.2538882055279539E-09  1.8416868181549795E-01  9.2116593947388729E-06  1.5121887387572332E-03  3.0903954439151355E-09
   229   21.755000      0.0000000000000000E+00  2.1337245149620038E-09  1.8660726603141842E-01  9.0341860353862200E-06  1.5968244119928155E-03  2.9219949653962057E-09
   230   21.850000      0.0000000000000000E+00  2.2722672971532596E-09  1.8921920498961403E-01  8.8108836106790547E-06  1.6818161642674129E-03  2.4837886696964940E-09
   231   21.945000      0.0000000000000000E+00  2.4917161174905907E-09  1.9194881050290011E-01  8.5659114831473819E-06  1.7676959635538670E-03  2.0106456572012331E-09
   232   22.040000      0.0000000000000000E+00  2.6277425668811258E-09  1.9474350885988137E-01  8.3215200110968427E-06  1.8546242926540939E-03  1.7499737280095602E-09
   233   22.135000      0.0000000000000000E+00  2.6064997444969456E-09  1.9755827313395968E-01  8.1012991993649272E-06  1.9419667272907095E-03  1.8696185465848859E-09
   234   22.230000      0.0000000000000000E+00  2.6603386241201672E-09  2.0035641506397714E-01  7.9316147586952870E-06  2.0283535060192101E-03  2.1263841765300123E-09
   235   22.325000      0.0000000000000000E+00  3.0578917922163490E-09  2.0310994407043684E-01  7.8355295371559681E-06  2.1118088808617908E-03  2.1434010049456159E-09
   236   22.420000      0.0000000000000000E+00  3.5787111092376457E-09  2.0580080570916884E-01  7.8267916155498912E-06  2.1897724792135534E-03  2.0938980448479831E-09
   237   22.515000      0.0000000000000000E+00  3.9343688032403932E-09  2.0842193716802571E-01  7.9164014433304093E-06  2.2594904293449466E-03  2.1963051581099094E-09
   238   22.610000      0.0000000000000000E+00  4.0993243831525891E-09  2.1097819059689193E-01  8.1075714332757593E-06  2.3186473070211477E-03  2.3784122141815593E-09
   239   22.705000      0.0000000000000000E+00  4.0765807883087329E-09  2.1348728912010478E-01  8.3974824257618796E-06  2.3657463608976505E-03  2.6230464983640879E-09
   240   22.800000      0.0000000000000000E+00  3.9295646198737765E-09  2.1597780714261391E-01  8.7799665121768294E-06  2.4002207981576786E-03  2.8687219490316455E-09
   241   22.895000      0.0000000000000000E+00  3.7179185956820455E-09  2.1848166267909508E-01  9.2547289193386286E-06  2.4228704752967973E-03  3.0544712169924868E-09
   242   22.990000      0.0000000000000000E+00  3.3998138949125370E-09  2.2102554233863492E-01  9.8359103487311647E-06  2.4363930921186016E-03  3.2642309545215395E-09
   243   23.085000      0.0000000000000000E+00  3.0585658966486832E-09  2.2362821528734039E-01  1.0542480595056046E-05  2.4448307694199863E-03  3.4127830853040073E-09
   244   23.180000      0.0000000000000000E+00  2.7861574785293359E-09  2.2630367289776832E-01  1.1387966575308470E-05  2.4522535729761380E-03  3.4200030140219752E-09
   245   23.275000      0.0000000000000000E+00  2.6299008950831798E-09  2.2906315428832147E-01  1.2375475349765266E-05  2.4617535290105408E-03  3.2779072704403826E-09
   246   23.370000      0.0000000000000000E+00  2.6095301329150735E-09  2.3191180214506257E-01  1.3491503623711695E-05  2.4751018522637261E-03  3.0371851758325032E-09
   247   23.465000      0.0000000000000000E+00  2.6503835841336427E-09  2.3484266311895763E-01  1.4679492351354337E-05  2.4928817739547898E-03  2.8938804261239264E-09
   248   23.560000      0.0000000000000000E+00  2.7474173683123754E-09  2.3783362955713000E-01  1.5829679932035273E-05  2.5148970850656142E-03  2.8963953705377988E-09
   249   23.655000      0.0000000000000000E+00  2.9019875206584150E-09  2.4084984111744553E-01  1.6813514306185981E-05  2.5400091931424684E-03  3.0050113532867018E-09
   250   23.750000      0.0000000000000000E+00  3.1213755737608351E-09  2.4384883165286686E-01  1.7522418287793965E-05  2.5662338900260123E-03  3.1397333617144612E-09
   251   23.845000      0.0000000000000000E+00  3.5642371679606231E-09  2.4678627891106375E-01  1.7888250703144299E-05  2.5917078842158997E-03  3.0041615356183953E-09
   252   23.940000      0.0000000000000000E+00  4.1291481977014373E-09  2.4962261817507608E-01  1.7884566227396866E-05  2.6154970974434158E-03  2.6612606922145084E-09
   253   24.035000      0.0000000000000000E+00  4.5251944331616864E-09  2.5232842556738561E-01  1.7541170838395158E-05  2.6374898049457206E-03  2.4562505254837979E-09
   254   24.130000      0.0000000000000000E+00  4.7937163927372462E-09  2.5488618698358928E-01  1.6946387330361656E-05  2.6586591310752690E-03  2.3197900243057526E-09
   255   24.225000      0.0000000000000000E+00  5.0487762667968173E-09  2.5729046294612740E-01  1.6211547941014198E-05  2.6813996541550046E-03  2.0939936119892315E-09
   256   24.320000      0.0000000000000000E+00  5.1835159167180397E-09  2.5954854567581098E-01  1.5453999282212732E-05  2.7090258522452157E-03  1.8878986973194224E-09
   257   24.415000      0.0000000000000000E+00  5.0363551477454558E-09  2.6168149047352735E-01  1.4809158217822305E-05  2.7451533374835187E-03  1.8793840764012082E-09
   258   24.510000      0.0000000000000000E+00  4.5498716838176008E-09  2.6372407228230843E-01  1.4406228436577768E-05  2.7933972906439715E-03  2.1580648900303815E-09
   259   24.605000      0.0000000000000000E+00  3.8978492369790219E-09  2.6572079617713407E-01  1.4323949578776721E-05  2.8570795144795390E-03  2.5444409188637582E-09
   260   24.700000      0.0000000000000000E+00  3.3220972035568231E-09  2.6771799683934977E-01  1.4602009436073342E-05  2.9386314719250972E-03  2.7857555648931474E-09
   261   24.795000      0.0000000000000000E+00  2.9709985239020180E-09  2.6975510321350965E-01  1.5195340657145392E-05  3.0394308221104657E-03  2.7805432898635040E-09
   262   24.890000      0.0000000000000000E+00  2.9372645115003438E-09  2.7185824021428434E-01  1.5997727079476161E-05  3.1598199180942672E-03  2.5031553810140870E-09
   263   24.985000      0.0000000000000000E+00  3.0434784269925816E-09  2.7403736521837102E-01  1.6924669996628852E-05  3.2988581073650023E-03  2.2639287874108906E-09
   264   25.080000      0.0000000000000000E+00  3.0409943508993513E-09  2.7628475118773582E-01  1.7917858300766060E-05  3.4546723297144339E-03  2.3702600333453020E-09
   265   25.175000      0.0000000000000000E+00  2.8938350789242587E-09  2.7857481114163052E-01  1.8974581940962881E-05  3.6254310894918182E-03  2.7793857763374710E-09
   266   25.270000      0.0000000000000000E+00  2.7129618432014578E-09  2.8086784126338687E-01  2.0149115799884303E-05  3.8094342580981379E-03  3.2895100589695939E-09
   267   25.365000      0.0000000000000000E+00  2.6912533242114607E-09  2.8311643000363196E-01  2.1475188899420052E-05  4.0047582980956573E-03  3.6409308762603317E-09
   268   25.460000      0.0000000000000000E+00  2.9027332652500144E-09  2.8527138254901646E-01  2.2956941699728713E-05  4.2091857200366595E-03  3.7101108252193935E-09
   269   25.555000      0.0000000000000000E+00  3.1748376435949691E-09  2.8728559738861642E-01  2.4557112012355987E-05  4.4205017665113295E-03  3.6588901432631789E-09
   270   25.650000      0.0000000000000000E+00  3.3766372695700969E-09  2.8911720814373582E-01  2.6147297767996196E-05  4.6366955124608616E-03  3.6008800365949142E-09
   271   25.745000      0.0000000000000000E+00  3.5245319996745423E-09  2.9073385395407236E-01  2.7551490510369180E-05  4.8559537307884251E-03  3.5547626837428601E-09
   272   25.840000      0.0000000000000000E+00  3.7792876771180114E-09  2.9211654282841099E-01  2.8610064531557980E-05  5.0767660183632718E-03  3.4197312318011991E-09
   273   25.935000      0.0000000000000000E+00  4.2785975924139553E-09  2.9326060249531166E-01  2.9229164975669028E-05  5.2971803039848263E-03  3.0573093883803506E-09
   274   26.030000      0.0000000000000000E+00  4.8694122065157707E-09  2.9417303679091972E-01  2.9391016236579789E-05  5.5144393003379441E-03  2.5813729656811555E-09
   275   26.125000      0.0000000000000000E+00  5.2845924923789259E-09  2.9487084741234287E-01  2.9151114499980866E-05  5.7254834923976053E-03  2.1207076465631050E-09
   276   26.220000      0.0000000000000000E+00  5.1770233220864236E-09  2.9538455131326130E-01  2.8619153677832258E-05  5.9258062503060836E-03  1.9565893151908948E-09
   277   26.315000      0.0000000000000000E+00  4.5727353400659867E-09  2.9576033406475649E-01  2.7867101004468335E-05  6.1078649726282533E-03  2.1028732724884050E-09
   278   26.410000      0.0000000000000000E+00  4.1368863997060625E-09  2.9605498188338936E-01  2.6980808121121916E-05  6.2633637684221576E-03  1.9196253921600848E-09
   279   26.505000      0.0000000000000000E+00  4.0566310492302962E-09  2.9632936946823135E-01  2.6107316109584383E-05  6.3850089720487117E-03  1.3838151508448907E-09
   280   26.600000      0.0000000000000000E+00  3.7748289681358373E-09  2.9664511281230138E-01  2.5435600223975539E-05  6.4680973381362446E-03  1.3580193844624024E-09
   281   26.695000      0.0000000000000000E+00  3.2482412821232798E-09  2.9706442453292026E-01  2.5133252509023146E-05  6.5121289253450418E-03  1.9619226681688499E-09
   282   26.790000      0.0000000000000000E+00  2.8956037941710908E-09  2.9765193805754059E-01  2.5223596127045800E-05  6.5212698568761721E-03  2.7379305360742933E-09
   283   26.885000      0.0000000000000000E+00  3.0815345976070637E-09  2.9847640720153606E-01  2.5550922381976548E-05  6.5045089860571621E-03  3.2011691985946509E-09
   284   26.980000      0.0000000000000000E+00  3.8452399367729943E-09  2.9961157327714988E-01  2.5973916375939110E-05  6.4746727383928034E-03  3.1038793673658377E-09
   285   27.075000      0.0000000000000000E+00  4.7109438508050736E-09  3.0113572221730139E-01  2.6477796118981541E-05  6.4467323297025605E-03  2.7949065762354488E-09
   286   27.170000      0.0000000000000000E+00  5.1859012660497689E-09  3.0313032608517954E-01  2.7214547096609790E-05  6.4375599381704023E-03  2.7109420937263611E-09
   287   27.265000      0.0000000000000000E+00  5.1166287113695292E-09  3.0567802440263803E-01  2.8479549477567077E-05  6.4637445967382001E-03  3.0083812641091605E-09
   288   27.360000      0.0000000000000000E+00  4.6418897712198693E-09  3.0885695677563252E-01  3.0485083128315416E-05  6.5395066141397109E-03  3.5777291618483820E-09
   289   27.455000      0.0000000000000000E+00  4.0625769399899016E-09  3.1273247588231146E-01  3.3191598597946934E-05  6.6754926422061727E-03  4.1275145510939081E-09
   290   27.550000      0.0000000000000000E+00  3.6024103152434223E-09  3.1734947423698662E-01  3.6283037655387663E-05  6.8765052431075451E-03  4.4400485111587328E-09
   291   27.645000      0.0000000000000000E+00  3.3244295461446478E-09  3.2272488933403737E-01  3.9291874634616923E-05  7.1400743995699879E-03  4.4945125532143643E-09
   292   27.740000      0.0000000000000000E+00  3.2680419725423922E-09  3.2884044244006994E-01  4.1761026054066804E-05  7.4544493997118783E-03  4.2764666584476602E-09
   293   27.835000      0.0000000000000000E+00  3.3887582594468071E-09  3.3563492418932200E-01  4.3398509161038499E-05  7.7990529668375613E-03  3.8944163413348765E-09
   294   27.930000      0.0000000000000000E+00  3.7250951403869784E-09  3.4299795142021589E-01  4.4163723577199938E-05  8.1484455829181606E-03  3.3005930197147880E-09
   295   28.025000      0.0000000000000000E+00  4.1954945486133899E-09  3.5077341793556860E-01  4.4200883353244221E-05  8.4768461818387503E-03  2.5675228281056971E-09
   296   28.120000      0.0000000000000000E+00  4.5093531148394590E-09  3.5877693967719487E-01  4.3783559006507625E-05  8.7610849626653907E-03  2.0351909124807204E-09
   297   28.215000      0.0000000000000000E+00  4.5197705444445663E-09  3.6682138105310180E-01  4.3372053592265450E-05  8.9816489077759656E-03  1.8859752558153914E-09
   298   28.310000      0.0000000000000000E+00  4.2905584042170611E-09  3.7474074463189022E-01  4.3526507783767158E-05  9.1233581731728994E-03  2.0641093496887998E-09
   299   28.405000      0.0000000000000000E+00  3.9679291824468470E-09  3.8240400577161993E-01  4.4754201001717182E-05  9.1752035064365297E-03  2.4126975700032325E-09
   300   28.500000      0.0000000000000000E+00  3.7823671196131306E-09  3.8971174699825301E-01  4.7347735668863602E-05  9.1307558600066605E-03  2.6566143777177293E-09
   301   28.595000      0.0000000000000000E+00  3.9155922893924608E-09  3.9657860017376612E-01  5.1250251068570453E-05  8.9914152422926868E-03  2.6177932254019325E-09
   302   28.690000      0.0000000000000000E+00  4.3820768322995207E-09  4.0291701789580209E-01  5.6118861879865864E-05  8.7678428102877185E-03  2.3137369951651514E-09
   303   28.785000      0.0000000000000000E+00  4.8723423960978115E-09  4.0863186519413941E-01  6.1348947069738303E-05  8.4779373858360190E-03  2.1012701091342066E-09
   304   28.880000      0.0000000000000000E+00  5.0491035983244375E-09  4.1362458978825861E-01  6.6170978298411110E-05  8.1451732417506355E-03  2.3481721538709857E-09
   305   28.975000      0.0000000000000000E+00  5.0582489429093297E-09  4.1780557825510894E-01  6.9925524209582825E-05  7.7937236687269365E-03  2.7975065658989705E-09
   306   29.070000      0.0000000000000000E+00  5.0697860954193142E-09  4.2110683781295188E-01  7.2218632820372932E-05  7.4439247955310085E-03  3.1815611327366123E-09
   307   29.165000      0.0000000000000000E+00  5.0361483430017986E-09  4.2348764435302694E-01  7.2938027649538243E-05  7.1116277163782993E-03  3.5376504437396922E-09
   308   29.260000      0.0000000000000000E+00  5.0345263322689580E-09  4.2493318913972583E-01  7.2222632911383161E-05  6.8100824731608337E-03  3.7870090877062894E-09
   309   29.355000      0.0000000000000000E+00  5.1366791524407464E-09  4.2544580732209580E-01  7.0317380210210807E-05  6.5538101889249835E-03  3.8740001353374781E-09
   310   29.450000      0.0000000000000000E+00  5.2813302455456205E-09  4.2503221005343178E-01  6.7577403590989818E-05  6.3616298790723008E-03  3.8360056257421615E-09
   311   29.545000      0.0000000000000000E+00  5.3952993143675879E-09  4.2369513027959738E-01  6.4444298433079215E-05  6.2560481559135635E-03  3.6312810821877713E-09
   312   29.640000      0.0000000000000000E+00  5.3180865389756283E-09  4.2143291252496246E-01  6.1302288065093538E-05  6.2602670718770598E-03  3.3901109925097140E-09
   313   29.735000      0.0000000000000000E+00  4.9903165974418136E-09  4.1824711125343134E-01  5.8486380628025580E-05  6.3942617429912562E-03  3.2171234327069592E-09
   314   29.830000      0.0000000000000000E+00  4.4837349949105228E-09  4.1415629130719600E-01  5.6272404298489848E-05  6.6692699498220841E-03  3.1240757308948730E-09
   315   29.925000      0.0000000000000000E+00  3.9183461121836005E-09  4.0920943907591689E-01  5.4753544865366010E-05  7.0843588948474555E-03  3.0937799033970108E-09
   316   30.020000      0.0000000000000000E+00  3.5130258865029102E-09  4.0349623660146983E-01  5.3881162688855532E-05  7.6222609323250562E-03  2.9625867488898111E-09
   317   30.115000      0.0000000000000000E+00  3.3248021895946418E-09  3.9715052424002584E-01  5.3717460257618904E-05  8.2491690154051361E-03  2.7243051852586631E-09
   318   30.210000      0.0000000000000000E+00  3.2349717081916732E-09  3.9034480033787688E-01  5.4325590870388525E-05  8.9184690218855039E-03  2.5308791716422886E-09
   319   30.305000      0.0000000000000000E+00  3.1121477626363266E-09  3.8327938710603321E-01  5.5767983687898467E-05  9.5765122030476886E-03  2.5278333084113397E-09
   320   30.400000      0.0000000000000000E+00  2.8476001400723942E-09  3.7616809229834924E-01  5.8171265767463500E-05  1.0171256038951575E-02  2.8957041974681374E-09
   321   30.495000      0.0000000000000000E+00  2.7003606847975848E-09  3.6922003441235357E-01  6.1510080581750798E-05  1.0662219176197472E-02  3.3922224301369687E-09
   322   30.590000      0.0000000000000000E+00  3.0690824115440675E-09  3.6262262971545400E-01  6.5618615674459461E-05  1.1031785526532441E-02  3.5584688585040926E-09
   323   30.685000      0.0000000000000000E+00  3.8366386756004761E-09  3.5653472814337134E-01  7.0241548099891435E-05  1.1287344575855200E-02  3.4933197533921924E-09
   324   30.780000      0.0000000000000000E+00  4.6629215865885311E-09  3.5108508079706563E-01  7.5019942701942070E-05  1.1458211307504554E-02  3.4543442565931039E-09
   325   30.875000      0.0000000000000000E+00  5.3596189612448982E-09  3.4637004488523560E-01  7.9524919592936013E-05  1.1587099880015808E-02  3.4613792347498613E-09
   326   30.970000      0.0000000000000000E+00  5.7980601135785231E-09  3.4245032870561021E-01  8.3314285402196094E-05  1.1719402250541458E-02  3.4930115266127195E-09
   327   31.065000      0.0000000000000000E+00  5.9337743899724323E-09  3.3934994652951006E-01  8.5963902718833648E-05  1.1894969099780484E-02  3.5197967414610778E-09
   328   31.160000      0.0000000000000000E+00  5.7937936363532669E-09  3.3705972010272806E-01  8.7257343536158960E-05  1.2141846947797989E-02  3.5811252473347043E-09
   329   31.255000      0.0000000000000000E+00  5.4716063966656568E-09  3.3554216600627529E-01  8.7201621761326731E-05  1.2474708787221426E-02  3.7313867697047438E-09
   330   31.350000      0.0000000000000000E+00  5.1197118391472601E-09  3.3474182847929540E-01  8.6036997874771150E-05  1.2892838865949552E-02  3.8934099137060747E-09
   331   31.445000      0.0000000000000000E+00  4.8052091830357585E-09  3.3460371876113176E-01  8.4062193272061735E-05  1.3376352345211551E-02  4.0061591920171602E-09
   332   31.540000      0.0000000000000000E+00  4.6808584502158605E-09  3.3509148319859805E-01  8.1521250992179319E-05  1.3883998736047998E-02  3.8534660232892862E-09
   333   31.635000      0.0000000000000000E+00  4.8595950619273589E-09  3.3619851605468831E-01  7.8633368078148423E-05  1.4354891830907183E-02  3.3396392937466577E-09
   334   31.730000      0.0000000000000000E+00  5.2007204241280999E-09  3.3794925392544523E-01  7.5909305119716854E-05  1.4712640902125410E-02  2.7504508330910986E-09
   335   31.825000      0.0000000000000000E+00  5.5144519293400052E-09  3.4038691367686874E-01  7.4182814150221810E-05  1.4874794188149854E-02  2.3641046104888213E-09
   336   31.920000      0.0000000000000000E+00  5.6774128698606051E-09  3.4355029030247508E-01  7.4329098059841184E-05  1.4766086385012754E-02  2.3028817259973920E-09
   337   32.015000      0.0000000000000000E+00  5.7528744107849222E-09  3.4744817083348001E-01  7.6924855400623148E-05  1.4332952359865212E-02  2.4503437635797976E-09
   338   32.110000      0.0000000000000000E+00  5.9657479897211239E-09  3.5203626381153219E-01  8.1916802745297690E-05  1.3554793555534857E-02  2.5132695994512399E-09
   339   32.205000      0.0000000000000000E+00  6.3672453974106092E-09  3.5719849152501787E-01  8.8719825137541914E-05  1.2453338240634769E-02  2.4143410289557399E-09
   340   32.300000      0.0000000000000000E+00  6.8056743115506345E-09  3.6273997093858884E-01  9.6466797504774426E-05  1.1095841994567441E-02  2.2737387992128749E-09
   341   32.395000      0.0000000000000000E+00  7.0681289175063319E-09  3.6839798523546108E-01  1.0431124594967646E-04  9.5878945467121248E-03  2.2457871673072620E-09
   342   32.490000      0.0000000000000000E+00  7.0029077272185901E-09  3.7387108544622144E-01  1.1172568637778986E-04  8.0613070357739673E-03  2.4703868246528187E-09
   343   32.585000      0.0000000000000000E+00  6.7468500955920349E-09  3.7886220402530368E-01  1.1835346703241621E-04  6.6549240653647037E-03  2.7916417918548450E-09
   344   32.680000      0.0000000000000000E+00  6.4938296907204435E-09  3.8312809829444039E-01  1.2371844038377346E-04  5.4945306310609111E-03  3.0412422568874723E-09
   345   32.775000      0.0000000000000000E+00  6.3673736586567371E-09  3.8652293915726310E-01  1.2709183688737835E-04  4.6735182599002001E-03  3.0863900354163096E-09
   346   32.870000      0.0000000000000000E+00  6.2345187420360917E-09  3.8902096117431673E-01  1.2780759753864488E-04  4.2407455329439942E-03  3.0318570359887629E-09
   347   32.965000      0.0000000000000000E+00  5.6875462551387598E-09  3.9071069336802461E-01  1.2565385764427527E-04  4.1983717070182437E-03  3.3925401525571135E-09
   348   33.060000      0.0000000000000000E+00  4.9552494100232821E-09  3.9176407206239916E-01  1.2134582485534127E-04  4.5096549839881454E-03  3.9840366610560857E-09
   349   33.155000      0.0000000000000000E+00  4.7607969679661340E-09  3.9239548798735230E-01  1.1667250256503796E-04  5.1115991199771607E-03  3.9900106463423047E-09
   350   33.250000      0.0000000000000000E+00  5.0181084916514064E-09  3.9282575736473091E-01  1.1371413745604308E-04  5.9274008735408917E-03  3.5528889603023358E-09
   351   33.345000      0.0000000000000000E+00  5.1830612756119466E-09  3.9325849548862246E-01  1.1389654428174884E-04  6.8762785669089239E-03  3.3181099745203232E-09
   352   33.440000      0.0000000000000000E+00  5.0569034581448455E-09  3.9387351398460102E-01  1.1726364892154616E-04  7.8759407689031283E-03  3.5238800262499221E-09
   353   33.535000      0.0000000000000000E+00  4.7679720795515182E-09  3.9483054685609131E-01  1.2245418053110298E-04  8.8428667305106481E-03  4.0402607319132547E-09
   354   33.630000      0.0000000000000000E+00  4.7028966003265537E-09  3.9627017295089145E-01  1.2745548143465276E-04  9.7005799144354588E-03  4.3082644317296775E-09
   355   33.725000      0.0000000000000000E+00  5.0183828913300457E-09  3.9830362789747270E-01  1.3050056998789936E-04  1.0396909274048259E-02  4.0449355970565011E-09
   356   33.820000      0.0000000000000000E+00  5.5494503800656762E-09  4.0099437946209876E-01  1.3047190894608347E-04  1.0925816627353306E-02  3.4404230692305461E-09
   357   33.915000      0.0000000000000000E+00  6.0393639255289780E-09  4.0435152609733693E-01  1.2687172696014526E-04  1.1334924869321888E-02  2.8782077720422216E-09
   358   34.010000      0.0000000000000000E+00  6.2657924597359750E-09  4.0834768025007639E-01  1.1998788168239238E-04  1.1704357335024743E-02  2.6620625452437295E-09
   359   34.105000      0.0000000000000000E+00  6.1594381212071000E-09  4.1294393513939270E-01  1.1133205933930250E-04  1.2110800578945473E-02  2.8236370137986563E-09
   360   34.200000      0.0000000000000000E+00  5.8657173049416517E-09  4.1809839803375737E-01  1.0359767718656002E-04  1.2597852711309927E-02  3.0930939896270469E-09
   361   34.295000      0.0000000000000000E+00  5.5514269231447120E-09  4.2375511710464520E-01  9.9482163575754051E-05  1.3162925261772845E-02  3.2676960194297523E-09
   362   34.390000      0.0000000000000000E+00  5.3678519660787397E-09  4.2982816306758348E-01  1.0023117368779586E-04  1.3768204857515752E-02  3.2172506637933476E-09
   363   34.485000      0.0000000000000000E+00  5.2461874825004520E-09  4.3619503599474474E-01  1.0495470477865786E-04  1.4362429899537241E-02  3.1014942764366993E-09
   364   34.580000      0.0000000000000000E+00  5.1158666454813421E-09  4.4270148295666234E-01  1.1134733302555229E-04  1.4907710835956271E-02  3.0328210940742930E-09
   365   34.675000      0.0000000000000000E+00  5.1252317316593311E-09  4.4918539020932757E-01  1.1707548478762202E-04  1.5393177199052661E-02  2.8223861312829486E-09
   366   34.770000      0.0000000000000000E+00  5.3187349250031348E-09  4.5550882955583893E-01  1.2151995192390448E-04  1.5824291125396378E-02  2.4703605222974677E-09
   367   34.865000      0.0000000000000000E+00  5.5897413907385403E-09  4.6157017222455093E-01  1.2604765113892572E-04  1.6218848191840912E-02  2.1960443377194867E-09
   368   34.960000      0.0000000000000000E+00  5.7987783199725075E-09  4.6730120062364322E-01  1.3263881546155809E-04  1.6594587149551428E-02  2.1807423814693791E-09
   369   35.055000      0.0000000000000000E+00  5.7575924408898754E-09  4.7265302344327326E-01  1.4235472772915786E-04  1.6965979808674599E-02  2.5543377489380078E-09
   370   35.150000      0.0000000000000000E+00  5.4324847797735945E-09  4.7757746588723471E-01  1.5425193819803854E-04  1.7341775651276918E-02  3.2181799532711864E-09
   371   35.245000      0.0000000000000000E+00  5.0674209368063569E-09  4.8201883414951729E-01  1.6594888850110986E-04  1.7718724025818137E-02  3.8230308264559289E-09
   372   35.340000      0.0000000000000000E+00  5.0384614569094893E-09  4.8592089962478191E-01  1.7472901204529392E-04  1.8077600606701476E-02  3.9518140599918602E-09
   373   35.435000      0.0000000000000000E+00  5.4771252750692051E-09  4.8923491690001308E-01  1.7928506793070143E-04  1.8381133325801293E-02  3.4561638125853249E-09
   374   35.530000      0.0000000000000000E+00  5.9746176074409456E-09  4.9191268468704136E-01  1.8033498840758363E-04  1.8583405188670920E-02  2.8425244329841569E-09
   375   35.625000      0.0000000000000000E+00  6.2227150088071027E-09  4.9389423923523634E-01  1.7956619253313707E-04  1.8648366119570877E-02  2.4874865604190551E-09
   376   35.720000      0.0000000000000000E+00  6.2889295456599214E-09  4.9510964910828925E-01  1.7868624067926024E-04  1.8559240363386128E-02  2.3149054332513098E-09
   377   35.815000      0.0000000000000000E+00  6.1817561661891930E-09  4.9549811407380695E-01  1.7888329412228351E-04  1.8322093103008124E-02  2.3281538737160760E-09
   378   35.910000      0.0000000000000000E+00  5.8750918968112940E-09  4.9503905783863139E-01  1.8142557125690870E-04  1.7948886472755117E-02  2.5528475946160439E-09
   379   36.005000      0.0000000000000000E+00  5.4254865848603724E-09  4.9377344554800245E-01  1.8752803911541629E-04  1.7442874016990406E-02  2.9318312990613520E-09
   380   36.100000      0.0000000000000000E+00  4.9186365219285721E-09  4.9180646696758867E-01  1.9696041019250915E-04  1.6780030630952202E-02  3.4499537566557959E-09
   381   36.195000      0.0000000000000000E+00  4.5866907829321801E-09  4.8929928974315962E-01  2.0682819229027186E-04  1.5913870165446459E-02  3.9064660833257421E-09
   382   36.290000      0.0000000000000000E+00  4.5847582410805744E-09  4.8646522392479485E-01  2.1255392924251755E-04  1.4787972238563289E-02  4.1225042517854783E-09
   383   36.385000      0.0000000000000000E+00  4.8269189372509388E-09  4.8355580647081686E-01  2.1077087970054840E-04  1.3376314360856519E-02  4.1378122973932595E-09
   384   36.480000      0.0000000000000000E+00  5.1549147869722344E-09  4.8082271463863790E-01  2.0142678513868624E-04  1.1727641487685174E-02  4.0698025368913489E-09
   385   36.575000      0.0000000000000000E+00  5.4265736490291374E-09  4.7847476347481521E-01  1.8702920131979551E-04  9.9878503791635456E-03  4.1020642732566957E-09
   386   36.670000      0.0000000000000000E+00  5.6755418241992352E-09  4.7666299084960645E-01  1.7141036381744277E-04  8.3589763755648749E-03  4.2035056197939617E-09
   387   36.765000      0.0000000000000000E+00  5.9474726263414627E-09  4.7548111057034825E-01  1.5777541846029802E-04  7.0336496245910545E-03  4.2419812423389756E-09
   388   36.860000      0.0000000000000000E+00  6.1717473458359590E-09  4.7495946124410904E-01  1.4798953014096662E-04  6.1501591010130405E-03  4.1795149906332939E-09
   389   36.955000      0.0000000000000000E+00  6.3372876639923910E-09  4.7506610298247143E-01  1.4268207089549565E-04  5.7925997294669060E-03  3.9492073910283166E-09
   390   37.050000      0.0000000000000000E+00  6.3125573702025840E-09  4.7573400855362746E-01  1.4220325976465258E-04  5.9999460277176293E-03  3.7427633534747846E-09
   391   37.145000      0.0000000000000000E+00  5.9464079193302722E-09  4.7690086909908153E-01  1.4692248930517674E-04  6.7686951135717700E-03  3.8238556757732475E-09
   392   37.240000      0.0000000000000000E+00  5.4626556859171344E-09  4.7854034283495289E-01  1.5711577191385650E-04  8.0428388729747013E-03  3.9370386024676136E-09
   393   37.335000      0.0000000000000000E+00  5.0744731101002425E-09  4.8066745718143000E-01  1.7231048961554229E-04  9.7074289238083707E-03  3.8381476464523796E-09
   394   37.430000      0.0000000000000000E+00  4.7320878669577415E-09  4.8330882198058661E-01  1.9092280261327941E-04  1.1608006357586156E-02  3.6360208608531666E-09
   395   37.525000      0.0000000000000000E+00  4.4098497221236680E-09  4.8644088916191602E-01  2.1053149477407137E-04  1.3598347112636917E-02  3.4529450676233801E-09
   396   37.620000      0.0000000000000000E+00  4.2193459985083500E-09  4.8993222474779563E-01  2.2828777116009336E-04  1.5597810671939813E-02  3.2934940164017938E-09
   397   37.715000      0.0000000000000000E+00  4.3634720745619610E-09  4.9354721582493727E-01  2.4190049963429872E-04  1.7601370043388836E-02  3.0434647471836134E-09
   398   37.810000      0.0000000000000000E+00  4.9203298245075000E-09  4.9702547021568710E-01  2.5017217033038131E-04  1.9637335489127189E-02  2.6468294223367525E-09
   399   37.905000      0.0000000000000000E+00  5.6573613956830594E-09  5.0018842178797696E-01  2.5387648106819975E-04  2.1697861490965226E-02  2.2957627711168564E-09
   400   38.000000      0.0000000000000000E+00  6.2412997023370837E-09  5.0298264021962846E-01  2.5568061652820766E-04  2.3711372293026986E-02  2.1805195819741745E-09
   401   38.095000      0.0000000000000000E+00  6.3676580587344728E-09  5.0542371170657752E-01  2.5926866482929573E-04  2.5576001091938711E-02  2.4538981084738969E-09
   402   38.190000      0.0000000000000000E+00  5.9953454120359876E-09  5.0749127580878695E-01  2.6785022884379074E-04  2.7217210685468202E-02  3.0243883533351393E-09
   403   38.285000      0.0000000000000000E+00  5.4463668084043228E-09  5.0906501284662375E-01  2.8296098406603728E-04  2.8621919522881140E-02  3.4602375120870283E-09
   404   38.380000      0.0000000000000000E+00  4.9923153317370504E-09  5.0994285918078319E-01  3.0416663267616046E-04  2.9825212133646542E-02  3.5306630739582897E-09
   405   38.475000      0.0000000000000000E+00  4.7082939769667043E-09  5.0991055247910322E-01  3.2922881894490602E-04  3.0882418586725271E-02  3.3114529221710281E-09
   406   38.570000      0.0000000000000000E+00  4.5378139709663982E-09  5.0881803416262161E-01  3.5453731047547496E-04  3.1841977672698488E-02  3.0404723325035450E-09
   407   38.665000      0.0000000000000000E+00  4.3916059207291964E-09  5.0663427585728471E-01  3.7599741781100702E-04  3.2730518737843738E-02  2.9588566182749790E-09
   408   38.760000      0.0000000000000000E+00  4.2998437930206763E-09  5.0347355423660811E-01  3.8937758507641754E-04  3.3533632300983197E-02  3.0824439949528359E-09
   409   38.855000      0.0000000000000000E+00  4.3184817972764126E-09  4.9957623499117365E-01  3.9125008717544893E-04  3.4188172922914851E-02  3.2978895924059397E-09
   410   38.950000      0.0000000000000000E+00  4.4381440178044193E-09  4.9524849144247790E-01  3.8045041935558574E-04  3.4597654076125930E-02  3.5167136088430701E-09
   411   39.045000      0.0000000000000000E+00  4.6658224885119071E-09  4.9079454970338710E-01  3.5932692681811670E-04  3.4666201435495446E-02  3.6111363124462823E-09
   412   39.140000      0.0000000000000000E+00  4.9140634264215348E-09  4.8648287529558509E-01  3.3332240505056041E-04  3.4328608513408285E-02  3.6214946717950349E-09
   413   39.235000      0.0000000000000000E+00  5.1143039160279169E-09  4.8256110754238563E-01  3.0959189142045423E-04  3.3545692973765251E-02  3.5838880540706575E-09
   414   39.330000      0.0000000000000000E+00  5.2346644683037798E-09  4.7927038700821084E-01  2.9397177004876089E-04  3.2292629945598707E-02  3.5111656509431082E-09
   415   39.425000      0.0000000000000000E+00  5.3379322137960180E-09  4.7682060063242560E-01  2.8886165466039074E-04  3.0561941640342500E-02  3.3489164314553483E-09
   416   39.520000      0.0000000000000000E+00  5.6538034402566420E-09  4.7533046434977005E-01  2.9269104813469689E-04  2.8382777323971320E-02  2.8003183498784669E-09
   417   39.615000      0.0000000000000000E+00  5.9069396376934552E-09  4.7476660044193653E-01  3.0130687296966953E-04  2.5845242296119422E-02  2.1743513260736284E-09
   418   39.710000      0.0000000000000000E+00  5.5315497512487432E-09  4.7493895164576733E-01  3.1043679207416161E-04  2.3100695620237546E-02  2.1897497834192305E-09
   419   39.805000      0.0000000000000000E+00  4.7943945749516987E-09  4.7557490425139015E-01  3.1762963326439648E-04  2.0321393085576782E-02  2.5846874136598184E-09
   420   39.900000      0.0000000000000000E+00  4.3522025714899645E-09  4.7643017192439291E-01  3.2272455981390154E-04  1.7642034768438654E-02  2.6839167414818249E-09
   421   39.995000      0.0000000000000000E+00  4.3863240162701458E-09  4.7736235314683101E-01  3.2680713672329282E-04  1.5128503331771157E-02  2.4016942463227528E-09
   422   40.090000      0.0000000000000000E+00  4.7021124583357083E-09  4.7832672637028201E-01  3.3090572558754663E-04  1.2799750714717964E-02  1.9835058563228890E-09
