! Kinetic energy for species "electrons-down"
  Iter        Time          Total Par.             Kin. Energy
     0   0.0000000             230400  7.5653941435165795E-01
     1  0.95000000E-01         230400  7.5653962397963703E-01
     2  0.19000000             230400  7.5654025034859140E-01
     3  0.28500000             230400  7.5654128576225133E-01
     4  0.38000000             230400  7.5654271712551235E-01
     5  0.47500000             230400  7.5654452600726718E-01
     6  0.57000000             230400  7.5654668900653577E-01
     7  0.66500000             230400  7.5654917820556666E-01
     8  0.76000000             230400  7.5655196156864246E-01
     9  0.85500000             230400  7.5655500331078906E-01
    10  0.95000000             230400  7.5655826427758299E-01
    11   1.0450000             230400  7.5656170234839837E-01
    12   1.1400000             230400  7.5656527293120668E-01
    13   1.2350000             230400  7.5656892965837730E-01
    14   1.3300000             230400  7.5657262523778379E-01
    15   1.4250000             230400  7.5657631216373455E-01
    16   1.5200000             230400  7.5657994307940668E-01
    17   1.6150000             230400  7.5658347104939272E-01
    18   1.7100000             230400  7.5658685017684091E-01
    19   1.8050000             230400  7.5659003651426615E-01
    20   1.9000000             230400  7.5659298878519654E-01
    21   1.9950000             230400  7.5659566880187312E-01
    22   2.0900000             230400  7.5659804193773039E-01
    23   2.1850000             230400  7.5660007764707182E-01
    24   2.2800000             230400  7.5660174968826976E-01
    25   2.3750000             230400  7.5660303629471182E-01
    26   2.4700000             230400  7.5660392072338567E-01
    27   2.5650000             230400  7.5660439171581217E-01
    28   2.6600000             230400  7.5660444329738685E-01
    29   2.7550000             230400  7.5660407447720235E-01
    30   2.8500000             230400  7.5660328958789780E-01
    31   2.9450000             230400  7.5660209878760387E-01
    32   3.0400000             230400  7.5660051779038107E-01
    33   3.1350000             230400  7.5659856695183370E-01
    34   3.2300000             230400  7.5659627072636426E-01
    35   3.3250000             230400  7.5659365793577171E-01
    36   3.4200000             230400  7.5659076210537402E-01
    37   3.5150000             230400  7.5658762097003041E-01
    38   3.6100000             230400  7.5658427526257166E-01
    39   3.7050000             230400  7.5658076771107230E-01
    40   3.8000000             230400  7.5657714287017019E-01
    41   3.8950000             230400  7.5657344739050436E-01
    42   3.9900000             230400  7.5656972967743874E-01
    43   4.0850000             230400  7.5656603845428294E-01
    44   4.1800000             230400  7.5656242101235627E-01
    45   4.2750000             230400  7.5655892237324629E-01
    46   4.3700000             230400  7.5655558574911075E-01
    47   4.4650000             230400  7.5655245343459576E-01
    48   4.5600000             230400  7.5654956660071127E-01
    49   4.6550000             230400  7.5654696337908423E-01
    50   4.7500000             230400  7.5654467676085835E-01
    51   4.8450000             230400  7.5654273434987251E-01
    52   4.9400000             230400  7.5654115955282464E-01
    53   5.0350000             230400  7.5653997184577315E-01
    54   5.1300000             230400  7.5653918547765309E-01
    55   5.2250000             230400  7.5653880855055000E-01
    56   5.3200000             230400  7.5653884371941993E-01
    57   5.4150000             230400  7.5653928924884561E-01
    58   5.5100000             230400  7.5654013890241389E-01
    59   5.6050000             230400  7.5654138097534562E-01
    60   5.7000000             230400  7.5654299773308176E-01
    61   5.7950000             230400  7.5654496585692743E-01
    62   5.8900000             230400  7.5654725745233398E-01
    63   5.9850000             230400  7.5654984072011455E-01
    64   6.0800000             230400  7.5655268001372944E-01
    65   6.1750000             230400  7.5655573596005410E-01
    66   6.2700000             230400  7.5655896611156481E-01
    67   6.3650000             230400  7.5656232559035774E-01
    68   6.4600000             230400  7.5656576708353906E-01
    69   6.5550000             230400  7.5656924054370356E-01
    70   6.6500000             230400  7.5657269374093072E-01
    71   6.7450000             230400  7.5657607429353702E-01
    72   6.8400000             230400  7.5657933210694350E-01
    73   6.9350000             230400  7.5658242022029809E-01
    74   7.0300000             230400  7.5658529360115079E-01
    75   7.1250000             230400  7.5658790777666229E-01
    76   7.2200000             230400  7.5659021926549785E-01
    77   7.3150000             230400  7.5659218755831281E-01
    78   7.4100000             230400  7.5659377671207295E-01
    79   7.5050000             230400  7.5659495530326359E-01
    80   7.6000000             230400  7.5659569550586592E-01
    81   7.6950000             230400  7.5659597299266168E-01
    82   7.7900000             230400  7.5659576799876738E-01
    83   7.8850000             230400  7.5659506598157578E-01
    84   7.9800000             230400  7.5659385673475998E-01
    85   8.0750000             230400  7.5659213311464713E-01
    86   8.1700000             230400  7.5658989110685571E-01
    87   8.2650000             230400  7.5658713088455398E-01
    88   8.3600000             230400  7.5658385720456311E-01
    89   8.4550000             230400  7.5658007894542711E-01
    90   8.5500000             230400  7.5657580906842981E-01
    91   8.6450000             230400  7.5657106500667770E-01
    92   8.7400000             230400  7.5656586758614786E-01
    93   8.8350000             230400  7.5656023787410231E-01
    94   8.9300000             230400  7.5655419458037931E-01
    95   9.0250000             230400  7.5654775448731704E-01
    96   9.1200000             230400  7.5654093421889168E-01
    97   9.2150000             230400  7.5653374975190535E-01
    98   9.3100000             230400  7.5652621347875959E-01
    99   9.4050000             230400  7.5651833181172634E-01
   100   9.5000000             230400  7.5651010498478866E-01
   101   9.5950000             230400  7.5650152823756112E-01
   102   9.6900000             230400  7.5649259286712467E-01
   103   9.7850000             230400  7.5648328528712150E-01
   104   9.8800000             230400  7.5647358290693401E-01
   105   9.9750000             230400  7.5646344884509964E-01
   106   10.070000             230400  7.5645282947479076E-01
   107   10.165000             230400  7.5644165592138746E-01
   108   10.260000             230400  7.5642984662060808E-01
   109   10.355000             230400  7.5641730820450193E-01
   110   10.450000             230400  7.5640393494114588E-01
   111   10.545000             230400  7.5638960785458775E-01
   112   10.640000             230400  7.5637419279740659E-01
   113   10.735000             230400  7.5635753575378761E-01
   114   10.830000             230400  7.5633945593247687E-01
   115   10.925000             230400  7.5631974081486075E-01
   116   11.020000             230400  7.5629814725488220E-01
   117   11.115000             230400  7.5627440689104353E-01
   118   11.210000             230400  7.5624822892829546E-01
   119   11.305000             230400  7.5621929683393829E-01
   120   11.400000             230400  7.5618726365524402E-01
   121   11.495000             230400  7.5615175144694424E-01
   122   11.590000             230400  7.5611235208726257E-01
   123   11.685000             230400  7.5606862131364672E-01
   124   11.780000             230400  7.5602006336995409E-01
   125   11.875000             230400  7.5596611429208060E-01
   126   11.970000             230400  7.5590613572453225E-01
   127   12.065000             230400  7.5583942437395035E-01
   128   12.160000             230400  7.5576523125352191E-01
   129   12.255000             230400  7.5568277796234262E-01
   130   12.350000             230400  7.5559125796677584E-01
   131   12.445000             230400  7.5548981783821856E-01
   132   12.540000             230400  7.5537752278794712E-01
   133   12.635000             230400  7.5525331956253861E-01
   134   12.730000             230400  7.5511601561722252E-01
   135   12.825000             230400  7.5496429069157678E-01
   136   12.920000             230400  7.5479673880964704E-01
   137   13.015000             230400  7.5461191156214580E-01
   138   13.110000             230400  7.5440832300978067E-01
   139   13.205000             230400  7.5418440182018898E-01
   140   13.300000             230400  7.5393842048623427E-01
   141   13.395000             230400  7.5366845192788723E-01
   142   13.490000             230400  7.5337237768197118E-01
   143   13.585000             230400  7.5304792717854052E-01
   144   13.680000             230400  7.5269270901775442E-01
   145   13.775000             230400  7.5230421628173660E-01
   146   13.870000             230400  7.5187982254404462E-01
   147   13.965000             230400  7.5141679635627456E-01
   148   14.060000             230400  7.5091234249567518E-01
   149   14.155000             230400  7.5036364689544455E-01
   150   14.250000             230400  7.4976789204271177E-01
   151   14.345000             230400  7.4912223379167342E-01
   152   14.440000             230400  7.4842376811706801E-01
   153   14.535000             230400  7.4766953220188404E-01
   154   14.630000             230400  7.4685655958300967E-01
   155   14.725000             230400  7.4598196684580742E-01
   156   14.820000             230400  7.4504303113405101E-01
   157   14.915000             230400  7.4403723902969654E-01
   158   15.010000             230400  7.4296231935349077E-01
   159   15.105000             230400  7.4181627747478340E-01
   160   15.200000             230400  7.4059743505585751E-01
   161   15.295000             230400  7.3930449144679233E-01
   162   15.390000             230400  7.3793664178681695E-01
   163   15.485000             230400  7.3649374831989989E-01
   164   15.580000             230400  7.3497650231530587E-01
   165   15.675000             230400  7.3338650057965049E-01
   166   15.770000             230400  7.3172627766662712E-01
   167   15.865000             230400  7.2999940674085573E-01
   168   15.960000             230400  7.2821066601856810E-01
   169   16.055000             230400  7.2636618662964492E-01
   170   16.150000             230400  7.2447352177428814E-01
   171   16.245000             230400  7.2254169167176352E-01
   172   16.340000             230400  7.2058126287367075E-01
   173   16.435000             230400  7.1860439049823133E-01
   174   16.530000             230400  7.1662474567388834E-01
   175   16.625000             230400  7.1465731780372010E-01
   176   16.720000             230400  7.1271814965302638E-01
   177   16.815000             230400  7.1082394427478590E-01
   178   16.910000             230400  7.0899136387511796E-01
   179   17.005000             230400  7.0723594286694502E-01
   180   17.100000             230400  7.0557095644975698E-01
   181   17.195000             230400  7.0400660663575865E-01
   182   17.290000             230400  7.0254955139468944E-01
   183   17.385000             230400  7.0120267554644045E-01
   184   17.480000             230400  6.9996509907331550E-01
   185   17.575000             230400  6.9883272102572758E-01
   186   17.670000             230400  6.9779937020102423E-01
   187   17.765000             230400  6.9685813275177344E-01
   188   17.860000             230400  6.9600236989118813E-01
   189   17.955000             230400  6.9522629924393553E-01
   190   18.050000             230400  6.9452532129824474E-01
   191   18.145000             230400  6.9389646985873865E-01
   192   18.240000             230400  6.9333895569278092E-01
   193   18.335000             230400  6.9285424369719095E-01
   194   18.430000             230400  6.9244550512022207E-01
   195   18.525000             230400  6.9211695649286264E-01
   196   18.620000             230400  6.9187360376576434E-01
   197   18.715000             230400  6.9172113669254065E-01
   198   18.810000             230400  6.9166538072595174E-01
   199   18.905000             230400  6.9171143272440350E-01
   200   19.000000             230400  6.9186324021708301E-01
   201   19.095000             230400  6.9212370930690170E-01
   202   19.190000             230400  6.9249476045378744E-01
   203   19.285000             230400  6.9297733454744814E-01
   204   19.380000             230400  6.9357149120559425E-01
   205   19.475000             230400  6.9427641676117813E-01
   206   19.570000             230400  6.9509027098260179E-01
   207   19.665000             230400  6.9601006387775111E-01
   208   19.760000             230400  6.9703189357228479E-01
   209   19.855000             230400  6.9815139583427466E-01
   210   19.950000             230400  6.9936417343086188E-01
   211   20.045000             230400  7.0066617586654378E-01
   212   20.140000             230400  7.0205376085024029E-01
   213   20.235000             230400  7.0352315912086172E-01
   214   20.330000             230400  7.0506962445782695E-01
   215   20.425000             230400  7.0668693198691912E-01
   216   20.520000             230400  7.0836680084844827E-01
   217   20.615000             230400  7.1009741809984672E-01
   218   20.710000             230400  7.1186206690028397E-01
   219   20.805000             230400  7.1363927817295947E-01
   220   20.900000             230400  7.1540377663599197E-01
   221   20.995000             230400  7.1712707387912356E-01
   222   21.090000             230400  7.1877837068480455E-01
   223   21.185000             230400  7.2032674491827564E-01
   224   21.280000             230400  7.2174403948430066E-01
   225   21.375000             230400  7.2300663621879124E-01
   226   21.470000             230400  7.2409519466175387E-01
   227   21.565000             230400  7.2499387977662311E-01
   228   21.660000             230400  7.2569122534271080E-01
   229   21.755000             230400  7.2618215566175681E-01
   230   21.850000             230400  7.2646819092260140E-01
   231   21.945000             230400  7.2655453086846622E-01
   232   22.040000             230400  7.2644660932481164E-01
   233   22.135000             230400  7.2614914655048612E-01
   234   22.230000             230400  7.2566754243797693E-01
   235   22.325000             230400  7.2500917342110671E-01
   236   22.420000             230400  7.2418374945938635E-01
   237   22.515000             230400  7.2320340063729582E-01
   238   22.610000             230400  7.2208158776946718E-01
   239   22.705000             230400  7.2082988175046347E-01
   240   22.800000             230400  7.1945519795749346E-01
   241   22.895000             230400  7.1796106656530678E-01
   242   22.990000             230400  7.1635139023822503E-01
   243   23.085000             230400  7.1463160494214439E-01
   244   23.180000             230400  7.1280609973698406E-01
   245   23.275000             230400  7.1087675297126451E-01
   246   23.370000             230400  7.0884584605833467E-01
   247   23.465000             230400  7.0672056010608109E-01
   248   23.560000             230400  7.0451518243775857E-01
   249   23.655000             230400  7.0224995089887088E-01
   250   23.750000             230400  6.9994821312329569E-01
   251   23.845000             230400  6.9763449695035895E-01
   252   23.940000             230400  6.9533382941408162E-01
   253   24.035000             230400  6.9307109393443289E-01
   254   24.130000             230400  6.9086996292809677E-01
   255   24.225000             230400  6.8875123844369979E-01
   256   24.320000             230400  6.8673094739659024E-01
   257   24.415000             230400  6.8481908884044596E-01
   258   24.510000             230400  6.8301964200575949E-01
   259   24.605000             230400  6.8133171212383592E-01
   260   24.700000             230400  6.7975128121569850E-01
   261   24.795000             230400  6.7827366857485316E-01
   262   24.890000             230400  6.7689565623011039E-01
   263   24.985000             230400  6.7561536705803471E-01
   264   25.080000             230400  6.7443079403688588E-01
   265   25.175000             230400  6.7333876449044450E-01
   266   25.270000             230400  6.7233484487627948E-01
   267   25.365000             230400  6.7141374299693690E-01
   268   25.460000             230400  6.7056901927207768E-01
   269   25.555000             230400  6.6979291218645776E-01
   270   25.650000             230400  6.6907726818644353E-01
   271   25.745000             230400  6.6841346719589878E-01
   272   25.840000             230400  6.6779074825214679E-01
   273   25.935000             230400  6.6719570812245954E-01
   274   26.030000             230400  6.6661405814014651E-01
   275   26.125000             230400  6.6603093872756203E-01
   276   26.220000             230400  6.6542833814134661E-01
   277   26.315000             230400  6.6478449282398677E-01
   278   26.410000             230400  6.6407651050065630E-01
   279   26.505000             230400  6.6328144900483887E-01
   280   26.600000             230400  6.6237474378320549E-01
   281   26.695000             230400  6.6132912603600269E-01
   282   26.790000             230400  6.6011552186323263E-01
   283   26.885000             230400  6.5870503468910635E-01
   284   26.980000             230400  6.5706993530271962E-01
   285   27.075000             230400  6.5518270476030249E-01
   286   27.170000             230400  6.5301535776875985E-01
   287   27.265000             230400  6.5054141645324171E-01
   288   27.360000             230400  6.4773908312353212E-01
   289   27.455000             230400  6.4459391852481884E-01
   290   27.550000             230400  6.4110244586540932E-01
   291   27.645000             230400  6.3727720600289328E-01
   292   27.740000             230400  6.3315031864516724E-01
   293   27.835000             230400  6.2877419274718516E-01
   294   27.930000             230400  6.2422054866542698E-01
   295   28.025000             230400  6.1957698830575980E-01
   296   28.120000             230400  6.1493980813156179E-01
   297   28.215000             230400  6.1040412923938381E-01
   298   28.310000             230400  6.0605535532971222E-01
   299   28.405000             230400  6.0196502741576974E-01
   300   28.500000             230400  5.9819123103364835E-01
   301   28.595000             230400  5.9478331830315456E-01
   302   28.690000             230400  5.9178653262565528E-01
   303   28.785000             230400  5.8924209447823417E-01
   304   28.880000             230400  5.8718710086946402E-01
   305   28.975000             230400  5.8565789492383624E-01
   306   29.070000             230400  5.8469269416853131E-01
   307   29.165000             230400  5.8432914169206573E-01
   308   29.260000             230400  5.8459955887903781E-01
   309   29.355000             230400  5.8552865693591472E-01
   310   29.450000             230400  5.8713233965190792E-01
   311   29.545000             230400  5.8941692058240391E-01
   312   29.640000             230400  5.9237946098039973E-01
   313   29.735000             230400  5.9600652401305199E-01
   314   29.830000             230400  6.0027195900173258E-01
   315   29.925000             230400  6.0513643700861186E-01
   316   30.020000             230400  6.1054766173246477E-01
   317   30.115000             230400  6.1644004284843945E-01
   318   30.210000             230400  6.2273540726087095E-01
   319   30.305000             230400  6.2934510618963968E-01
   320   30.400000             230400  6.3617184732823662E-01
   321   30.495000             230400  6.4311300613428712E-01
   322   30.590000             230400  6.5006793475843572E-01
   323   30.685000             230400  6.5694533965268409E-01
   324   30.780000             230400  6.6366564487972912E-01
   325   30.875000             230400  6.7015927512030948E-01
   326   30.970000             230400  6.7636432878901931E-01
   327   31.065000             230400  6.8222441076486340E-01
   328   31.160000             230400  6.8768642559901449E-01
   329   31.255000             230400  6.9269960797485330E-01
   330   31.350000             230400  6.9721496525062454E-01
   331   31.445000             230400  7.0118459251618059E-01
   332   31.540000             230400  7.0456299625844154E-01
   333   31.635000             230400  7.0731038463163032E-01
   334   31.730000             230400  7.0939679943760847E-01
   335   31.825000             230400  7.1080695583752906E-01
   336   31.920000             230400  7.1154530202943889E-01
   337   32.015000             230400  7.1164150348389599E-01
   338   32.110000             230400  7.1115674984812727E-01
   339   32.205000             230400  7.1018660740345996E-01
   340   32.300000             230400  7.0885610294542989E-01
   341   32.395000             230400  7.0730761889086124E-01
   342   32.490000             230400  7.0568345513292052E-01
   343   32.585000             230400  7.0410601603558254E-01
   344   32.680000             230400  7.0266353292170436E-01
   345   32.775000             230400  7.0140686943875008E-01
   346   32.870000             230400  7.0035460827319040E-01
   347   32.965000             230400  6.9950201045912785E-01
   348   33.060000             230400  6.9883067559832712E-01
   349   33.155000             230400  6.9831601108444763E-01
   350   33.250000             230400  6.9793117943538241E-01
   351   33.345000             230400  6.9764515581705244E-01
   352   33.440000             230400  6.9741249089923052E-01
   353   33.535000             230400  6.9716232293550662E-01
   354   33.630000             230400  6.9679739554231790E-01
   355   33.725000             230400  6.9620045324856894E-01
   356   33.820000             230400  6.9524322638578706E-01
   357   33.915000             230400  6.9380127386727652E-01
   358   34.010000             230400  6.9177104569324088E-01
   359   34.105000             230400  6.8908459252854670E-01
   360   34.200000             230400  6.8572185540114006E-01
   361   34.295000             230400  6.8171461906547171E-01
   362   34.390000             230400  6.7713705728357654E-01
   363   34.485000             230400  6.7208899581295389E-01
   364   34.580000             230400  6.6667983041527890E-01
   365   34.675000             230400  6.6101427413565295E-01
   366   34.770000             230400  6.5517579505077983E-01
   367   34.865000             230400  6.4920942144095772E-01
   368   34.960000             230400  6.4311527648247879E-01
   369   35.055000             230400  6.3686022328398695E-01
   370   35.150000             230400  6.3040482780212148E-01
   371   35.245000             230400  6.2373184998675602E-01
   372   35.340000             230400  6.1685924383799806E-01
   373   35.435000             230400  6.0983658314184908E-01
   374   35.530000             230400  6.0273569554791984E-01
   375   35.625000             230400  5.9564241428371212E-01
   376   35.720000             230400  5.8865287606331684E-01
   377   35.815000             230400  5.8187090326560398E-01
   378   35.910000             230400  5.7539750495363173E-01
   379   36.005000             230400  5.6931737324943743E-01
   380   36.100000             230400  5.6369422751616616E-01
   381   36.195000             230400  5.5857271496867678E-01
   382   36.290000             230400  5.5398024671025958E-01
   383   36.385000             230400  5.4992983794815353E-01
   384   36.480000             230400  5.4642482122691993E-01
   385   36.575000             230400  5.4346070458156337E-01
   386   36.670000             230400  5.4102398858485556E-01
   387   36.765000             230400  5.3909460095928807E-01
   388   36.860000             230400  5.3765324068951936E-01
   389   36.955000             230400  5.3668834444627911E-01
   390   37.050000             230400  5.3620039236914208E-01
   391   37.145000             230400  5.3620535332216535E-01
   392   37.240000             230400  5.3673427565244758E-01
   393   37.335000             230400  5.3782273370325084E-01
   394   37.430000             230400  5.3949471328261200E-01
   395   37.525000             230400  5.4175112569020878E-01
   396   37.620000             230400  5.4456793358632993E-01
   397   37.715000             230400  5.4790414018995415E-01
   398   37.810000             230400  5.5171394864068768E-01
   399   37.905000             230400  5.5595411716367371E-01
   400   38.000000             230400  5.6058310723794236E-01
   401   38.095000             230400  5.6555958704805331E-01
   402   38.190000             230400  5.7084601175237992E-01
   403   38.285000             230400  5.7641205699417652E-01
   404   38.380000             230400  5.8223311384265397E-01
   405   38.475000             230400  5.8828345841741636E-01
   406   38.570000             230400  5.9452709005166204E-01
   407   38.665000             230400  6.0091257543670129E-01
   408   38.760000             230400  6.0737526462478253E-01
   409   38.855000             230400  6.1384494224276143E-01
   410   38.950000             230400  6.2025352456011618E-01
   411   39.045000             230400  6.2653621019320083E-01
   412   39.140000             230400  6.3262529872282014E-01
   413   39.235000             230400  6.3844506267387446E-01
   414   39.330000             230400  6.4391565502042902E-01
   415   39.425000             230400  6.4896496957447292E-01
   416   39.520000             230400  6.5354156409425834E-01
   417   39.615000             230400  6.5762348375111335E-01
   418   39.710000             230400  6.6122126659466640E-01
   419   39.805000             230400  6.6436979140117414E-01
   420   39.900000             230400  6.6710790292507305E-01
   421   39.995000             230400  6.6945872911387849E-01
   422   40.090000             230400  6.7141878831530000E-01
