! Kinetic energy for species "positrons-up"
  Iter        Time          Total Par.             Kin. Energy
     0   0.0000000             230400  7.5646730866722200E-01
     1  0.95000000E-01         230400  7.5646751837390092E-01
     2  0.19000000             230400  7.5646814496710624E-01
     3  0.28500000             230400  7.5646918074522540E-01
     4  0.38000000             230400  7.5647061262637671E-01
     5  0.47500000             230400  7.5647242217105015E-01
     6  0.57000000             230400  7.5647458592927042E-01
     7  0.66500000             230400  7.5647707591733560E-01
     8  0.76000000             230400  7.5647986003510082E-01
     9  0.85500000             230400  7.5648290240782201E-01
    10  0.95000000             230400  7.5648616376114974E-01
    11   1.0450000             230400  7.5648960194512815E-01
    12   1.1400000             230400  7.5649317258511584E-01
    13   1.2350000             230400  7.5649682966523246E-01
    14   1.3300000             230400  7.5650052594630357E-01
    15   1.4250000             230400  7.5650421345186847E-01
    16   1.5200000             230400  7.5650784428980489E-01
    17   1.6150000             230400  7.5651137160567927E-01
    18   1.7100000             230400  7.5651475014419534E-01
    19   1.8050000             230400  7.5651793636731102E-01
    20   1.9000000             230400  7.5652088876403178E-01
    21   1.9950000             230400  7.5652356876359195E-01
    22   2.0900000             230400  7.5652594174621957E-01
    23   2.1850000             230400  7.5652797745269906E-01
    24   2.2800000             230400  7.5652964988943738E-01
    25   2.3750000             230400  7.5653093732706034E-01
    26   2.4700000             230400  7.5653182267667018E-01
    27   2.5650000             230400  7.5653229409524814E-01
    28   2.6600000             230400  7.5653234543688441E-01
    29   2.7550000             230400  7.5653197619288415E-01
    30   2.8500000             230400  7.5653119113131251E-01
    31   2.9450000             230400  7.5653000026632755E-01
    32   3.0400000             230400  7.5652841907370272E-01
    33   3.1350000             230400  7.5652646815583813E-01
    34   3.2300000             230400  7.5652417243196757E-01
    35   3.3250000             230400  7.5652156087587752E-01
    36   3.4200000             230400  7.5651866682637992E-01
    37   3.5150000             230400  7.5651552775482922E-01
    38   3.6100000             230400  7.5651218430273126E-01
    39   3.7050000             230400  7.5650867948204981E-01
    40   3.8000000             230400  7.5650505818419167E-01
    41   3.8950000             230400  7.5650136653666855E-01
    42   3.9900000             230400  7.5649765144049330E-01
    43   4.0850000             230400  7.5649396056752427E-01
    44   4.1800000             230400  7.5649034183229014E-01
    45   4.2750000             230400  7.5648684186074766E-01
    46   4.3700000             230400  7.5648350494229111E-01
    47   4.4650000             230400  7.5648037335710983E-01
    48   4.5600000             230400  7.5647748748370391E-01
    49   4.6550000             230400  7.5647488456002798E-01
    50   4.7500000             230400  7.5647259757340279E-01
    51   4.8450000             230400  7.5647065539452762E-01
    52   4.9400000             230400  7.5646908285826409E-01
    53   5.0350000             230400  7.5646789976751838E-01
    54   5.1300000             230400  7.5646711989739290E-01
    55   5.2250000             230400  7.5646675107827988E-01
    56   5.3200000             230400  7.5646679591333610E-01
    57   5.4150000             230400  7.5646725231330658E-01
    58   5.5100000             230400  7.5646811351073229E-01
    59   5.6050000             230400  7.5646936747911542E-01
    60   5.7000000             230400  7.5647099628066661E-01
    61   5.7950000             230400  7.5647297641803457E-01
    62   5.8900000             230400  7.5647528024616695E-01
    63   5.9850000             230400  7.5647787696554070E-01
    64   6.0800000             230400  7.5648073229262347E-01
    65   6.1750000             230400  7.5648380772712209E-01
    66   6.2700000             230400  7.5648706052669312E-01
    67   6.3650000             230400  7.5649044442467495E-01
    68   6.4600000             230400  7.5649391068435157E-01
    69   6.5550000             230400  7.5649740903172380E-01
    70   6.6500000             230400  7.5650088818278194E-01
    71   6.7450000             230400  7.5650429654131979E-01
    72   6.8400000             230400  7.5650758359583048E-01
    73   6.9350000             230400  7.5651070103096152E-01
    74   7.0300000             230400  7.5651360257203693E-01
    75   7.1250000             230400  7.5651624359835346E-01
    76   7.2200000             230400  7.5651858185831422E-01
    77   7.3150000             230400  7.5652057855867128E-01
    78   7.4100000             230400  7.5652219839837243E-01
    79   7.5050000             230400  7.5652340887572400E-01
    80   7.6000000             230400  7.5652418040858715E-01
    81   7.6950000             230400  7.5652448768998126E-01
    82   7.7900000             230400  7.5652431093773775E-01
    83   7.8850000             230400  7.5652363564969716E-01
    84   7.9800000             230400  7.5652245120028072E-01
    85   8.0750000             230400  7.5652074983646256E-01
    86   8.1700000             230400  7.5651852693242883E-01
    87   8.2650000             230400  7.5651578205840053E-01
    88   8.3600000             230400  7.5651251996683433E-01
    89   8.4550000             230400  7.5650875072350776E-01
    90   8.5500000             230400  7.5650448873463783E-01
    91   8.6450000             230400  7.5649975139470282E-01
    92   8.7400000             230400  7.5649455815583666E-01
    93   8.8350000             230400  7.5648892956144231E-01
    94   8.9300000             230400  7.5648288568934552E-01
    95   9.0250000             230400  7.5647644514710866E-01
    96   9.1200000             230400  7.5646962555925912E-01
    97   9.2150000             230400  7.5646244364911741E-01
    98   9.3100000             230400  7.5645491273129029E-01
    99   9.4050000             230400  7.5644703939761304E-01
   100   9.5000000             230400  7.5643882322071709E-01
   101   9.5950000             230400  7.5643025960669541E-01
   102   9.6900000             230400  7.5642134172919595E-01
   103   9.7850000             230400  7.5641205835997249E-01
   104   9.8800000             230400  7.5640238847230978E-01
   105   9.9750000             230400  7.5639229620129700E-01
   106   10.070000             230400  7.5638172938707382E-01
   107   10.165000             230400  7.5637062170444525E-01
   108   10.260000             230400  7.5635889501886910E-01
   109   10.355000             230400  7.5634645931345568E-01
   110   10.450000             230400  7.5633321111129304E-01
   111   10.545000             230400  7.5631903208196150E-01
   112   10.640000             230400  7.5630378711949575E-01
   113   10.735000             230400  7.5628732044577163E-01
   114   10.830000             230400  7.5626945051542638E-01
   115   10.925000             230400  7.5624996656538124E-01
   116   11.020000             230400  7.5622862890877118E-01
   117   11.115000             230400  7.5620517162796452E-01
   118   11.210000             230400  7.5617930365700126E-01
   119   11.305000             230400  7.5615070645345317E-01
   120   11.400000             230400  7.5611903138536041E-01
   121   11.495000             230400  7.5608390002975701E-01
   122   11.590000             230400  7.5604490419916848E-01
   123   11.685000             230400  7.5600159858331206E-01
   124   11.780000             230400  7.5595348463701995E-01
   125   11.875000             230400  7.5589999428581656E-01
   126   11.970000             230400  7.5584048499891399E-01
   127   12.065000             230400  7.5577425043481006E-01
   128   12.160000             230400  7.5570053968184014E-01
   129   12.255000             230400  7.5561857187307613E-01
   130   12.350000             230400  7.5552753559067254E-01
   131   12.445000             230400  7.5542657027450799E-01
   132   12.540000             230400  7.5531473407781113E-01
   133   12.635000             230400  7.5519096889495141E-01
   134   12.730000             230400  7.5505407950645065E-01
   135   12.825000             230400  7.5490274318048478E-01
   136   12.920000             230400  7.5473554970669288E-01
   137   13.015000             230400  7.5455104459273015E-01
   138   13.110000             230400  7.5434773546402112E-01
   139   13.205000             230400  7.5412404511591058E-01
   140   13.300000             230400  7.5387824022785899E-01
   141   13.395000             230400  7.5360838778717487E-01
   142   13.490000             230400  7.5331236436715665E-01
   143   13.585000             230400  7.5298789577099234E-01
   144   13.680000             230400  7.5263258677467115E-01
   145   13.775000             230400  7.5224392542678009E-01
   146   13.870000             230400  7.5181928031596756E-01
   147   13.965000             230400  7.5135591620416897E-01
   148   14.060000             230400  7.5085103409429099E-01
   149   14.155000             230400  7.5030181475478230E-01
   150   14.250000             230400  7.4970543494882891E-01
   151   14.345000             230400  7.4905904610229335E-01
   152   14.440000             230400  7.4835974181513976E-01
   153   14.535000             230400  7.4760455833893502E-01
   154   14.630000             230400  7.4679052834507509E-01
   155   14.725000             230400  7.4591476658330158E-01
   156   14.820000             230400  7.4497454875704017E-01
   157   14.915000             230400  7.4396736426550092E-01
   158   15.010000             230400  7.4289095174159092E-01
   159   15.105000             230400  7.4174333233557777E-01
   160   15.200000             230400  7.4052284655575618E-01
   161   15.295000             230400  7.3922821362226132E-01
   162   15.390000             230400  7.3785864838259574E-01
   163   15.485000             230400  7.3641403104352809E-01
   164   15.580000             230400  7.3489506573425700E-01
   165   15.675000             230400  7.3330335164623173E-01
   166   15.770000             230400  7.3164140979399916E-01
   167   15.865000             230400  7.2991277929599296E-01
   168   15.960000             230400  7.2812218278320850E-01
   169   16.055000             230400  7.2627567949964988E-01
   170   16.150000             230400  7.2438074152304677E-01
   171   16.245000             230400  7.2244630447117697E-01
   172   16.340000             230400  7.2048285334672035E-01
   173   16.435000             230400  7.1850247219390906E-01
   174   16.530000             230400  7.1651878335531716E-01
   175   16.625000             230400  7.1454677252884713E-01
   176   16.720000             230400  7.1260255381523963E-01
   177   16.815000             230400  7.1070299784269186E-01
   178   16.910000             230400  7.0886503866672657E-01
   179   17.005000             230400  7.0710458521309105E-01
   180   17.100000             230400  7.0543535982515038E-01
   181   17.195000             230400  7.0386802801700510E-01
   182   17.290000             230400  7.0240965309564030E-01
   183   17.385000             230400  7.0106336438232786E-01
   184   17.480000             230400  6.9982827074891396E-01
   185   17.575000             230400  6.9869995859802070E-01
   186   17.670000             230400  6.9767168446174121E-01
   187   17.765000             230400  6.9673584092359153E-01
   188   17.860000             230400  6.9588515905220094E-01
   189   17.955000             230400  6.9511347969450576E-01
   190   18.050000             230400  6.9441621529579578E-01
   191   18.145000             230400  6.9379075452453787E-01
   192   18.240000             230400  6.9323677844912845E-01
   193   18.335000             230400  6.9275607540704498E-01
   194   18.430000             230400  6.9235179197617680E-01
   195   18.525000             230400  6.9202769027228117E-01
   196   18.620000             230400  6.9178797185606666E-01
   197   18.715000             230400  6.9163742402542594E-01
   198   18.810000             230400  6.9158115694793065E-01
   199   18.905000             230400  6.9162389600692187E-01
   200   19.000000             230400  6.9176961167248952E-01
   201   19.095000             230400  6.9202158049716878E-01
   202   19.190000             230400  6.9238231926800853E-01
   203   19.285000             230400  6.9285351756640434E-01
   204   19.380000             230400  6.9343608426547521E-01
   205   19.475000             230400  6.9413004728752781E-01
   206   19.570000             230400  6.9493432489120588E-01
   207   19.665000             230400  6.9584658159054569E-01
   208   19.760000             230400  6.9686342101800935E-01
   209   19.855000             230400  6.9798078085854032E-01
   210   19.950000             230400  6.9919434382213230E-01
   211   20.045000             230400  7.0049992779507742E-01
   212   20.140000             230400  7.0189358492713327E-01
   213   20.235000             230400  7.0337113489571257E-01
   214   20.330000             230400  7.0492736351249285E-01
   215   20.425000             230400  7.0655553020868500E-01
   216   20.520000             230400  7.0824680404582008E-01
   217   20.615000             230400  7.0998882077521330E-01
   218   20.710000             230400  7.1176436144695776E-01
   219   20.805000             230400  7.1355157861575846E-01
   220   20.900000             230400  7.1532502841198498E-01
   221   20.995000             230400  7.1705633367089938E-01
   222   21.090000             230400  7.1871510614434697E-01
   223   21.185000             230400  7.2027105929491719E-01
   224   21.280000             230400  7.2169675127650912E-01
   225   21.375000             230400  7.2296924521937167E-01
   226   21.470000             230400  7.2406978952335399E-01
   227   21.565000             230400  7.2498298768593905E-01
   228   21.660000             230400  7.2569755879020614E-01
   229   21.755000             230400  7.2620827073646632E-01
   230   21.850000             230400  7.2651615125813218E-01
   231   21.945000             230400  7.2662561384474222E-01
   232   22.040000             230400  7.2654106966617971E-01
   233   22.135000             230400  7.2626605003974920E-01
   234   22.230000             230400  7.2580468680854970E-01
   235   22.325000             230400  7.2516314514625990E-01
   236   22.420000             230400  7.2435013626075295E-01
   237   22.515000             230400  7.2337713199008258E-01
   238   22.610000             230400  7.2225734045198009E-01
   239   22.705000             230400  7.2100254709598899E-01
   240   22.800000             230400  7.1962035904611499E-01
   241   22.895000             230400  7.1811529291505383E-01
   242   22.990000             230400  7.1649233440338267E-01
   243   23.085000             230400  7.1475808290929521E-01
   244   23.180000             230400  7.1291820962800656E-01
   245   23.275000             230400  7.1097596437536281E-01
   246   23.370000             230400  7.0893508399046945E-01
   247   23.465000             230400  7.0680433213620830E-01
   248   23.560000             230400  7.0459948796857219E-01
   249   23.655000             230400  7.0234179846486422E-01
   250   23.750000             230400  7.0005501156253436E-01
   251   23.845000             230400  6.9776317381485597E-01
   252   23.940000             230400  6.9548939972025481E-01
   253   24.035000             230400  6.9325515280164995E-01
   254   24.130000             230400  6.9107965587796749E-01
   255   24.225000             230400  6.8897897278398113E-01
   256   24.320000             230400  6.8696511054372189E-01
   257   24.415000             230400  6.8504567243176884E-01
   258   24.510000             230400  6.8322411249320314E-01
   259   24.605000             230400  6.8150064860127180E-01
   260   24.700000             230400  6.7987354861792348E-01
   261   24.795000             230400  6.7834074736953665E-01
   262   24.890000             230400  6.7690136281196045E-01
   263   24.985000             230400  6.7555558847739328E-01
   264   25.080000             230400  6.7430345558338445E-01
   265   25.175000             230400  6.7314414591075633E-01
   266   25.270000             230400  6.7207602323975490E-01
   267   25.365000             230400  6.7109671495036016E-01
   268   25.460000             230400  6.7020256866330508E-01
   269   25.555000             230400  6.6938826199989798E-01
   270   25.650000             230400  6.6864748484117320E-01
   271   25.745000             230400  6.6797287939410344E-01
   272   25.840000             230400  6.6735423705727515E-01
   273   25.935000             230400  6.6677777696721785E-01
   274   26.030000             230400  6.6622797183473947E-01
   275   26.125000             230400  6.6568805281242704E-01
   276   26.220000             230400  6.6513759740725098E-01
   277   26.315000             230400  6.6455194763004788E-01
   278   26.410000             230400  6.6390506199396704E-01
   279   26.505000             230400  6.6317083698735391E-01
   280   26.600000             230400  6.6232138611503277E-01
   281   26.695000             230400  6.6132619969445727E-01
   282   26.790000             230400  6.6015341080657952E-01
   283   26.885000             230400  6.5877187686406480E-01
   284   26.980000             230400  6.5715239764008881E-01
   285   27.075000             230400  6.5526672329386548E-01
   286   27.170000             230400  6.5308662654281213E-01
   287   27.265000             230400  6.5058589057151317E-01
   288   27.360000             230400  6.4774358296228163E-01
   289   27.455000             230400  6.4454662730194201E-01
   290   27.550000             230400  6.4099321308812107E-01
   291   27.645000             230400  6.3709797208077634E-01
   292   27.740000             230400  6.3289576412070647E-01
   293   27.835000             230400  6.2844213588699338E-01
   294   27.930000             230400  6.2381174682361740E-01
   295   28.025000             230400  6.1909460875618705E-01
   296   28.120000             230400  6.1438912797942469E-01
   297   28.215000             230400  6.0979249390413337E-01
   298   28.310000             230400  6.0539199929913234E-01
   299   28.405000             230400  6.0126102781495794E-01
   300   28.500000             230400  5.9745960311650681E-01
   301   28.595000             230400  5.9403837825635075E-01
   302   28.690000             230400  5.9104250669776981E-01
   303   28.785000             230400  5.8851116624315192E-01
   304   28.880000             230400  5.8647717750745332E-01
   305   28.975000             230400  5.8497153709778082E-01
   306   29.070000             230400  5.8402730971540917E-01
   307   29.165000             230400  5.8367809377477653E-01
   308   29.260000             230400  5.8395461810891047E-01
   309   29.355000             230400  5.8488237052941783E-01
   310   29.450000             230400  5.8647990096328395E-01
   311   29.545000             230400  5.8875763306406093E-01
   312   29.640000             230400  5.9171687334106804E-01
   313   29.735000             230400  5.9534759741977905E-01
   314   29.830000             230400  5.9962523523424260E-01
   315   29.925000             230400  6.0450953675902130E-01
   316   30.020000             230400  6.0994501856291705E-01
   317   30.115000             230400  6.1586157980626244E-01
   318   30.210000             230400  6.2217734858954188E-01
   319   30.305000             230400  6.2880284300348266E-01
   320   30.400000             230400  6.3564303356045537E-01
   321   30.495000             230400  6.4259925584385469E-01
   322   30.590000             230400  6.4957302637120184E-01
   323   30.685000             230400  6.5646882279709384E-01
   324   30.780000             230400  6.6319409889994241E-01
   325   30.875000             230400  6.6965942322001992E-01
   326   30.970000             230400  6.7578157237230596E-01
   327   31.065000             230400  6.8148779100470736E-01
   328   31.160000             230400  6.8671878240705420E-01
   329   31.255000             230400  6.9142993913234596E-01
   330   31.350000             230400  6.9559026614955588E-01
   331   31.445000             230400  6.9917929946391388E-01
   332   31.540000             230400  7.0218417839044833E-01
   333   31.635000             230400  7.0459821337378536E-01
   334   31.730000             230400  7.0642057601151487E-01
   335   31.825000             230400  7.0765687653617526E-01
   336   31.920000             230400  7.0832142632198458E-01
   337   32.015000             230400  7.0844115022131449E-01
   338   32.110000             230400  7.0806097893100040E-01
   339   32.205000             230400  7.0724841202010114E-01
   340   32.300000             230400  7.0609406486084902E-01
   341   32.395000             230400  7.0470870754269666E-01
   342   32.490000             230400  7.0321583293004497E-01
   343   32.585000             230400  7.0173769757021820E-01
   344   32.680000             230400  7.0037886979063657E-01
   345   32.775000             230400  6.9921344239066241E-01
   346   32.870000             230400  6.9827720380343850E-01
   347   32.965000             230400  6.9756681154387978E-01
   348   33.060000             230400  6.9704773837779466E-01
   349   33.155000             230400  6.9666872448813477E-01
   350   33.250000             230400  6.9637846030787964E-01
   351   33.345000             230400  6.9613531065104683E-01
   352   33.440000             230400  6.9590228810479327E-01
   353   33.535000             230400  6.9563243698226773E-01
   354   33.630000             230400  6.9525616631542619E-01
   355   33.725000             230400  6.9467648665779658E-01
   356   33.820000             230400  6.9377574539204423E-01
   357   33.915000             230400  6.9243337394577464E-01
   358   34.010000             230400  6.9054254138058835E-01
   359   34.105000             230400  6.8802076000903312E-01
   360   34.200000             230400  6.8482357774444069E-01
   361   34.295000             230400  6.8095859130252845E-01
   362   34.390000             230400  6.7648696470874137E-01
   363   34.485000             230400  6.7150950085124228E-01
   364   34.580000             230400  6.6614396204986459E-01
   365   34.675000             230400  6.6050139401327979E-01
   366   34.770000             230400  6.5466669070310279E-01
   367   34.865000             230400  6.4868775638297760E-01
   368   34.960000             230400  6.4257680196483324E-01
   369   35.055000             230400  6.3632320297658884E-01
   370   35.150000             230400  6.2991303966656964E-01
   371   35.245000             230400  6.2334597331464947E-01
   372   35.340000             230400  6.1664030474035414E-01
   373   35.435000             230400  6.0983102755270535E-01
   374   35.530000             230400  6.0297040222898013E-01
   375   35.625000             230400  5.9612730223406007E-01
   376   35.720000             230400  5.8938346936437092E-01
   377   35.815000             230400  5.8282752720994035E-01
   378   35.910000             230400  5.7654265633562729E-01
   379   36.005000             230400  5.7059623036779539E-01
   380   36.100000             230400  5.6504064964748868E-01
   381   36.195000             230400  5.5991880935340854E-01
   382   36.290000             230400  5.5526675382018198E-01
   383   36.385000             230400  5.5111461170756026E-01
   384   36.480000             230400  5.4748770694254623E-01
   385   36.575000             230400  5.4440444824548873E-01
   386   36.670000             230400  5.4187107711765858E-01
   387   36.765000             230400  5.3988123904482765E-01
   388   36.860000             230400  5.3842254376685561E-01
   389   36.955000             230400  5.3748239587608460E-01
   390   37.050000             230400  5.3705130368606202E-01
   391   37.145000             230400  5.3712823316113312E-01
   392   37.240000             230400  5.3772396804383937E-01
   393   37.335000             230400  5.3885541843664209E-01
   394   37.430000             230400  5.4053386483806187E-01
   395   37.525000             230400  5.4275366295366367E-01
   396   37.620000             230400  5.4548584457831950E-01
   397   37.715000             230400  5.4868159484817680E-01
   398   37.810000             230400  5.5228437639258487E-01
   399   37.905000             230400  5.5624153425746037E-01
   400   38.000000             230400  5.6051042629811687E-01
   401   38.095000             230400  5.6506201990267280E-01
   402   38.190000             230400  5.6988261658792350E-01
   403   38.285000             230400  5.7497003220072584E-01
   404   38.380000             230400  5.8032427785296026E-01
   405   38.475000             230400  5.8593645919035808E-01
   406   38.570000             230400  5.9178015239851312E-01
   407   38.665000             230400  5.9780993989924058E-01
   408   38.760000             230400  6.0396789805529472E-01
   409   38.855000             230400  6.1019379494120629E-01
   410   38.950000             230400  6.1643255567500388E-01
   411   39.045000             230400  6.2263227382119712E-01
   412   39.140000             230400  6.2873412661190775E-01
   413   39.235000             230400  6.3466455048746850E-01
   414   39.330000             230400  6.4033763868477633E-01
   415   39.425000             230400  6.4566668419937778E-01
   416   39.520000             230400  6.5057807266706891E-01
   417   39.615000             230400  6.5502183170199313E-01
   418   39.710000             230400  6.5897648756817395E-01
   419   39.805000             230400  6.6244367634394341E-01
   420   39.900000             230400  6.6543154007554528E-01
   421   39.995000             230400  6.6793875016279747E-01
   422   40.090000             230400  6.6994605890036119E-01
