! Kinetic energy for species "electrons-up"
  Iter        Time          Total Par.             Kin. Energy
     0   0.0000000             230400  7.5654668226516297E-01
     1  0.95000000E-01         230400  7.5654647166590239E-01
     2  0.19000000             230400  7.5654584269864267E-01
     3  0.28500000             230400  7.5654480374858357E-01
     4  0.38000000             230400  7.5654336849907944E-01
     5  0.47500000             230400  7.5654155564105563E-01
     6  0.57000000             230400  7.5653938861431524E-01
     7  0.66500000             230400  7.5653689535500801E-01
     8  0.76000000             230400  7.5653410800209353E-01
     9  0.85500000             230400  7.5653106254805558E-01
    10  0.95000000             230400  7.5652779838872564E-01
    11   1.0450000             230400  7.5652435775298188E-01
    12   1.1400000             230400  7.5652078510655962E-01
    13   1.2350000             230400  7.5651712658378123E-01
    14   1.3300000             230400  7.5651342939385302E-01
    15   1.4250000             230400  7.5650974123641290E-01
    16   1.5200000             230400  7.5650610979525079E-01
    17   1.6150000             230400  7.5650258215152821E-01
    18   1.7100000             230400  7.5649920394219339E-01
    19   1.8050000             230400  7.5649601849846437E-01
    20   1.9000000             230400  7.5649306635240032E-01
    21   1.9950000             230400  7.5649038507025546E-01
    22   2.0900000             230400  7.5648800904158686E-01
    23   2.1850000             230400  7.5648596905349963E-01
    24   2.2800000             230400  7.5648429175866072E-01
    25   2.3750000             230400  7.5648299916849449E-01
    26   2.4700000             230400  7.5648210823008677E-01
    27   2.5650000             230400  7.5648163046628758E-01
    28   2.6600000             230400  7.5648157168811192E-01
    29   2.7550000             230400  7.5648193203957681E-01
    30   2.8500000             230400  7.5648270654568728E-01
    31   2.9450000             230400  7.5648388558757518E-01
    32   3.0400000             230400  7.5648545457110250E-01
    33   3.1350000             230400  7.5648739322933478E-01
    34   3.2300000             230400  7.5648967569528547E-01
    35   3.3250000             230400  7.5649227145581133E-01
    36   3.4200000             230400  7.5649514637426196E-01
    37   3.5150000             230400  7.5649826335949433E-01
    38   3.6100000             230400  7.5650158262131906E-01
    39   3.7050000             230400  7.5650506148360042E-01
    40   3.8000000             230400  7.5650865439386195E-01
    41   3.8950000             230400  7.5651231399371976E-01
    42   3.9900000             230400  7.5651599271954129E-01
    43   4.0850000             230400  7.5651964348986112E-01
    44   4.1800000             230400  7.5652321938727918E-01
    45   4.2750000             230400  7.5652667365882276E-01
    46   4.3700000             230400  7.5652996065677702E-01
    47   4.4650000             230400  7.5653303702556696E-01
    48   4.5600000             230400  7.5653586244767324E-01
    49   4.6550000             230400  7.5653839994753103E-01
    50   4.7500000             230400  7.5654061606457390E-01
    51   4.8450000             230400  7.5654248131264690E-01
    52   4.9400000             230400  7.5654397101009330E-01
    53   5.0350000             230400  7.5654506566083968E-01
    54   5.1300000             230400  7.5654575029379878E-01
    55   5.2250000             230400  7.5654601391401100E-01
    56   5.3200000             230400  7.5654585041895228E-01
    57   5.4150000             230400  7.5654526011944978E-01
    58   5.5100000             230400  7.5654425010454318E-01
    59   5.6050000             230400  7.5654283334137162E-01
    60   5.7000000             230400  7.5654102740471629E-01
    61   5.7950000             230400  7.5653885337516458E-01
    62   5.8900000             230400  7.5653633563681033E-01
    63   5.9850000             230400  7.5653350299329325E-01
    64   6.0800000             230400  7.5653038962183172E-01
    65   6.1750000             230400  7.5652703406930355E-01
    66   6.2700000             230400  7.5652347715169777E-01
    67   6.3650000             230400  7.5651976096718243E-01
    68   6.4600000             230400  7.5651592905488951E-01
    69   6.5550000             230400  7.5651202600046707E-01
    70   6.6500000             230400  7.5650809623429993E-01
    71   6.7450000             230400  7.5650418342721071E-01
    72   6.8400000             230400  7.5650033091574942E-01
    73   6.9350000             230400  7.5649658189796554E-01
    74   7.0300000             230400  7.5649297849750696E-01
    75   7.1250000             230400  7.5648956029321290E-01
    76   7.2200000             230400  7.5648636327231666E-01
    77   7.3150000             230400  7.5648341929918073E-01
    78   7.4100000             230400  7.5648075550622940E-01
    79   7.5050000             230400  7.5647839343204382E-01
    80   7.6000000             230400  7.5647634867686431E-01
    81   7.6950000             230400  7.5647463164186057E-01
    82   7.7900000             230400  7.5647324842524899E-01
    83   7.8850000             230400  7.5647220040013352E-01
    84   7.9800000             230400  7.5647148240372331E-01
    85   8.0750000             230400  7.5647108098025817E-01
    86   8.1700000             230400  7.5647097417383324E-01
    87   8.2650000             230400  7.5647113310493441E-01
    88   8.3600000             230400  7.5647152392624184E-01
    89   8.4550000             230400  7.5647210853340496E-01
    90   8.5500000             230400  7.5647284413579963E-01
    91   8.6450000             230400  7.5647368275067706E-01
    92   8.7400000             230400  7.5647457065360446E-01
    93   8.8350000             230400  7.5647544775437980E-01
    94   8.9300000             230400  7.5647624813129999E-01
    95   9.0250000             230400  7.5647690192861738E-01
    96   9.1200000             230400  7.5647733632393177E-01
    97   9.2150000             230400  7.5647747400422349E-01
    98   9.3100000             230400  7.5647723088895313E-01
    99   9.4050000             230400  7.5647651602416466E-01
   100   9.5000000             230400  7.5647523463971522E-01
   101   9.5950000             230400  7.5647329249680595E-01
   102   9.6900000             230400  7.5647059791876203E-01
   103   9.7850000             230400  7.5646705918910895E-01
   104   9.8800000             230400  7.5646257908285208E-01
   105   9.9750000             230400  7.5645705109917549E-01
   106   10.070000             230400  7.5645036014709799E-01
   107   10.165000             230400  7.5644238624080895E-01
   108   10.260000             230400  7.5643300795363744E-01
   109   10.355000             230400  7.5642210367736529E-01
   110   10.450000             230400  7.5640955030563162E-01
   111   10.545000             230400  7.5639521998174386E-01
   112   10.640000             230400  7.5637897653916863E-01
   113   10.735000             230400  7.5636067272859386E-01
   114   10.830000             230400  7.5634014755177703E-01
   115   10.925000             230400  7.5631722339781327E-01
   116   11.020000             230400  7.5629170437132687E-01
   117   11.115000             230400  7.5626337585369452E-01
   118   11.210000             230400  7.5623200313731709E-01
   119   11.305000             230400  7.5619732958100916E-01
   120   11.400000             230400  7.5615907806175386E-01
   121   11.495000             230400  7.5611695490364017E-01
   122   11.590000             230400  7.5607064729652085E-01
   123   11.685000             230400  7.5601980703015914E-01
   124   11.780000             230400  7.5596402660551076E-01
   125   11.875000             230400  7.5590282375825413E-01
   126   11.970000             230400  7.5583564491685507E-01
   127   12.065000             230400  7.5576188228098573E-01
   128   12.160000             230400  7.5568088916288922E-01
   129   12.255000             230400  7.5559198260631666E-01
   130   12.350000             230400  7.5549443340742473E-01
   131   12.445000             230400  7.5538744850919315E-01
   132   12.540000             230400  7.5527014842259865E-01
   133   12.635000             230400  7.5514154338402395E-01
   134   12.730000             230400  7.5500051741093777E-01
   135   12.825000             230400  7.5484582767711839E-01
   136   12.920000             230400  7.5467611695866199E-01
   137   13.015000             230400  7.5448993248205354E-01
   138   13.110000             230400  7.5428574461285169E-01
   139   13.205000             230400  7.5406195148749622E-01
   140   13.300000             230400  7.5381685219884687E-01
   141   13.395000             230400  7.5354859101054483E-01
   142   13.490000             230400  7.5325510239994353E-01
   143   13.585000             230400  7.5293409114338261E-01
   144   13.680000             230400  7.5258306131065222E-01
   145   13.775000             230400  7.5219938285971755E-01
   146   13.870000             230400  7.5178036225180445E-01
   147   13.965000             230400  7.5132327458476378E-01
   148   14.060000             230400  7.5082534494662823E-01
   149   14.155000             230400  7.5028372090906947E-01
   150   14.250000             230400  7.4969548327261704E-01
   151   14.345000             230400  7.4905768772724235E-01
   152   14.440000             230400  7.4836740006517166E-01
   153   14.535000             230400  7.4762171287491896E-01
   154   14.630000             230400  7.4681775514829529E-01
   155   14.725000             230400  7.4595270486709653E-01
   156   14.820000             230400  7.4502383415960960E-01
   157   14.915000             230400  7.4402861432929779E-01
   158   15.010000             230400  7.4296484014728592E-01
   159   15.105000             230400  7.4183069368499699E-01
   160   15.200000             230400  7.4062474166701731E-01
   161   15.295000             230400  7.3934595387722868E-01
   162   15.390000             230400  7.3799380938488635E-01
   163   15.485000             230400  7.3656845350769184E-01
   164   15.580000             230400  7.3507081277976982E-01
   165   15.675000             230400  7.3350261803358441E-01
   166   15.770000             230400  7.3186636090929591E-01
   167   15.865000             230400  7.3016525852668557E-01
   168   15.960000             230400  7.2840328704221458E-01
   169   16.055000             230400  7.2658526480519225E-01
   170   16.150000             230400  7.2471691759208290E-01
   171   16.245000             230400  7.2280485286253926E-01
   172   16.340000             230400  7.2085649096854654E-01
   173   16.435000             230400  7.1888009767987726E-01
   174   16.530000             230400  7.1688494385068924E-01
   175   16.625000             230400  7.1488148964018960E-01
   176   16.720000             230400  7.1288147656522161E-01
   177   16.815000             230400  7.1089800463322050E-01
   178   16.910000             230400  7.0894573538213490E-01
   179   17.005000             230400  7.0704119923280551E-01
   180   17.100000             230400  7.0520304390536448E-01
   181   17.195000             230400  7.0345209733531711E-01
   182   17.290000             230400  7.0181116488442807E-01
   183   17.385000             230400  7.0030440601509658E-01
   184   17.480000             230400  6.9895615140026324E-01
   185   17.575000             230400  6.9778939285780861E-01
   186   17.670000             230400  6.9682455249949582E-01
   187   17.765000             230400  6.9607886877628888E-01
   188   17.860000             230400  6.9556606178583236E-01
   189   17.955000             230400  6.9529573898399566E-01
   190   18.050000             230400  6.9527259384790663E-01
   191   18.145000             230400  6.9549575741752045E-01
   192   18.240000             230400  6.9595861131536108E-01
   193   18.335000             230400  6.9664904496704128E-01
   194   18.430000             230400  6.9755002471884120E-01
   195   18.525000             230400  6.9864041074896222E-01
   196   18.620000             230400  6.9989578163900723E-01
   197   18.715000             230400  7.0128915344307963E-01
   198   18.810000             230400  7.0279144701126173E-01
   199   18.905000             230400  7.0437160699224521E-01
   200   19.000000             230400  7.0599665249628885E-01
   201   19.095000             230400  7.0763222520059710E-01
   202   19.190000             230400  7.0924384015586495E-01
   203   19.285000             230400  7.1079800078436017E-01
   204   19.380000             230400  7.1226236857694158E-01
   205   19.475000             230400  7.1360567324241364E-01
   206   19.570000             230400  7.1479835477778808E-01
   207   19.665000             230400  7.1581357738535800E-01
   208   19.760000             230400  7.1662781940286124E-01
   209   19.855000             230400  7.1722129349582675E-01
   210   19.950000             230400  7.1757880286447284E-01
   211   20.045000             230400  7.1769061734398165E-01
   212   20.140000             230400  7.1755264405075558E-01
   213   20.235000             230400  7.1716609242827822E-01
   214   20.330000             230400  7.1653707439088488E-01
   215   20.425000             230400  7.1567606380099713E-01
   216   20.520000             230400  7.1459723758654836E-01
   217   20.615000             230400  7.1331801982375298E-01
   218   20.710000             230400  7.1185879264569152E-01
   219   20.805000             230400  7.1024210890396189E-01
   220   20.900000             230400  7.0849145561746441E-01
   221   20.995000             230400  7.0663057180476119E-01
   222   21.090000             230400  7.0468361179002936E-01
   223   21.185000             230400  7.0267553208720468E-01
   224   21.280000             230400  7.0063197250605724E-01
   225   21.375000             230400  6.9857860621225620E-01
   226   21.470000             230400  6.9654093693205565E-01
   227   21.565000             230400  6.9454504338463630E-01
   228   21.660000             230400  6.9261826506167123E-01
   229   21.755000             230400  6.9078900134831356E-01
   230   21.850000             230400  6.8908570045205786E-01
   231   21.945000             230400  6.8753512373155679E-01
   232   22.040000             230400  6.8616059145566710E-01
   233   22.135000             230400  6.8498114257583675E-01
   234   22.230000             230400  6.8401098413208916E-01
   235   22.325000             230400  6.8325821532627951E-01
   236   22.420000             230400  6.8272334380428612E-01
   237   22.515000             230400  6.8239873110374627E-01
   238   22.610000             230400  6.8226911395596002E-01
   239   22.705000             230400  6.8231263832213540E-01
   240   22.800000             230400  6.8250284652494075E-01
   241   22.895000             230400  6.8281215040642906E-01
   242   22.990000             230400  6.8321522981080718E-01
   243   23.085000             230400  6.8369043460422319E-01
   244   23.180000             230400  6.8421997901063114E-01
   245   23.275000             230400  6.8479047668466264E-01
   246   23.370000             230400  6.8539357859345706E-01
   247   23.465000             230400  6.8602597026601941E-01
   248   23.560000             230400  6.8668826410926365E-01
   249   23.655000             230400  6.8738373638758343E-01
   250   23.750000             230400  6.8811778720436989E-01
   251   23.845000             230400  6.8889609541624997E-01
   252   23.940000             230400  6.8972063893695401E-01
   253   24.035000             230400  6.9058672485583150E-01
   254   24.130000             230400  6.9148305784260522E-01
   255   24.225000             230400  6.9239353227535494E-01
   256   24.320000             230400  6.9329890026635888E-01
   257   24.415000             230400  6.9417677750786100E-01
   258   24.510000             230400  6.9500078651532238E-01
   259   24.605000             230400  6.9574206974676789E-01
   260   24.700000             230400  6.9637376610342483E-01
   261   24.795000             230400  6.9687536474021683E-01
   262   24.890000             230400  6.9723452005006736E-01
   263   24.985000             230400  6.9744734494170124E-01
   264   25.080000             230400  6.9751918638987609E-01
   265   25.175000             230400  6.9746540039249161E-01
   266   25.270000             230400  6.9730975625867198E-01
   267   25.365000             230400  6.9708060401815486E-01
   268   25.460000             230400  6.9680825892902809E-01
   269   25.555000             230400  6.9652435147808722E-01
   270   25.650000             230400  6.9626006755648007E-01
   271   25.745000             230400  6.9604287196629333E-01
   272   25.840000             230400  6.9589413441754722E-01
   273   25.935000             230400  6.9582945138072805E-01
   274   26.030000             230400  6.9586099739575102E-01
   275   26.125000             230400  6.9599832124509442E-01
   276   26.220000             230400  6.9624733125279803E-01
   277   26.315000             230400  6.9660995497731804E-01
   278   26.410000             230400  6.9708346155913103E-01
   279   26.505000             230400  6.9766053378818493E-01
   280   26.600000             230400  6.9833302691911847E-01
   281   26.695000             230400  6.9909636323469715E-01
   282   26.790000             230400  6.9995020052638524E-01
   283   26.885000             230400  7.0089514051631940E-01
   284   26.980000             230400  7.0192820487707097E-01
   285   27.075000             230400  7.0303922147030107E-01
   286   27.170000             230400  7.0420748524905663E-01
   287   27.265000             230400  7.0540193954787378E-01
   288   27.360000             230400  7.0658753586606249E-01
   289   27.455000             230400  7.0773100633196573E-01
   290   27.550000             230400  7.0880205840409816E-01
   291   27.645000             230400  7.0977443334532042E-01
   292   27.740000             230400  7.1062957051407782E-01
   293   27.835000             230400  7.1136113887711183E-01
   294   27.930000             230400  7.1197698542861620E-01
   295   28.025000             230400  7.1249507418333591E-01
   296   28.120000             230400  7.1293470443344198E-01
   297   28.215000             230400  7.1330794688951094E-01
   298   28.310000             230400  7.1361416792371091E-01
   299   28.405000             230400  7.1383984185204097E-01
   300   28.500000             230400  7.1396590399872639E-01
   301   28.595000             230400  7.1397824781165509E-01
   302   28.690000             230400  7.1387384502104889E-01
   303   28.785000             230400  7.1366129693338010E-01
   304   28.880000             230400  7.1335437522249479E-01
   305   28.975000             230400  7.1295884689715738E-01
   306   29.070000             230400  7.1246348230704215E-01
   307   29.165000             230400  7.1184084935296688E-01
   308   29.260000             230400  7.1105207839558815E-01
   309   29.355000             230400  7.1005485233143451E-01
   310   29.450000             230400  7.0881370622769668E-01
   311   29.545000             230400  7.0730591321078717E-01
   312   29.640000             230400  7.0552312970079056E-01
   313   29.735000             230400  7.0347052725012638E-01
   314   29.830000             230400  7.0116192590303072E-01
   315   29.925000             230400  6.9861441961813631E-01
   316   30.020000             230400  6.9584501952148592E-01
   317   30.115000             230400  6.9286861799934785E-01
   318   30.210000             230400  6.8969793823412606E-01
   319   30.305000             230400  6.8634429255079854E-01
   320   30.400000             230400  6.8281886783703793E-01
   321   30.495000             230400  6.7913656122541910E-01
   322   30.590000             230400  6.7531689593934419E-01
   323   30.685000             230400  6.7137869488928947E-01
   324   30.780000             230400  6.6733714165023317E-01
   325   30.875000             230400  6.6320783449782883E-01
   326   30.970000             230400  6.5901315979210418E-01
   327   31.065000             230400  6.5478522040432252E-01
   328   31.160000             230400  6.5056599737918464E-01
   329   31.255000             230400  6.4640814250375933E-01
   330   31.350000             230400  6.4237403395352044E-01
   331   31.445000             230400  6.3852956337239797E-01
   332   31.540000             230400  6.3493515714546978E-01
   333   31.635000             230400  6.3163804045547811E-01
   334   31.730000             230400  6.2866811420133728E-01
   335   31.825000             230400  6.2603989720763087E-01
   336   31.920000             230400  6.2375866185125495E-01
   337   32.015000             230400  6.2182424898538768E-01
   338   32.110000             230400  6.2022918086962409E-01
   339   32.205000             230400  6.1895454605655098E-01
   340   32.300000             230400  6.1796916196786877E-01
   341   32.395000             230400  6.1723346292485626E-01
   342   32.490000             230400  6.1670584451496735E-01
   343   32.585000             230400  6.1634893206237495E-01
   344   32.680000             230400  6.1613034228363039E-01
   345   32.775000             230400  6.1601668024544076E-01
   346   32.870000             230400  6.1596853881722269E-01
   347   32.965000             230400  6.1594064284896610E-01
   348   33.060000             230400  6.1588681428082992E-01
   349   33.155000             230400  6.1576642212484611E-01
   350   33.250000             230400  6.1554739757228472E-01
   351   33.345000             230400  6.1520983192292833E-01
   352   33.440000             230400  6.1475455175892157E-01
   353   33.535000             230400  6.1420826208396395E-01
   354   33.630000             230400  6.1361845086561606E-01
   355   33.725000             230400  6.1304657940017038E-01
   356   33.820000             230400  6.1256238339632063E-01
   357   33.915000             230400  6.1223382885458566E-01
   358   34.010000             230400  6.1211830147769741E-01
   359   34.105000             230400  6.1225857140971529E-01
   360   34.200000             230400  6.1268206868466346E-01
   361   34.295000             230400  6.1340556040408467E-01
   362   34.390000             230400  6.1443990512354829E-01
   363   34.485000             230400  6.1579072579035010E-01
   364   34.580000             230400  6.1745970923540283E-01
   365   34.675000             230400  6.1944552159178923E-01
   366   34.770000             230400  6.2174528449750111E-01
   367   34.865000             230400  6.2436345501669144E-01
   368   34.960000             230400  6.2731849067349132E-01
   369   35.055000             230400  6.3064110181172739E-01
   370   35.150000             230400  6.3437061348453194E-01
   371   35.245000             230400  6.3854503455470768E-01
   372   35.340000             230400  6.4318636788123817E-01
   373   35.435000             230400  6.4829351970122095E-01
   374   35.530000             230400  6.5384797505707026E-01
   375   35.625000             230400  6.5982335930751712E-01
   376   35.720000             230400  6.6618619097473208E-01
   377   35.815000             230400  6.7288490600297712E-01
   378   35.910000             230400  6.7983632054439247E-01
   379   36.005000             230400  6.8692976009974638E-01
   380   36.100000             230400  6.9404934889938064E-01
   381   36.195000             230400  7.0108715329789084E-01
   382   36.290000             230400  7.0792746979764098E-01
   383   36.385000             230400  7.1441726081056922E-01
   384   36.480000             230400  7.2035778615374091E-01
   385   36.575000             230400  7.2553229104837391E-01
   386   36.670000             230400  7.2975624691648278E-01
   387   36.765000             230400  7.3291794272013866E-01
   388   36.860000             230400  7.3498407985109449E-01
   389   36.955000             230400  7.3596929707927061E-01
   390   37.050000             230400  7.3589939805666060E-01
   391   37.145000             230400  7.3479503851821582E-01
   392   37.240000             230400  7.3267808317839611E-01
   393   37.335000             230400  7.2959134362031919E-01
   394   37.430000             230400  7.2561228178529102E-01
   395   37.525000             230400  7.2085404647641738E-01
   396   37.620000             230400  7.1545827167539211E-01
   397   37.715000             230400  7.0958196846843402E-01
   398   37.810000             230400  7.0337628119467888E-01
   399   37.905000             230400  6.9696210036892481E-01
   400   38.000000             230400  6.9041870188722920E-01
   401   38.095000             230400  6.8379224315222709E-01
   402   38.190000             230400  6.7711947438410502E-01
   403   38.285000             230400  6.7044758462657539E-01
   404   38.380000             230400  6.6384246065793862E-01
   405   38.475000             230400  6.5738509241083132E-01
   406   38.570000             230400  6.5115667423977586E-01
   407   38.665000             230400  6.4522165766532524E-01
   408   38.760000             230400  6.3961158459256928E-01
   409   38.855000             230400  6.3432419441928900E-01
   410   38.950000             230400  6.2933853723980937E-01
   411   39.045000             230400  6.2463161179602866E-01
   412   39.140000             230400  6.2019038103170709E-01
   413   39.235000             230400  6.1601182111839292E-01
   414   39.330000             230400  6.1209768345931281E-01
   415   39.425000             230400  6.0845292749674673E-01
   416   39.520000             230400  6.0508912200445053E-01
   417   39.615000             230400  6.0203100378674435E-01
   418   39.710000             230400  5.9931752580605224E-01
   419   39.805000             230400  5.9699206053634002E-01
   420   39.900000             230400  5.9508938038847536E-01
   421   39.995000             230400  5.9363148757492579E-01
   422   40.090000             230400  5.9263189981666020E-01
