! Kinetic energy for species "positrons-down"
  Iter        Time          Total Par.             Kin. Energy
     0   0.0000000             230400  7.5658767910434643E-01
     1  0.95000000E-01         230400  7.5658746831515566E-01
     2  0.19000000             230400  7.5658683878685284E-01
     3  0.28500000             230400  7.5658579887490029E-01
     4  0.38000000             230400  7.5658436216708835E-01
     5  0.47500000             230400  7.5658254730278651E-01
     6  0.57000000             230400  7.5658037782961940E-01
     7  0.66500000             230400  7.5657788192750064E-01
     8  0.76000000             230400  7.5657509196349737E-01
     9  0.85500000             230400  7.5657204401660283E-01
    10  0.95000000             230400  7.5656877746309958E-01
    11   1.0450000             230400  7.5656533452923669E-01
    12   1.1400000             230400  7.5656175969191974E-01
    13   1.2350000             230400  7.5655809900191129E-01
    14   1.3300000             230400  7.5655439951086945E-01
    15   1.4250000             230400  7.5655070879583286E-01
    16   1.5200000             230400  7.5654707440549096E-01
    17   1.6150000             230400  7.5654354320474482E-01
    18   1.7100000             230400  7.5654016077358177E-01
    19   1.8050000             230400  7.5653697085842553E-01
    20   1.9000000             230400  7.5653401466636827E-01
    21   1.9950000             230400  7.5653133006769879E-01
    22   2.0900000             230400  7.5652895118410957E-01
    23   2.1850000             230400  7.5652690848058590E-01
    24   2.2800000             230400  7.5652522870982719E-01
    25   2.3750000             230400  7.5652393423170894E-01
    26   2.4700000             230400  7.5652304212586408E-01
    27   2.5650000             230400  7.5652256368041049E-01
    28   2.6600000             230400  7.5652250435651358E-01
    29   2.7550000             230400  7.5652286416953007E-01
    30   2.8500000             230400  7.5652363828679459E-01
    31   2.9450000             230400  7.5652481725432785E-01
    32   3.0400000             230400  7.5652638654923532E-01
    33   3.1350000             230400  7.5652832607254172E-01
    34   3.2300000             230400  7.5653061031452185E-01
    35   3.3250000             230400  7.5653320908454202E-01
    36   3.4200000             230400  7.5653608830827190E-01
    37   3.5150000             230400  7.5653921073298536E-01
    38   3.6100000             230400  7.5654253642343816E-01
    39   3.7050000             230400  7.5654602276833316E-01
    40   3.8000000             230400  7.5654962427120753E-01
    41   3.8950000             230400  7.5655329304076235E-01
    42   3.9900000             230400  7.5655698029714979E-01
    43   4.0850000             230400  7.5656063800760898E-01
    44   4.1800000             230400  7.5656421959689846E-01
    45   4.2750000             230400  7.5656767964349436E-01
    46   4.3700000             230400  7.5657097344858371E-01
    47   4.4650000             230400  7.5657405741764583E-01
    48   4.5600000             230400  7.5657689026413122E-01
    49   4.6550000             230400  7.5657943425568330E-01
    50   4.7500000             230400  7.5658165601487581E-01
    51   4.8450000             230400  7.5658352696686937E-01
    52   4.9400000             230400  7.5658502340730349E-01
    53   5.0350000             230400  7.5658612600189779E-01
    54   5.1300000             230400  7.5658681915466874E-01
    55   5.2250000             230400  7.5658709123044376E-01
    56   5.3200000             230400  7.5658693583162728E-01
    57   5.4150000             230400  7.5658635299227872E-01
    58   5.5100000             230400  7.5658534925896337E-01
    59   5.6050000             230400  7.5658393692733461E-01
    60   5.7000000             230400  7.5658213307450906E-01
    61   5.7950000             230400  7.5657995869790584E-01
    62   5.8900000             230400  7.5657743867219041E-01
    63   5.9850000             230400  7.5657460286048539E-01
    64   6.0800000             230400  7.5657148672340413E-01
    65   6.1750000             230400  7.5656812965630071E-01
    66   6.2700000             230400  7.5656457231898189E-01
    67   6.3650000             230400  7.5656085574424292E-01
    68   6.4600000             230400  7.5655702243563250E-01
    69   6.5550000             230400  7.5655311696624583E-01
    70   6.6500000             230400  7.5654918468432708E-01
    71   6.7450000             230400  7.5654527003283123E-01
    72   6.8400000             230400  7.5654141621920301E-01
    73   6.9350000             230400  7.5653766568089331E-01
    74   7.0300000             230400  7.5653406006839230E-01
    75   7.1250000             230400  7.5653063973253776E-01
    76   7.2200000             230400  7.5652744284388174E-01
    77   7.3150000             230400  7.5652450360352863E-01
    78   7.4100000             230400  7.5652184998410377E-01
    79   7.5050000             230400  7.5651950276834456E-01
    80   7.6000000             230400  7.5651747669741232E-01
    81   7.6950000             230400  7.5651578236211303E-01
    82   7.7900000             230400  7.5651442680789893E-01
    83   7.8850000             230400  7.5651341214431911E-01
    84   7.9800000             230400  7.5651273317439449E-01
    85   8.0750000             230400  7.5651237576585495E-01
    86   8.1700000             230400  7.5651231722258416E-01
    87   8.2650000             230400  7.5651252862621776E-01
    88   8.3600000             230400  7.5651297736368139E-01
    89   8.4550000             230400  7.5651362747090811E-01
    90   8.5500000             230400  7.5651443759228909E-01
    91   8.6450000             230400  7.5651535906014300E-01
    92   8.7400000             230400  7.5651633615029956E-01
    93   8.8350000             230400  7.5651730786397287E-01
    94   8.9300000             230400  7.5651820938330294E-01
    95   9.0250000             230400  7.5651897233090526E-01
    96   9.1200000             230400  7.5651952406348977E-01
    97   9.2150000             230400  7.5651978637289918E-01
    98   9.3100000             230400  7.5651967402762765E-01
    99   9.4050000             230400  7.5651909460764077E-01
   100   9.5000000             230400  7.5651795146341261E-01
   101   9.5950000             230400  7.5651614875898288E-01
   102   9.6900000             230400  7.5651359393708884E-01
   103   9.7850000             230400  7.5651019449436907E-01
   104   9.8800000             230400  7.5650585196394393E-01
   105   9.9750000             230400  7.5650045869105298E-01
   106   10.070000             230400  7.5649389924855970E-01
   107   10.165000             230400  7.5648605390498669E-01
   108   10.260000             230400  7.5647680136919770E-01
   109   10.355000             230400  7.5646601981119299E-01
   110   10.450000             230400  7.5645358560434639E-01
   111   10.545000             230400  7.5643936972966941E-01
   112   10.640000             230400  7.5642323365153774E-01
   113   10.735000             230400  7.5640502693222089E-01
   114   10.830000             230400  7.5638458647983453E-01
   115   10.925000             230400  7.5636173550792318E-01
   116   11.020000             230400  7.5633628123938901E-01
   117   11.115000             230400  7.5630801178844687E-01
   118   11.210000             230400  7.5627669318016444E-01
   119   11.305000             230400  7.5624206867555199E-01
   120   11.400000             230400  7.5620386237596549E-01
   121   11.495000             230400  7.5616178366720233E-01
   122   11.590000             230400  7.5611552341444499E-01
   123   11.685000             230400  7.5606473669304131E-01
   124   11.780000             230400  7.5600901908336471E-01
   125   11.875000             230400  7.5594789174864163E-01
   126   11.970000             230400  7.5588080529509105E-01
   127   12.065000             230400  7.5580715729529491E-01
   128   12.160000             230400  7.5572630760535620E-01
   129   12.255000             230400  7.5563758000660863E-01
   130   12.350000             230400  7.5554025120910207E-01
   131   12.445000             230400  7.5543353320464435E-01
   132   12.540000             230400  7.5531655157153388E-01
   133   12.635000             230400  7.5518832294465854E-01
   134   12.730000             230400  7.5504773978539341E-01
   135   12.825000             230400  7.5489356866294210E-01
   136   12.920000             230400  7.5472446045698960E-01
   137   13.015000             230400  7.5453896804183795E-01
   138   13.110000             230400  7.5433556565864845E-01
   139   13.205000             230400  7.5411265462464017E-01
   140   13.300000             230400  7.5386853673844578E-01
   141   13.395000             230400  7.5360135833831110E-01
   142   13.490000             230400  7.5330905546090499E-01
   143   13.585000             230400  7.5298933363493004E-01
   144   13.680000             230400  7.5263969595412394E-01
   145   13.775000             230400  7.5225750948562853E-01
   146   13.870000             230400  7.5184007665638553E-01
   147   13.965000             230400  7.5138466745033616E-01
   148   14.060000             230400  7.5088849959838533E-01
   149   14.155000             230400  7.5034871015542559E-01
   150   14.250000             230400  7.4976236665068208E-01
   151   14.345000             230400  7.4912650977941420E-01
   152   14.440000             230400  7.4843818867748879E-01
   153   14.535000             230400  7.4769447602530348E-01
   154   14.630000             230400  7.4689247584374030E-01
   155   14.725000             230400  7.4602933576428132E-01
   156   14.820000             230400  7.4510229276789286E-01
   157   14.915000             230400  7.4410877908826878E-01
   158   15.010000             230400  7.4304654909589152E-01
   159   15.105000             230400  7.4191374713855718E-01
   160   15.200000             230400  7.4070890739229300E-01
   161   15.295000             230400  7.3943097301629024E-01
   162   15.390000             230400  7.3807940388821547E-01
   163   15.485000             230400  7.3665433703324945E-01
   164   15.580000             230400  7.3515670467814676E-01
   165   15.675000             230400  7.3358825665411409E-01
   166   15.770000             230400  7.3195151297320815E-01
   167   15.865000             230400  7.3024972490724949E-01
   168   15.960000             230400  7.2848690848439368E-01
   169   16.055000             230400  7.2666792791074675E-01
   170   16.150000             230400  7.2479855666209947E-01
   171   16.245000             230400  7.2288544263612775E-01
   172   16.340000             230400  7.2093602891874364E-01
   173   16.435000             230400  7.1895858110632838E-01
   174   16.530000             230400  7.1696234895230693E-01
   175   16.625000             230400  7.1495775724432020E-01
   176   16.720000             230400  7.1295650292513790E-01
   177   16.815000             230400  7.1097163318087897E-01
   178   16.910000             230400  7.0901775919924948E-01
   179   17.005000             230400  7.0711138831070852E-01
   180   17.100000             230400  7.0527119384242565E-01
   181   17.195000             230400  7.0351808413439820E-01
   182   17.290000             230400  7.0187499879775339E-01
   183   17.385000             230400  7.0036627838664134E-01
   184   17.480000             230400  6.9901644651203321E-01
   185   17.575000             230400  6.9784865155804621E-01
   186   17.670000             230400  6.9688339819433831E-01
   187   17.765000             230400  6.9613790261980346E-01
   188   17.860000             230400  6.9562574473366312E-01
   189   17.955000             230400  6.9535630937726634E-01
   190   18.050000             230400  6.9533407665485392E-01
   191   18.145000             230400  6.9555807935791725E-01
   192   18.240000             230400  6.9602178104205459E-01
   193   18.335000             230400  6.9671332927303364E-01
   194   18.430000             230400  6.9761602827656710E-01
   195   18.525000             230400  6.9870898843994911E-01
   196   18.620000             230400  6.9996781872788616E-01
   197   18.715000             230400  7.0136534569126896E-01
   198   18.810000             230400  7.0287215413896953E-01
   199   18.905000             230400  7.0445678723844807E-01
   200   19.000000             230400  7.0608589196883842E-01
   201   19.095000             230400  7.0772481335371062E-01
   202   19.190000             230400  7.0933884135939640E-01
   203   19.285000             230400  7.1089434873485668E-01
   204   19.380000             230400  7.1235898458140035E-01
   205   19.475000             230400  7.1370155390713652E-01
   206   19.570000             230400  7.1489260597503734E-01
   207   19.665000             230400  7.1590539795089803E-01
   208   19.760000             230400  7.1671646352248630E-01
   209   19.855000             230400  7.1730605103170975E-01
   210   19.950000             230400  7.1765902708220985E-01
   211   20.045000             230400  7.1776581511528137E-01
   212   20.140000             230400  7.1762258167476223E-01
   213   20.235000             230400  7.1723085411895182E-01
   214   20.330000             230400  7.1659706938686307E-01
   215   20.425000             230400  7.1573199984659230E-01
   216   20.520000             230400  7.1465006212984994E-01
   217   20.615000             230400  7.1336881592573365E-01
   218   20.710000             230400  7.1190859923116090E-01
   219   20.805000             230400  7.1029165728305943E-01
   220   20.900000             230400  7.0854088034898255E-01
   221   20.995000             230400  7.0667916827861110E-01
   222   21.090000             230400  7.0472969297472576E-01
   223   21.185000             230400  7.0271642004215917E-01
   224   21.280000             230400  7.0066414202958593E-01
   225   21.375000             230400  6.9859797847186567E-01
   226   21.470000             230400  6.9654325964491814E-01
   227   21.565000             230400  6.9452626417707952E-01
   228   21.660000             230400  6.9257486784332090E-01
   229   21.755000             230400  6.9071830235740994E-01
   230   21.850000             230400  6.8898603563213334E-01
   231   21.945000             230400  6.8740585537054300E-01
   232   22.040000             230400  6.8600199691904518E-01
   233   22.135000             230400  6.8479431822269721E-01
   234   22.230000             230400  6.8379779787120554E-01
   235   22.325000             230400  6.8302127234222554E-01
   236   22.420000             230400  6.8246595088326834E-01
   237   22.515000             230400  6.8212484111587357E-01
   238   22.610000             230400  6.8198320666948642E-01
   239   22.705000             230400  6.8201951538272554E-01
   240   22.800000             230400  6.8220734868767208E-01
   241   22.895000             230400  6.8251878821921741E-01
   242   22.990000             230400  6.8292777204548583E-01
   243   23.085000             230400  6.8341166917856666E-01
   244   23.180000             230400  6.8395187358463772E-01
   245   23.275000             230400  6.8453466839622135E-01
   246   23.370000             230400  6.8515194619365039E-01
   247   23.465000             230400  6.8580113601368176E-01
   248   23.560000             230400  6.8648389873389914E-01
   249   23.655000             230400  6.8720452119288078E-01
   250   23.750000             230400  6.8796907404751739E-01
   251   23.845000             230400  6.8878337086724595E-01
   252   23.940000             230400  6.8964880383793226E-01
   253   24.035000             230400  6.9055930720505487E-01
   254   24.130000             230400  6.9150154038941025E-01
   255   24.225000             230400  6.9245680357187211E-01
   256   24.320000             230400  6.9340276681545987E-01
   257   24.415000             230400  6.9431388568773267E-01
   258   24.510000             230400  6.9516140693333162E-01
   259   24.605000             230400  6.9591560683038145E-01
   260   24.700000             230400  6.9655034768597190E-01
   261   24.795000             230400  6.9704684463440203E-01
   262   24.890000             230400  6.9739467381188880E-01
   263   24.985000             230400  6.9759150485496091E-01
   264   25.080000             230400  6.9764358631551748E-01
   265   25.175000             230400  6.9756645171481135E-01
   266   25.270000             230400  6.9738366189700041E-01
   267   25.365000             230400  6.9712322706308472E-01
   268   25.460000             230400  6.9681467403122799E-01
   269   25.555000             230400  6.9648839280408259E-01
   270   25.650000             230400  6.9617440776622319E-01
   271   25.745000             230400  6.9589950104070719E-01
   272   25.840000             230400  6.9568572016898633E-01
   273   25.935000             230400  6.9555128107961806E-01
   274   26.030000             230400  6.9551197756147687E-01
   275   26.125000             230400  6.9558128867679625E-01
   276   26.220000             230400  6.9576893860784905E-01
   277   26.315000             230400  6.9608002643248956E-01
   278   26.410000             230400  6.9651568358012739E-01
   279   26.505000             230400  6.9707469981001147E-01
   280   26.600000             230400  6.9775581074895765E-01
   281   26.695000             230400  6.9855734716812801E-01
   282   26.790000             230400  6.9947238823941993E-01
   283   26.885000             230400  7.0048497304709956E-01
   284   26.980000             230400  7.0157316932046354E-01
   285   27.075000             230400  7.0271578940523938E-01
   286   27.170000             230400  7.0389394721348930E-01
   287   27.265000             230400  7.0508783161181143E-01
   288   27.360000             230400  7.0627526579681266E-01
   289   27.455000             230400  7.0743148828190061E-01
   290   27.550000             230400  7.0852942243294736E-01
   291   27.645000             230400  7.0954250870750202E-01
   292   27.740000             230400  7.1045011620995013E-01
   293   27.835000             230400  7.1124327972045587E-01
   294   27.930000             230400  7.1192764731948288E-01
   295   28.025000             230400  7.1252087341165438E-01
   296   28.120000             230400  7.1304398771509314E-01
   297   28.215000             230400  7.1351135953022715E-01
   298   28.310000             230400  7.1392286215228828E-01
   299   28.405000             230400  7.1426119888563377E-01
   300   28.500000             230400  7.1449971117271771E-01
   301   28.595000             230400  7.1461532383435322E-01
   302   28.690000             230400  7.1459717719197924E-01
   303   28.785000             230400  7.1445066169155169E-01
   304   28.880000             230400  7.1419282033423592E-01
   305   28.975000             230400  7.1383737618094978E-01
   306   29.070000             230400  7.1338180192263123E-01
   307   29.165000             230400  7.1280329565921696E-01
   308   29.260000             230400  7.1206036493666824E-01
   309   29.355000             230400  7.1110160449244608E-01
   310   29.450000             230400  7.0988006621152133E-01
   311   29.545000             230400  7.0836398733789530E-01
   312   29.640000             230400  7.0654148886830359E-01
   313   29.735000             230400  7.0442086871423326E-01
   314   29.830000             230400  7.0202481360426872E-01
   315   29.925000             230400  6.9938257064909570E-01
   316   30.020000             230400  6.9652357849886593E-01
   317   30.115000             230400  6.9347193581125666E-01
   318   30.210000             230400  6.9024462195141634E-01
   319   30.305000             230400  6.8685210521758600E-01
   320   30.400000             230400  6.8330029812940440E-01
   321   30.495000             230400  6.7959486123987367E-01
   322   30.590000             230400  6.7574277035355967E-01
   323   30.685000             230400  6.7174821668041551E-01
   324   30.780000             230400  6.6761203609548747E-01
   325   30.875000             230400  6.6334015806894109E-01
   326   30.970000             230400  6.5895318216271015E-01
   327   31.065000             230400  6.5449011942102653E-01
   328   31.160000             230400  6.5000695943987696E-01
   329   31.255000             230400  6.4557442331807335E-01
   330   31.350000             230400  6.4127389728823236E-01
   331   31.445000             230400  6.3718858802389788E-01
   332   31.540000             230400  6.3339338405615164E-01
   333   31.635000             230400  6.2994764912618628E-01
   334   31.730000             230400  6.2689220726608408E-01
   335   31.825000             230400  6.2425085042112416E-01
   336   31.920000             230400  6.2203289292775299E-01
   337   32.015000             230400  6.2023297510311814E-01
   338   32.110000             230400  6.1882945704513048E-01
   339   32.205000             230400  6.1778457839403289E-01
   340   32.300000             230400  6.1704679112164729E-01
   341   32.395000             230400  6.1655366940689182E-01
   342   32.490000             230400  6.1623787270695463E-01
   343   32.585000             230400  6.1603834871306662E-01
   344   32.680000             230400  6.1590942178144781E-01
   345   32.775000             230400  6.1581995605667905E-01
   346   32.870000             230400  6.1574486377481619E-01
   347   32.965000             230400  6.1565606219918190E-01
   348   33.060000             230400  6.1551882799581692E-01
   349   33.155000             230400  6.1529532465175762E-01
   350   33.250000             230400  6.1495072693748198E-01
   351   33.345000             230400  6.1446080743443388E-01
   352   33.440000             230400  6.1382296854723029E-01
   353   33.535000             230400  6.1306333725274897E-01
   354   33.630000             230400  6.1223428317867623E-01
   355   33.725000             230400  6.1140907490072816E-01
   356   33.820000             230400  6.1067534183889727E-01
   357   33.915000             230400  6.1012405113723189E-01
   358   34.010000             230400  6.0983860904870157E-01
   359   34.105000             230400  6.0988709710344058E-01
   360   34.200000             230400  6.1031781922297812E-01
   361   34.295000             230400  6.1115972779991357E-01
   362   34.390000             230400  6.1242205004389005E-01
   363   34.485000             230400  6.1409263367603006E-01
   364   34.580000             230400  6.1614128723866091E-01
   365   34.675000             230400  6.1852630185621726E-01
   366   34.770000             230400  6.2120817228138447E-01
   367   34.865000             230400  6.2416867777348994E-01
   368   34.960000             230400  6.2741785115623294E-01
   369   35.055000             230400  6.3098555515574317E-01
   370   35.150000             230400  6.3490896791030293E-01
   371   35.245000             230400  6.3922227098211826E-01
   372   35.340000             230400  6.4394947288968174E-01
   373   35.435000             230400  6.4910283207165231E-01
   374   35.530000             230400  6.5468245279928716E-01
   375   35.625000             230400  6.6066744553796852E-01
   376   35.720000             230400  6.6700364847568272E-01
   377   35.815000             230400  6.7359997798389182E-01
   378   35.910000             230400  6.8033909569852080E-01
   379   36.005000             230400  6.8710248041166067E-01
   380   36.100000             230400  6.9379487660561578E-01
   381   36.195000             230400  7.0034662271503578E-01
   382   36.290000             230400  7.0668875562948563E-01
   383   36.385000             230400  7.1271971013890478E-01
   384   36.480000             230400  7.1828862612665823E-01
   385   36.575000             230400  7.2320692644247164E-01
   386   36.670000             230400  7.2728483147935363E-01
   387   36.765000             230400  7.3038148605760234E-01
   388   36.860000             230400  7.3243732102395942E-01
   389   36.955000             230400  7.3346383407628590E-01
   390   37.050000             230400  7.3350350388150098E-01
   391   37.145000             230400  7.3258885444103949E-01
   392   37.240000             230400  7.3072247642987476E-01
   393   37.335000             230400  7.2788557121026576E-01
   394   37.430000             230400  7.2406738380336388E-01
   395   37.525000             230400  7.1930097250027325E-01
   396   37.620000             230400  7.1368954679330643E-01
   397   37.715000             230400  7.0740175299545704E-01
   398   37.810000             230400  7.0063425335182061E-01
   399   37.905000             230400  6.9356530694666396E-01
   400   38.000000             230400  6.8633234417927835E-01
   401   38.095000             230400  6.7904453677631627E-01
   402   38.190000             230400  6.7181090650091202E-01
   403   38.285000             230400  6.6475619570998079E-01
   404   38.380000             230400  6.5801446782001016E-01
   405   38.475000             230400  6.5170714373262717E-01
   406   38.570000             230400  6.4591869752643083E-01
   407   38.665000             230400  6.4068363637866721E-01
   408   38.760000             230400  6.3598596849201539E-01
   409   38.855000             230400  6.3177364690376447E-01
   410   38.950000             230400  6.2798128567909806E-01
   411   39.045000             230400  6.2454723501004805E-01
   412   39.140000             230400  6.2141689101345698E-01
   413   39.235000             230400  6.1853533769771130E-01
   414   39.330000             230400  6.1584341558998834E-01
   415   39.425000             230400  6.1328452050746995E-01
   416   39.520000             230400  6.1082070062749749E-01
   417   39.615000             230400  6.0844753014356090E-01
   418   39.710000             230400  6.0619146159769688E-01
   419   39.805000             230400  6.0408937670349250E-01
   420   39.900000             230400  6.0217047229111120E-01
   421   39.995000             230400  6.0045443915860153E-01
   422   40.090000             230400  5.9896196207728747E-01
