! EM field energy per field component
  Iter        Time                          B1                      B2                      B3                      E1                      E2                      E3
     0   0.0000000      0.0000000000000000E+00  0.0000000000000000E+00  0.0000000000000000E+00  0.0000000000000000E+00  0.0000000000000000E+00  0.0000000000000000E+00
     1  0.95000000E-01  0.0000000000000000E+00  5.9677921297423478E-10  6.9649684427447299E-10  5.4187273527655232E-09  8.3281880693759992E-09  8.1859559686452132E-09
     2  0.19000000      0.0000000000000000E+00  6.7932813949444280E-09  7.9513447897370678E-09  2.1409061138141478E-08  2.4503967744163752E-08  2.4284496562501273E-08
     3  0.28500000      0.0000000000000000E+00  2.1066046947762026E-08  2.4749545731029847E-08  4.7127712095794990E-08  3.8734234823308590E-08  3.8552070334813558E-08
     4  0.38000000      0.0000000000000000E+00  3.7952519412433244E-08  4.5195876419137820E-08  8.1184223443422008E-08  5.1062783746371571E-08  5.0444493113474205E-08
     5  0.47500000      0.0000000000000000E+00  5.2235999263721764E-08  6.5033728373542156E-08  1.2172514035761375E-07  6.1867329946028212E-08  6.1452309079798771E-08
     6  0.57000000      0.0000000000000000E+00  6.3832199449426053E-08  8.6055448884331232E-08  1.6654602944817044E-07  6.8398014214254985E-08  7.0359161908158938E-08
     7  0.66500000      0.0000000000000000E+00  7.5835796099164946E-08  1.1136149298779299E-07  2.1322405921097598E-07  6.8403858970874070E-08  7.4149240565451794E-08
     8  0.76000000      0.0000000000000000E+00  8.9318809245504098E-08  1.3926056185366436E-07  2.5926279730009900E-07  6.4429854379338718E-08  7.2874592773607352E-08
     9  0.85500000      0.0000000000000000E+00  1.0338193022198869E-07  1.6400698789163532E-07  3.0224080396575958E-07  6.1362779335554402E-08  6.8726916513052188E-08
    10  0.95000000      0.0000000000000000E+00  1.1849586910995894E-07  1.8083849322502080E-07  3.3995444247098197E-07  6.1313936003710595E-08  6.1519344786169925E-08
    11   1.0450000      0.0000000000000000E+00  1.3493497311450527E-07  1.8822468047188450E-07  3.7054625928269378E-07  6.3261007565321646E-08  5.0509638404848553E-08
    12   1.1400000      0.0000000000000000E+00  1.4933861669969881E-07  1.8776588390676633E-07  3.9261088762990204E-07  6.5244684944156767E-08  3.8662715374862920E-08
    13   1.2350000      0.0000000000000000E+00  1.5656317136105768E-07  1.8404612694460994E-07  4.0527222718919683E-07  6.5076334388481736E-08  3.1361723652269620E-08
    14   1.3300000      0.0000000000000000E+00  1.5621483348089412E-07  1.8209480967891550E-07  4.0822728630472926E-07  6.2710308537497597E-08  2.9187849234766422E-08
    15   1.4250000      0.0000000000000000E+00  1.5231004095528670E-07  1.8588308027260649E-07  4.0175450236788698E-07  5.9732834637019138E-08  2.8513492539671280E-08
    16   1.5200000      0.0000000000000000E+00  1.4730892009305773E-07  1.9875145706475926E-07  3.8668660122297151E-07  5.5647993712776462E-08  2.8092733287750886E-08
    17   1.6150000      0.0000000000000000E+00  1.4073263269185469E-07  2.2151889197342682E-07  3.6434945250369685E-07  4.8743681304391074E-08  2.9522005031851102E-08
    18   1.7100000      0.0000000000000000E+00  1.3182106253723603E-07  2.5107027465108619E-07  3.3647180525389133E-07  3.9142339335330629E-08  3.3804395826141204E-08
    19   1.8050000      0.0000000000000000E+00  1.2185439990306332E-07  2.8200523928130648E-07  3.0507086336946283E-07  3.0400282428617701E-08  3.8423917399182359E-08
    20   1.9000000      0.0000000000000000E+00  1.1078587626032289E-07  3.1158433597902227E-07  2.7232195600211546E-07  2.5813926169900984E-08  4.2083386004573268E-08
    21   1.9950000      0.0000000000000000E+00  9.6152510750206331E-08  3.4197617227275433E-07  2.4042017822421845E-07  2.4393076479643176E-08  4.6995743088012507E-08
    22   2.0900000      0.0000000000000000E+00  7.8383106365606242E-08  3.7493684189883316E-07  2.1144321020639370E-07  2.4477980056808792E-08  5.2958839294161747E-08
    23   2.1850000      0.0000000000000000E+00  6.1642186916669528E-08  4.0801933726744557E-07  1.8722394152019362E-07  2.7347923639822294E-08  5.6870195399163798E-08
    24   2.2800000      0.0000000000000000E+00  4.9692328985241240E-08  4.3869945344779890E-07  1.6924057800433610E-07  3.4054876515921908E-08  5.6791752703827122E-08
    25   2.3750000      0.0000000000000000E+00  4.1363570546387557E-08  4.6846790745109353E-07  1.5853086290681635E-07  4.2865458895246699E-08  5.6288415937194043E-08
    26   2.4700000      0.0000000000000000E+00  3.4177835715418765E-08  5.0145159660441036E-07  1.5563547707601137E-07  5.0345789206316654E-08  5.9394585567006529E-08
    27   2.5650000      0.0000000000000000E+00  3.1393724974518679E-08  5.3965719531844907E-07  1.6057349624041679E-07  5.4197367504203376E-08  6.1315454071173091E-08
    28   2.6600000      0.0000000000000000E+00  3.5912859582011820E-08  5.8038673181879438E-07  1.7285194414498869E-07  5.5064181313564243E-08  5.6659766271781503E-08
    29   2.7550000      0.0000000000000000E+00  4.4005183593876814E-08  6.1975026707661910E-07  1.9150755007693617E-07  5.5025569950154130E-08  4.7976818402015186E-08
    30   2.8500000      0.0000000000000000E+00  5.0502639030238355E-08  6.5883751021307522E-07  2.1517738981643240E-07  5.4515783787536741E-08  4.0305935796794245E-08
    31   2.9450000      0.0000000000000000E+00  5.4947881986600811E-08  7.0382497628572783E-07  2.4219451118526874E-07  5.3668782733854330E-08  3.4335603641820217E-08
    32   3.0400000      0.0000000000000000E+00  5.9957577526586858E-08  7.6062855564895885E-07  2.7070112345230321E-07  5.4785807936280971E-08  2.7930471270183966E-08
    33   3.1350000      0.0000000000000000E+00  6.5246415937833328E-08  8.3172997420239144E-07  2.9877190841754405E-07  5.8413140622216275E-08  2.2724606511620765E-08
    34   3.2300000      0.0000000000000000E+00  6.8173217481149843E-08  9.1395837225976514E-07  3.2453992837980642E-07  6.1102448625773804E-08  2.2970288637928149E-08
    35   3.3250000      0.0000000000000000E+00  6.9174516304481425E-08  9.9784645848012323E-07  3.4631661762858374E-07  5.9365106573356016E-08  2.8381920243114844E-08
    36   3.4200000      0.0000000000000000E+00  7.0618469415207767E-08  1.0730605788609102E-06  3.6269809429372202E-07  5.2909825569780577E-08  3.5338357690851136E-08
    37   3.5150000      0.0000000000000000E+00  7.1919088120983528E-08  1.1360982159635726E-06  3.7265136463949316E-07  4.4002098700455131E-08  4.2896093986008927E-08
    38   3.6100000      0.0000000000000000E+00  7.0321895935466048E-08  1.1922390032904191E-06  3.7557579293584760E-07  3.4536444865158898E-08  5.2844599093590228E-08
    39   3.7050000      0.0000000000000000E+00  6.6977018517872282E-08  1.2483509534332678E-06  3.7133571039906908E-07  2.6748146965620322E-08  6.3208739753055833E-08
    40   3.8000000      0.0000000000000000E+00  6.6497410692470539E-08  1.3069570232811021E-06  3.6026196234363316E-07  2.3956702931377075E-08  6.8833446586834360E-08
    41   3.8950000      0.0000000000000000E+00  7.0254643497236204E-08  1.3696539008968559E-06  3.4312250662668543E-07  2.7037194049230979E-08  6.8781623443163703E-08
    42   3.9900000      0.0000000000000000E+00  7.5539326310907589E-08  1.4407610023136080E-06  3.2106553287318503E-07  3.4805812259455741E-08  6.6520324789885156E-08
    43   4.0850000      0.0000000000000000E+00  8.1241292904016367E-08  1.5262116362679900E-06  2.9553951656192420E-07  4.7548610739038125E-08  6.3276787278364143E-08
    44   4.1800000      0.0000000000000000E+00  9.0515407960220432E-08  1.6335521300421091E-06  2.6819557893745946E-07  6.3939175788957378E-08  5.4894234003546464E-08
    45   4.2750000      0.0000000000000000E+00  1.0350925955526560E-07  1.7698363063666926E-06  2.4077836890365977E-07  7.9128370302345020E-08  4.0546155043168066E-08
    46   4.3700000      0.0000000000000000E+00  1.1332564769124061E-07  1.9355949317027122E-06  2.1501199460353495E-07  9.0242877690407886E-08  2.8005000499919046E-08
    47   4.4650000      0.0000000000000000E+00  1.1562372872991881E-07  2.1244276382754679E-06  1.9248892704575452E-07  9.7503432860759409E-08  2.2296435039570024E-08
    48   4.5600000      0.0000000000000000E+00  1.1318732283010135E-07  2.3276515533738135E-06  1.7456921898084896E-07  1.0185403159393053E-07  2.1270465388169068E-08
    49   4.6550000      0.0000000000000000E+00  1.1047648945459008E-07  2.5393559651771976E-06  1.6229683992004622E-07  1.0407891362969336E-07  2.2353410601337773E-08
    50   4.7500000      0.0000000000000000E+00  1.0947105765797915E-07  2.7601160645984858E-06  1.5633779588408604E-07  1.0364987928887074E-07  2.5811656846546022E-08
    51   4.8450000      0.0000000000000000E+00  1.0965732720618481E-07  2.9930483264462400E-06  1.5694433614037470E-07  1.0039487315396692E-07  3.3248239677693691E-08
    52   4.9400000      0.0000000000000000E+00  1.1140067765904096E-07  3.2342274538588955E-06  1.6394665421053101E-07  9.7859689810691886E-08  4.2225071696004791E-08
    53   5.0350000      0.0000000000000000E+00  1.1400533992917749E-07  3.4729617565832303E-06  1.7677235896753838E-07  9.8228859793086786E-08  4.9473759760476539E-08
    54   5.1300000      0.0000000000000000E+00  1.1362707028833431E-07  3.7014740829781958E-06  1.9449133555893064E-07  9.6755123013489084E-08  5.5646759200898984E-08
    55   5.2250000      0.0000000000000000E+00  1.0789010577586818E-07  3.9189565311959459E-06  2.1588284079797336E-07  8.9695159424797324E-08  6.1510242281603585E-08
    56   5.3200000      0.0000000000000000E+00  9.8946386108183712E-08  4.1312101253831042E-06  2.3952098571231933E-07  7.9809509424434132E-08  6.5134973125507150E-08
    57   5.4150000      0.0000000000000000E+00  9.1117120988454792E-08  4.3484934301288388E-06  2.6387151823595733E-07  7.1385030099216400E-08  6.3591217280766868E-08
    58   5.5100000      0.0000000000000000E+00  8.5196986487760939E-08  4.5805331468235983E-06  2.8739432031267822E-07  6.5437199182375802E-08  5.8332864111804094E-08
    59   5.6050000      0.0000000000000000E+00  7.8564494993877259E-08  4.8330524334102978E-06  3.0864367438958616E-07  6.1772590077578717E-08  5.4241103892207999E-08
    60   5.7000000      0.0000000000000000E+00  7.1111850522629526E-08  5.1113632441815894E-06  3.2636061732691531E-07  6.1691351038418565E-08  5.2036379510764052E-08
    61   5.7950000      0.0000000000000000E+00  6.4998967513122962E-08  5.4263496181370841E-06  3.3955099713316042E-07  6.6718974872033735E-08  4.8910575119145627E-08
    62   5.8900000      0.0000000000000000E+00  6.0333568910738954E-08  5.7932595832992217E-06  3.4754469711450042E-07  7.7536943479350960E-08  4.3881956107273713E-08
    63   5.9850000      0.0000000000000000E+00  5.4742542850928236E-08  6.2251067496615655E-06  3.5003244927034037E-07  9.2359463799216705E-08  3.9053375501179339E-08
    64   6.0800000      0.0000000000000000E+00  4.7845247389598388E-08  6.7251117628434910E-06  3.4707792428245446E-07  1.0723990418404531E-07  3.5075053255439231E-08
    65   6.1750000      0.0000000000000000E+00  4.2010117273423206E-08  7.2819889570210204E-06  3.3910485269207895E-07  1.1801712463284793E-07  3.0641268913610613E-08
    66   6.2700000      0.0000000000000000E+00  3.8158823327566035E-08  7.8701792314422226E-06  3.2686015902937912E-07  1.2284650057780215E-07  2.7059719188604845E-08
    67   6.3650000      0.0000000000000000E+00  3.5013550661829942E-08  8.4579390612794972E-06  3.1135629442673944E-07  1.2331308865958801E-07  2.7794911539375867E-08
    68   6.4600000      0.0000000000000000E+00  3.2798459296024950E-08  9.0249912588559686E-06  2.9379725192802505E-07  1.2226730323840346E-07  3.3464548658291226E-08
    69   6.5550000      0.0000000000000000E+00  3.6432905830117692E-08  9.5822187825137925E-06  2.7549328976720523E-07  1.1626396147654400E-07  3.7471086668372112E-08
    70   6.6500000      0.0000000000000000E+00  4.7234159982524409E-08  1.0164746786423498E-05  2.5776974318753810E-07  1.0299362159682324E-07  3.5835679456254513E-08
    71   6.7450000      0.0000000000000000E+00  5.5283865520691806E-08  1.0803717252256599E-05  2.4187748322091664E-07  9.4587813542744431E-08  3.8305257943969016E-08
    72   6.8400000      0.0000000000000000E+00  5.4742664602656664E-08  1.1517143194035346E-05  2.2891029569805030E-07  9.8085619536783496E-08  5.0290348958490215E-08
    73   6.9350000      0.0000000000000000E+00  5.1614525129081879E-08  1.2304871338976674E-05  2.1973389389115898E-07  1.0662076338429461E-07  6.4459044897339500E-08
    74   7.0300000      0.0000000000000000E+00  5.3254185772365846E-08  1.3144452007926858E-05  2.1493154147794216E-07  1.1464422860870069E-07  7.3382513157969947E-08
    75   7.1250000      0.0000000000000000E+00  6.2249689982691827E-08  1.4008313434823086E-05  2.1476894446002618E-07  1.2204371284478089E-07  7.4900585965893448E-08
    76   7.2200000      0.0000000000000000E+00  7.7033120402535994E-08  1.4886876077114504E-05  2.1918146561981059E-07  1.3028692715357171E-07  7.0735025640273266E-08
    77   7.3150000      0.0000000000000000E+00  9.5819536658638187E-08  1.5798494091291932E-05  2.2778473512020768E-07  1.3855185940765504E-07  6.1552336629486652E-08
    78   7.4100000      0.0000000000000000E+00  1.1645875408746103E-07  1.6778771298045917E-05  2.3990673425599368E-07  1.4600990722327633E-07  4.7879187164642471E-08
    79   7.5050000      0.0000000000000000E+00  1.3433038058010787E-07  1.7858873540017184E-05  2.5463898771431108E-07  1.5539772960176727E-07  3.3750245844331637E-08
    80   7.6000000      0.0000000000000000E+00  1.4545173443688555E-07  1.9050267596620019E-05  2.7090159503887319E-07  1.7092416933854722E-07  2.3529296286737991E-08
    81   7.6950000      0.0000000000000000E+00  1.5020460731809014E-07  2.0345230257538164E-05  2.8751874766762896E-07  1.9490700660075701E-07  1.7562851353574748E-08
    82   7.7900000      0.0000000000000000E+00  1.5132643457821563E-07  2.1732799736312141E-05  3.0329935037065685E-07  2.2721327726481705E-07  1.4069569316501942E-08
    83   7.8850000      0.0000000000000000E+00  1.4873056192394384E-07  2.3218463157984056E-05  3.1711866332005949E-07  2.6445057366286546E-07  1.4879204890802272E-08
    84   7.9800000      0.0000000000000000E+00  1.4073943772822257E-07  2.4825688584909182E-05  3.2799438076882176E-07  3.0156883285330953E-07  2.3330633701882517E-08
    85   8.0750000      0.0000000000000000E+00  1.2888281595258741E-07  2.6575938930018376E-05  3.3515072011538489E-07  3.3620466706425470E-07  3.7584592858328652E-08
    86   8.1700000      0.0000000000000000E+00  1.1626972404738935E-07  2.8472617549990608E-05  3.3806734452975210E-07  3.6777854974101005E-07  5.2356310907695814E-08
    87   8.2650000      0.0000000000000000E+00  1.0370633728042787E-07  3.0506611412060923E-05  3.3651079686056670E-07  3.9490071388763459E-07  6.3762836207395634E-08
    88   8.3600000      0.0000000000000000E+00  8.9142515922600972E-08  3.2675722242356241E-05  3.3054595298209493E-07  4.1473052034075886E-07  7.1796881164331177E-08
    89   8.4550000      0.0000000000000000E+00  7.2742848191793084E-08  3.4993164770316127E-05  3.2052742990625438E-07  4.2609003232497275E-07  7.5956902174039898E-08
    90   8.5500000      0.0000000000000000E+00  5.8475361001653638E-08  3.7475302878099530E-05  3.0707155382330600E-07  4.3183418355298276E-07  7.3523985259541525E-08
    91   8.6450000      0.0000000000000000E+00  4.8289531637985623E-08  4.0124479703939275E-05  2.9101108457900184E-07  4.3443286400385323E-07  6.5533804813428940E-08
    92   8.7400000      0.0000000000000000E+00  4.0932118494834613E-08  4.2921815465372418E-05  2.7333603406974273E-07  4.3339359452443198E-07  5.6153664464113174E-08
    93   8.8350000      0.0000000000000000E+00  3.5549105307213874E-08  4.5835521493746350E-05  2.5512533333430172E-07  4.2963908803550789E-07  4.7780229958940384E-08
    94   8.9300000      0.0000000000000000E+00  3.4193124760282553E-08  4.8843586941729214E-05  2.3747383850469314E-07  4.2766041075083881E-07  3.8452731577668334E-08
    95   9.0250000      0.0000000000000000E+00  3.7857464410466285E-08  5.1956691510015755E-05  2.2141974188283544E-07  4.3297730677907335E-07  2.6857483239337188E-08
    96   9.1200000      0.0000000000000000E+00  4.1270185201216324E-08  5.5224453243479496E-05  2.0787733265225398E-07  4.4884850011349999E-07  1.9428478661212435E-08
    97   9.2150000      0.0000000000000000E+00  4.0680598261023251E-08  5.8718832619996145E-05  1.9757979789235853E-07  4.7503120684498399E-07  2.0663058350746387E-08
    98   9.3100000      0.0000000000000000E+00  3.9675717780540189E-08  6.2504156719342361E-05  1.9103518510495238E-07  5.1011489646133451E-07  2.6120485678391378E-08
    99   9.4050000      0.0000000000000000E+00  4.2446387046370927E-08  6.6617668949504300E-05  1.8849880532866938E-07  5.5434269741810967E-07  3.0659372120053490E-08
   100   9.5000000      0.0000000000000000E+00  4.8176120911196030E-08  7.1079601451979910E-05  1.8996294581814590E-07  6.0777834873185102E-07  3.4747292915307542E-08
   101   9.5950000      0.0000000000000000E+00  5.3777415064222537E-08  7.5920115065453508E-05  1.9516460574710290E-07  6.6745000791836772E-07  4.1146490453053526E-08
   102   9.6900000      0.0000000000000000E+00  5.9312009477387751E-08  8.1188359773417854E-05  2.0361077154875675E-07  7.3051249940032583E-07  4.8474712536744135E-08
   103   9.7850000      0.0000000000000000E+00  6.6550111689985670E-08  8.6930556785304951E-05  2.1461898077079975E-07  7.9574884372370717E-07  5.3153688516457886E-08
   104   9.8800000      0.0000000000000000E+00  7.3926703435471886E-08  9.3156094745075514E-05  2.2736917699216678E-07  8.6015438388447779E-07  5.6093341314277928E-08
   105   9.9750000      0.0000000000000000E+00  7.8864594321961136E-08  9.9824477230586522E-05  2.4096335340668529E-07  9.1858022504628837E-07  6.0050981270944899E-08
   106   10.070000      0.0000000000000000E+00  8.2558911515520226E-08  1.0687288607798945E-04  2.5448906067546095E-07  9.6717787002772636E-07  6.3818564835813245E-08
   107   10.165000      0.0000000000000000E+00  8.8225698368093958E-08  1.1426615102848736E-04  2.6708253534853571E-07  1.0068167828130567E-06  6.3816427398124339E-08
   108   10.260000      0.0000000000000000E+00  9.5545854114583679E-08  1.2202965112694314E-04  2.7798709009271807E-07  1.0411771938012585E-06  6.0545455555164412E-08
   109   10.355000      0.0000000000000000E+00  1.0178486065713561E-07  1.3023827049508805E-04  2.8660234604116890E-07  1.0740121970641205E-06  5.7358211692864455E-08
   110   10.450000      0.0000000000000000E+00  1.0745081089640631E-07  1.3897348920096316E-04  2.9252043007683489E-07  1.1106196877601974E-06  5.3530482960997530E-08
   111   10.545000      0.0000000000000000E+00  1.1483033832724640E-07  1.4828999116066712E-04  2.9554694523463687E-07  1.1562744965826279E-06  4.5869138540192294E-08
   112   10.640000      0.0000000000000000E+00  1.2223917965270800E-07  1.5821453847616524E-04  2.9570736492824997E-07  1.2131142118198536E-06  3.5344890360247183E-08
   113   10.735000      0.0000000000000000E+00  1.2399337610958995E-07  1.6876762998888127E-04  2.9323834586527261E-07  1.2838190871891994E-06  2.8005224667892040E-08
   114   10.830000      0.0000000000000000E+00  1.1882691547040706E-07  1.7999212930273038E-04  2.8856466588860508E-07  1.3734746874675620E-06  2.5973752336903112E-08
   115   10.925000      0.0000000000000000E+00  1.1262691674901345E-07  1.9197066074802538E-04  2.8226240044904034E-07  1.4839194670690180E-06  2.4085053250614997E-08
   116   11.020000      0.0000000000000000E+00  1.0846105098434671E-07  2.0481650278083948E-04  2.7501063503997064E-07  1.6131209506115449E-06  2.1259227265028197E-08
   117   11.115000      0.0000000000000000E+00  1.0359492609079656E-07  2.1865048257858934E-04  2.6753779966061829E-07  1.7581218627059247E-06  2.2703951375375350E-08
   118   11.210000      0.0000000000000000E+00  9.6417758542421826E-08  2.3358259697839985E-04  2.6056671341968005E-07  1.9155519761627724E-06  3.0682373014456132E-08
   119   11.305000      0.0000000000000000E+00  8.8573546152890179E-08  2.4969881558552204E-04  2.5476152281928939E-07  2.0824390763204080E-06  4.2486547791138619E-08
   120   11.400000      0.0000000000000000E+00  8.2273544713960603E-08  2.6704972150791976E-04  2.5067954017563434E-07  2.2551604521097582E-06  5.3618167147112941E-08
   121   11.495000      0.0000000000000000E+00  7.6508767308545822E-08  2.8564307408726028E-04  2.4873208414703869E-07  2.4282171526305409E-06  6.3217763790261879E-08
   122   11.590000      0.0000000000000000E+00  7.0073289112188506E-08  3.0544932896134613E-04  2.4915671056557466E-07  2.6006010278194054E-06  7.1202003356633060E-08
   123   11.685000      0.0000000000000000E+00  6.5189414468867208E-08  3.2643610244949544E-04  2.5200363703403955E-07  2.7805680474079310E-06  7.4273925559600668E-08
   124   11.780000      0.0000000000000000E+00  6.3582602502467243E-08  3.4862621551634939E-04  2.5713598412742025E-07  2.9765106778768916E-06  7.0833656300454862E-08
   125   11.875000      0.0000000000000000E+00  6.3952270596697471E-08  3.7213628541535093E-04  2.6424434336010628E-07  3.1909305923106839E-06  6.3252817837433591E-08
   126   11.970000      0.0000000000000000E+00  6.4159765322565652E-08  3.9716842289108867E-04  2.7287405533610847E-07  3.4249662285960360E-06  5.4995465737947978E-08
   127   12.065000      0.0000000000000000E+00  6.4899472605048164E-08  4.2396744678010746E-04  2.8246273136062116E-07  3.6806040014175631E-06  4.6133087109380003E-08
   128   12.160000      0.0000000000000000E+00  6.8172657508112563E-08  4.5276897383597571E-04  2.9238625524946969E-07  3.9572082120097719E-06  3.4871692942690096E-08
   129   12.255000      0.0000000000000000E+00  7.1888564841190639E-08  4.8376179667061173E-04  3.0200885966859517E-07  4.2492663189815072E-06  2.4223878471825194E-08
   130   12.350000      0.0000000000000000E+00  7.2097510951604721E-08  5.1708193564575908E-04  3.1073348997483760E-07  4.5495598739440538E-06  1.9174108191213100E-08
   131   12.445000      0.0000000000000000E+00  6.8287949296816990E-08  5.5284021896362336E-04  3.1804854285626547E-07  4.8512824641772225E-06  2.0634118384030725E-08
   132   12.540000      0.0000000000000000E+00  6.3255129219557780E-08  5.9115578974116764E-04  3.2356921052265530E-07  5.1494498303291162E-06  2.5671786425376777E-08
   133   12.635000      0.0000000000000000E+00  5.8738841791291191E-08  6.3216409683048618E-04  3.2706868130906232E-07  5.4404899710805308E-06  3.2597665063448208E-08
   134   12.730000      0.0000000000000000E+00  5.4728448178747837E-08  6.7599134136606728E-04  3.2849676394845913E-07  5.7212960044542003E-06  4.1565565841044080E-08
   135   12.825000      0.0000000000000000E+00  5.2599464702549074E-08  7.2271863147840127E-04  3.2798577447046405E-07  5.9901311978589177E-06  5.0266703945512992E-08
   136   12.920000      0.0000000000000000E+00  5.3906780066289834E-08  7.7236902579455417E-04  3.2584141570307743E-07  6.2494373856794638E-06  5.5193790337437528E-08
   137   13.015000      0.0000000000000000E+00  5.6472691952519866E-08  8.2493057077716249E-04  3.2252063445135334E-07  6.5109534573393545E-06  5.6307069195782575E-08
   138   13.110000      0.0000000000000000E+00  5.4086946817960086E-08  8.8041075685648881E-04  3.1859967949103618E-07  6.8010505736398446E-06  5.8953788620078031E-08
   139   13.205000      0.0000000000000000E+00  4.6007090877523432E-08  9.3892333333970538E-04  3.1473307816622541E-07  7.1507382038728325E-06  6.4568581420235706E-08
   140   13.300000      0.0000000000000000E+00  4.2574275562603836E-08  1.0007797813008038E-03  3.1160539967489225E-07  7.5796896026298992E-06  6.3412343754269657E-08
   141   13.395000      0.0000000000000000E+00  4.9258930366980613E-08  1.0665186548910082E-03  3.0988203176129492E-07  8.1085305205703108E-06  5.2850788784214151E-08
   142   13.490000      0.0000000000000000E+00  6.0316181759058044E-08  1.1368533931310060E-03  3.1016120516095261E-07  8.7584448819881160E-06  4.2804403519007391E-08
   143   13.585000      0.0000000000000000E+00  7.1277670370518170E-08  1.2125429712600516E-03  3.1292935484751880E-07  9.5287129766688092E-06  3.8940104822415076E-08
   144   13.680000      0.0000000000000000E+00  8.2637342439570445E-08  1.2942297720984583E-03  3.1852483533145398E-07  1.0396006856053612E-05  3.9569499253493653E-08
   145   13.775000      0.0000000000000000E+00  9.6488484151189960E-08  1.3823563697124245E-03  3.2711302366451278E-07  1.1325470467066811E-05  4.0123933624079249E-08
   146   13.870000      0.0000000000000000E+00  1.1218567060504893E-07  1.4772067052878336E-03  3.3867292140795347E-07  1.2281106641123900E-05  3.9228336945340961E-08
   147   13.965000      0.0000000000000000E+00  1.2747201286493828E-07  1.5790024903678465E-03  3.5299905147575437E-07  1.3229193492617982E-05  3.7770295623971405E-08
   148   14.060000      0.0000000000000000E+00  1.4179072529959511E-07  1.6879471284289794E-03  3.6971753226795538E-07  1.4139962585199369E-05  3.4957186285309343E-08
   149   14.155000      0.0000000000000000E+00  1.5416271980831784E-07  1.8041855893274562E-03  3.8831436608643100E-07  1.4994953755064151E-05  3.0924542157890568E-08
   150   14.250000      0.0000000000000000E+00  1.6092544279375697E-07  1.9277566858723304E-03  4.0816854699895657E-07  1.5794121633945512E-05  2.9282251291433581E-08
   151   14.345000      0.0000000000000000E+00  1.5885099056149138E-07  2.0586314737181437E-03  4.2859025998884139E-07  1.6557590656422340E-05  3.3339518136179291E-08
   152   14.440000      0.0000000000000000E+00  1.4933130587062112E-07  2.1968546378821376E-03  4.4886944377157551E-07  1.7323496104187157E-05  4.1066868674564437E-08
   153   14.535000      0.0000000000000000E+00  1.3577930684394976E-07  2.3427205079313272E-03  4.6832703134297432E-07  1.8140197369569573E-05  4.8210187044019246E-08
   154   14.630000      0.0000000000000000E+00  1.1847416363523633E-07  2.4968807646296386E-03  4.8636449884328894E-07  1.9053918443057415E-05  5.4810358447566678E-08
   155   14.725000      0.0000000000000000E+00  9.6803554016545102E-08  2.6603127594603711E-03  5.0250539173238399E-07  2.0101878570241758E-05  6.2387654652366424E-08
   156   14.820000      0.0000000000000000E+00  7.3136576596190492E-08  2.8341636445120299E-03  5.1643037142170265E-07  2.1308608211196037E-05  6.9543976606793316E-08
   157   14.915000      0.0000000000000000E+00  5.2455387739168142E-08  3.0195557712164416E-03  5.2799490065638509E-07  2.2682885147381522E-05  7.2079614467670922E-08
   158   15.010000      0.0000000000000000E+00  3.7559484861110570E-08  3.2174540379276474E-03  5.3723140586998120E-07  2.4216563033405980E-05  6.8323591588505464E-08
   159   15.105000      0.0000000000000000E+00  2.7555945099552084E-08  3.4286460643681810E-03  5.4435723951718956E-07  2.5888797278887899E-05  6.0894588441892501E-08
   160   15.200000      0.0000000000000000E+00  2.2556130769253342E-08  3.6538061800090449E-03  5.4976382590838066E-07  2.7677879762678048E-05  5.0569370402073887E-08
   161   15.295000      0.0000000000000000E+00  2.3161083831259978E-08  3.8935778314948158E-03  5.5397549590193429E-07  2.9568292432809581E-05  3.7072640097957939E-08
   162   15.390000      0.0000000000000000E+00  2.6917341033145344E-08  4.1486258637645716E-03  5.5759993316043644E-07  3.1547451151371207E-05  2.3293149610328598E-08
   163   15.485000      0.0000000000000000E+00  2.8703721573593348E-08  4.4196537452797016E-03  5.6128273641432795E-07  3.3602837289091251E-05  1.5098781878921129E-08
   164   15.580000      0.0000000000000000E+00  2.6278722315603170E-08  4.7074107493284660E-03  5.6566655301109936E-07  3.5723264768969678E-05  1.5552230203935676E-08
   165   15.675000      0.0000000000000000E+00  2.4394605103228052E-08  5.0126937160764884E-03  5.7135047441748281E-07  3.7900810608959364E-05  1.9559079938514509E-08
   166   15.770000      0.0000000000000000E+00  2.6316000766531798E-08  5.3363188421116847E-03  5.7885017319773875E-07  4.0132135473976941E-05  2.3885736094128457E-08
   167   15.865000      0.0000000000000000E+00  2.8894904182193297E-08  5.6790655303468780E-03  5.8855084015173297E-07  4.2418617015629127E-05  3.2594338692126605E-08
   168   15.960000      0.0000000000000000E+00  3.0388108335482971E-08  6.0416496289222733E-03  6.0069626747502321E-07  4.4767110722383797E-05  4.7030766448014087E-08
   169   16.055000      0.0000000000000000E+00  3.4173117601535494E-08  6.4247940548780406E-03  6.1540129801262536E-07  4.7192802900168732E-05  6.1799704389745306E-08
   170   16.150000      0.0000000000000000E+00  4.3872611058407538E-08  6.8293937092458847E-03  6.3262144807783256E-07  4.9717355509482135E-05  7.0768487770873894E-08
   171   16.245000      0.0000000000000000E+00  5.8225430514558750E-08  7.2566651166312696E-03  6.5218340182011774E-07  5.2356760511361167E-05  7.3598061127633616E-08
   172   16.340000      0.0000000000000000E+00  7.3855094147407865E-08  7.7081361686909718E-03  6.7385254514959135E-07  5.5111271942768347E-05  7.2819916338620637E-08
   173   16.435000      0.0000000000000000E+00  9.0528918308692896E-08  8.1854390930314724E-03  6.9737309791523902E-07  5.7966125005059371E-05  6.7523505938574770E-08
   174   16.530000      0.0000000000000000E+00  1.0856647195033461E-07  8.6900270956143232E-03  7.2251335191665906E-07  6.0896584380289860E-05  5.6621558286935171E-08
   175   16.625000      0.0000000000000000E+00  1.2479504769909712E-07  9.2229882473377715E-03  7.4908643532788124E-07  6.3874684102982194E-05  4.3824011697884285E-08
   176   16.720000      0.0000000000000000E+00  1.3555974419303582E-07  9.7850449797781437E-03  7.7701335075886600E-07  6.6875877152803502E-05  3.4118531744718596E-08
   177   16.815000      0.0000000000000000E+00  1.4153299204733342E-07  1.0376686073853954E-02  8.0640562549953195E-07  6.9886552560916945E-05  2.7760859077118357E-08
   178   16.910000      0.0000000000000000E+00  1.4528616162106054E-07  1.0998315155640145E-02  8.3762444606041218E-07  7.2909140962221472E-05  2.2467797164975401E-08
   179   17.005000      0.0000000000000000E+00  1.4553100857610031E-07  1.1650361214951032E-02  8.7134221644248340E-07  7.5964437592924413E-05  2.0032564410590378E-08
   180   17.100000      0.0000000000000000E+00  1.3946333899745006E-07  1.2333383998902917E-02  9.0861315897073126E-07  7.9095060968883737E-05  2.3506277466475094E-08
   181   17.195000      0.0000000000000000E+00  1.2842419941415810E-07  1.3048212270577215E-02  9.5078432658103323E-07  8.2361638766581112E-05  3.1074859485055498E-08
   182   17.290000      0.0000000000000000E+00  1.1708082715009584E-07  1.3796052850849694E-02  9.9951023429304162E-07  8.5820475595160410E-05  3.7291380901367426E-08
   183   17.385000      0.0000000000000000E+00  1.0627458493289389E-07  1.4578437816438028E-02  1.0567526295509790E-06  8.9500542925878578E-05  4.1494924809512171E-08
   184   17.480000      0.0000000000000000E+00  9.2188538600682015E-08  1.5396977611535212E-02  1.1247828017556563E-06  9.3397167465533059E-05  4.8845219348726375E-08
   185   17.575000      0.0000000000000000E+00  7.5477541330322638E-08  1.6253065637118477E-02  1.2060661728296026E-06  9.7477036235569668E-05  5.8833227709552960E-08
   186   17.670000      0.0000000000000000E+00  6.1446557800731640E-08  1.7147721232735606E-02  1.3031722049177651E-06  1.0169070735674907E-04  6.5123424045736189E-08
   187   17.765000      0.0000000000000000E+00  5.1753656124446608E-08  1.8081623770623688E-02  1.4186844178148459E-06  1.0598674091976091E-04  6.5941459265067611E-08
   188   17.860000      0.0000000000000000E+00  4.4066858883227791E-08  1.9055242256843272E-02  1.5551180887559169E-06  1.1031630630467076E-04  6.4227981709436278E-08
   189   17.955000      0.0000000000000000E+00  3.6470353761242980E-08  2.0068922115806173E-02  1.7148741803239359E-06  1.1463161909099354E-04  6.2819887173841353E-08
   190   18.050000      0.0000000000000000E+00  3.0594564079163769E-08  2.1122865397187149E-02  1.9000766573065702E-06  1.1888448829026182E-04  6.0436388689675101E-08
   191   18.145000      0.0000000000000000E+00  2.8329713234288540E-08  2.2217033091412750E-02  2.1124258191576066E-06  1.2302450448202823E-04  5.5333004812243568E-08
   192   18.240000      0.0000000000000000E+00  2.8359627491405249E-08  2.3351023095504544E-02  2.3533265108366845E-06  1.2700640116929051E-04  4.9693747867750523E-08
   193   18.335000      0.0000000000000000E+00  3.0167577172579558E-08  2.4524010643885912E-02  2.6239495844843020E-06  1.3081403118195018E-04  4.4481247851442669E-08
   194   18.430000      0.0000000000000000E+00  3.5245407048927902E-08  2.5734863899949750E-02  2.9253886633029985E-06  1.3447357322635402E-04  3.8080051831178139E-08
   195   18.525000      0.0000000000000000E+00  4.3861278914755800E-08  2.6982419572131402E-02  3.2587248807448150E-06  1.3804229304831091E-04  2.9863489042652021E-08
   196   18.620000      0.0000000000000000E+00  5.2781605012311729E-08  2.8265712600564732E-02  3.6248917066883108E-06  1.4158902785217387E-04  2.3023666518229657E-08
   197   18.715000      0.0000000000000000E+00  5.8357816660795244E-08  2.9583966290540688E-02  4.0242596784099116E-06  1.4518362574509548E-04  2.1652167565946322E-08
   198   18.810000      0.0000000000000000E+00  6.1756719483269342E-08  3.0936429929359899E-02  4.4568221375850613E-06  1.4889764081405690E-04  2.4383492566880829E-08
   199   18.905000      0.0000000000000000E+00  6.5675011905044299E-08  3.2322359972642788E-02  4.9222777777829283E-06  1.5280239384094622E-04  2.8009837002314506E-08
   200   19.000000      0.0000000000000000E+00  6.9138166657223783E-08  3.3741277627144822E-02  5.4196654047688427E-06  1.5695832466668135E-04  3.3034210041699416E-08
   201   19.095000      0.0000000000000000E+00  6.9280015107939722E-08  3.5193257156999995E-02  5.9472383475406237E-06  1.6139143038277015E-04  4.1481487916466811E-08
   202   19.190000      0.0000000000000000E+00  6.6022517520714090E-08  3.6678875705280445E-02  6.5030885617426623E-06  1.6607857718081362E-04  5.2125815154872937E-08
   203   19.285000      0.0000000000000000E+00  6.2072294734739509E-08  3.8198759964245481E-02  7.0856580992418571E-06  1.7095615682486179E-04  6.1168663931274866E-08
   204   19.380000      0.0000000000000000E+00  5.8848056307822305E-08  3.9753001865403231E-02  7.6922323431544208E-06  1.7594576113327430E-04  6.7460203895118457E-08
   205   19.475000      0.0000000000000000E+00  5.6854467762057776E-08  4.1340783892075711E-02  8.3182642892474073E-06  1.8098362682026148E-04  7.1378411074980906E-08
   206   19.570000      0.0000000000000000E+00  5.8438113503133385E-08  4.2960370921670092E-02  8.9578837551195518E-06  1.8603073877281065E-04  7.1010237714722415E-08
   207   19.665000      0.0000000000000000E+00  6.7240038171768942E-08  4.4609417525010873E-02  9.6044708678562669E-06  1.9105914546687736E-04  6.2250691362906088E-08
   208   19.760000      0.0000000000000000E+00  8.1318336682616244E-08  4.6285393381017170E-02  1.0248113005688253E-05  1.9603676635257113E-04  4.6878833604176924E-08
   209   19.855000      0.0000000000000000E+00  9.1361620875645872E-08  4.7985966365857599E-02  1.0875311651283737E-05  2.0092200599297275E-04  3.6010903295864277E-08
   210   19.950000      0.0000000000000000E+00  9.5377988276137868E-08  4.9709253152609191E-02  1.1470269444862661E-05  2.0565446708347286E-04  3.2315399932522461E-08
   211   20.045000      0.0000000000000000E+00  1.0071112194636804E-07  5.1453865436342207E-02  1.2016389702996864E-05  2.1017672873092615E-04  2.7267403021159622E-08
   212   20.140000      0.0000000000000000E+00  1.0889547118241374E-07  5.3218784595881419E-02  1.2496905267823391E-05  2.1447670646860289E-04  1.9771303779179837E-08
   213   20.235000      0.0000000000000000E+00  1.1506460880979128E-07  5.5003133582341317E-02  1.2894441075426300E-05  2.1858847220845563E-04  1.5595371428487863E-08
   214   20.330000      0.0000000000000000E+00  1.1489642181785435E-07  5.6805934902001788E-02  1.3193103662174894E-05  2.2257028782235851E-04  1.9531536773308189E-08
   215   20.425000      0.0000000000000000E+00  1.0873886182032489E-07  5.8625946733127703E-02  1.3381215392248252E-05  2.2648115478092584E-04  3.0442105757775745E-08
   216   20.520000      0.0000000000000000E+00  9.9346922141108414E-08  6.0461628539259696E-02  1.3452502295622401E-05  2.3036623892675736E-04  4.3751024691950539E-08
   217   20.615000      0.0000000000000000E+00  8.7621290053392425E-08  6.2311267714719371E-02  1.3406736367628325E-05  2.3424427416384930E-04  5.7055157145760881E-08
   218   20.710000      0.0000000000000000E+00  7.4767199820507069E-08  6.4173178344775830E-02  1.3254390044213020E-05  2.3809631358990714E-04  6.8097277436550752E-08
   219   20.805000      0.0000000000000000E+00  6.4160117355079654E-08  6.6045789286417536E-02  1.3015837551688116E-05  2.4186959047372135E-04  7.3264085299540897E-08
   220   20.900000      0.0000000000000000E+00  5.8098667498450599E-08  6.7927545088423899E-02  1.2719485750684748E-05  2.4550022477517466E-04  7.1346321231092924E-08
   221   20.995000      0.0000000000000000E+00  5.4812210216943000E-08  6.9816714434298086E-02  1.2404034645118410E-05  2.4893532727579239E-04  6.6318504991681347E-08
   222   21.090000      0.0000000000000000E+00  5.1886937680159631E-08  7.1711300233029282E-02  1.2114631540252212E-05  2.5212680013666664E-04  6.2496810499912909E-08
   223   21.185000      0.0000000000000000E+00  5.0604906433466826E-08  7.3609078286491908E-02  1.1897513730268276E-05  2.5499886221193367E-04  5.8717421190311377E-08
   224   21.280000      0.0000000000000000E+00  5.2497874994100139E-08  7.5507582129569692E-02  1.1799830873372648E-05  2.5742981013277813E-04  5.2720718187742168E-08
   225   21.375000      0.0000000000000000E+00  5.5723744063380154E-08  7.7403946075097207E-02  1.1867092322648475E-05  2.5927181512398132E-04  4.5816472280386987E-08
   226   21.470000      0.0000000000000000E+00  5.7095363992692534E-08  7.9294776240008247E-02  1.2138632587240287E-05  2.6040549168739719E-04  4.1194219534659867E-08
   227   21.565000      0.0000000000000000E+00  5.6568771792778765E-08  8.1176274560782274E-02  1.2643210286599817E-05  2.6077180379522621E-04  3.9094903319217918E-08
   228   21.660000      0.0000000000000000E+00  5.7117779754699184E-08  8.3044499232718130E-02  1.3395066996984135E-05  2.6035958440469368E-04  3.6371574462515882E-08
   229   21.755000      0.0000000000000000E+00  5.8862414955928463E-08  8.4895450897807187E-02  1.4393236441520249E-05  2.5916846842198620E-04  3.3231868959561969E-08
   230   21.850000      0.0000000000000000E+00  5.9714132656235735E-08  8.6724900498512031E-02  1.5620744361394503E-05  2.5719494538210737E-04  3.1892109234965878E-08
   231   21.945000      0.0000000000000000E+00  5.9517862262745616E-08  8.8528207152547417E-02  1.7048298555062579E-05  2.5445764608979205E-04  3.1862220723534533E-08
   232   22.040000      0.0000000000000000E+00  5.9806862110497939E-08  9.0300359098635541E-02  1.8637580342698395E-05  2.5101332389333941E-04  3.0972825796177575E-08
   233   22.135000      0.0000000000000000E+00  6.0218326060101641E-08  9.2036125349302708E-02  2.0344594147177238E-05  2.4696242165527210E-04  2.9777706159784258E-08
   234   22.230000      0.0000000000000000E+00  5.6916324380144412E-08  9.3730079885781664E-02  2.2122441873110421E-05  2.4242740393122129E-04  3.3878700958770105E-08
   235   22.325000      0.0000000000000000E+00  5.0208248153563918E-08  9.5376435503538901E-02  2.3925737636299696E-05  2.3754031854006082E-04  4.4003331790926415E-08
   236   22.420000      0.0000000000000000E+00  4.6343400296138979E-08  9.6968874579310985E-02  2.5714284665964864E-05  2.3243606226796241E-04  5.2830217088376529E-08
   237   22.515000      0.0000000000000000E+00  4.7549205083130037E-08  9.8500645613537829E-02  2.7453890392128825E-05  2.2724111485696022E-04  5.7008111974509105E-08
   238   22.610000      0.0000000000000000E+00  4.9917035124235048E-08  9.9964957491330692E-02  2.9124384241158223E-05  2.2206903547698515E-04  5.9609505464124100E-08
   239   22.705000      0.0000000000000000E+00  5.0168055891381386E-08  1.0135540440502794E-01  3.0718370225658568E-05  2.1703117575439369E-04  6.2937537254429605E-08
   240   22.800000      0.0000000000000000E+00  5.0204219723349545E-08  1.0266624349047103E-01  3.2248414916517289E-05  2.1226659592873243E-04  6.3797794298344241E-08
   241   22.895000      0.0000000000000000E+00  5.3233420623492349E-08  1.0389261262618968E-01  3.3745375088874805E-05  2.0792832127422567E-04  5.8443600495139318E-08
   242   22.990000      0.0000000000000000E+00  5.8515139710534785E-08  1.0503070081261046E-01  3.5256536216948904E-05  2.0411987876479428E-04  4.8989826980367204E-08
   243   23.085000      0.0000000000000000E+00  6.4299053103433065E-08  1.0607773352024526E-01  3.6840825535684720E-05  2.0084595178970663E-04  3.9263064776108674E-08
   244   23.180000      0.0000000000000000E+00  7.1445858535449989E-08  1.0703164371057694E-01  3.8559741515994733E-05  1.9800387993054391E-04  2.9460759126478325E-08
   245   23.275000      0.0000000000000000E+00  7.9927595522498745E-08  1.0789046411263280E-01  4.0473929320640248E-05  1.9544647381530592E-04  1.9687252968212406E-08
   246   23.370000      0.0000000000000000E+00  8.5585367898354385E-08  1.0865182871186621E-01  4.2635612396786196E-05  1.9306757145263204E-04  1.3939602400738987E-08
   247   23.465000      0.0000000000000000E+00  8.4317892893533037E-08  1.0931307609668038E-01  4.5088102718008293E-05  1.9083465513106062E-04  1.6179673625459139E-08
   248   23.560000      0.0000000000000000E+00  7.7686237240151136E-08  1.0987204082900577E-01  4.7855346691755851E-05  1.8876350262964358E-04  2.4220214119683218E-08
   249   23.655000      0.0000000000000000E+00  6.9487047690565862E-08  1.1032811236803260E-01  5.0921373559620759E-05  1.8687074200044560E-04  3.3915321649361268E-08
   250   23.750000      0.0000000000000000E+00  6.0270912950541772E-08  1.1068285127103783E-01  5.4223599646965633E-05  1.8514439724019735E-04  4.5152861969213307E-08
   251   23.845000      0.0000000000000000E+00  4.9150600229692015E-08  1.1093979290730570E-01  5.7663706408610284E-05  1.8357151401510248E-04  5.9427457972341926E-08
   252   23.940000      0.0000000000000000E+00  3.9427984426036187E-08  1.1110367640939126E-01  6.1117483983649142E-05  1.8217287234062438E-04  7.2882606456906279E-08
   253   24.035000      0.0000000000000000E+00  3.6610811616229650E-08  1.1117941893080119E-01  6.4434829632593717E-05  1.8101575811710430E-04  7.7954166200819128E-08
   254   24.130000      0.0000000000000000E+00  3.9177636574476034E-08  1.1117131960225923E-01  6.7448956483537822E-05  1.8019542490672145E-04  7.4929524025193450E-08
   255   24.225000      0.0000000000000000E+00  4.0989921940092033E-08  1.1108281992979174E-01  6.9995552708133056E-05  1.7978670956576072E-04  7.0030150189047219E-08
   256   24.320000      0.0000000000000000E+00  4.1180747907114508E-08  1.1091664263392541E-01  7.1950046971713290E-05  1.7980449162787525E-04  6.4146592621622698E-08
   257   24.415000      0.0000000000000000E+00  4.2997291701526135E-08  1.1067508210008517E-01  7.3239045608778399E-05  1.8019735525065213E-04  5.4613624593645967E-08
   258   24.510000      0.0000000000000000E+00  4.7851030854931231E-08  1.1036027796759779E-01  7.3851699119248341E-05  1.8087105695842797E-04  4.1421505941873244E-08
   259   24.605000      0.0000000000000000E+00  5.3266372783492527E-08  1.0997417190270989E-01  7.3854935472528150E-05  1.8173278212177600E-04  2.9088991092223462E-08
   260   24.700000      0.0000000000000000E+00  5.6741338730814363E-08  1.0951801991856716E-01  7.3381955753122513E-05  1.8274422288123469E-04  2.1794197619244959E-08
   261   24.795000      0.0000000000000000E+00  5.8991844021387946E-08  1.0899174000835665E-01  7.2621258322228986E-05  1.8398990520094671E-04  1.8687044910048990E-08
   262   24.890000      0.0000000000000000E+00  5.9544381060736027E-08  1.0839369226763132E-01  7.1800499755048105E-05  1.8567123281654674E-04  1.9622804112709596E-08
   263   24.985000      0.0000000000000000E+00  5.6475202485208159E-08  1.0772130860161799E-01  7.1158768410714695E-05  1.8805250171218015E-04  2.5890427074509504E-08
   264   25.080000      0.0000000000000000E+00  5.0464237274071103E-08  1.0697232281490421E-01  7.0912661839716984E-05  1.9137308529942304E-04  3.6134780226130363E-08
   265   25.175000      0.0000000000000000E+00  4.5508040896924087E-08  1.0614592441799875E-01  7.1219047020694789E-05  1.9578651039587857E-04  4.5742484167276946E-08
   266   25.270000      0.0000000000000000E+00  4.4731487433536058E-08  1.0524330188842988E-01  7.2164451065007931E-05  2.0136389185937105E-04  5.1183755359840476E-08
   267   25.365000      0.0000000000000000E+00  4.6213170605872635E-08  1.0426763956734893E-01  7.3760183512053059E-05  2.0816122972424245E-04  5.4773016360519300E-08
   268   25.460000      0.0000000000000000E+00  4.7119952989698123E-08  1.0322404227214964E-01  7.5919539691049693E-05  2.1621585956184885E-04  5.9418791920786264E-08
   269   25.555000      0.0000000000000000E+00  4.8210938066169354E-08  1.0211958078093981E-01  7.8478100841609033E-05  2.2546719641675908E-04  6.3267003952910310E-08
   270   25.650000      0.0000000000000000E+00  5.0976125893595125E-08  1.0096313309780287E-01  8.1231146185245951E-05  2.3568764962521419E-04  6.3528981032862307E-08
   271   25.745000      0.0000000000000000E+00  5.4270915780125000E-08  9.9764687938216551E-02  8.3978382569415832E-05  2.4647887026657138E-04  6.0782752308631816E-08
   272   25.840000      0.0000000000000000E+00  5.6047138171548044E-08  9.8534277626365005E-02  8.6550474440438762E-05  2.5736338319782588E-04  5.7550508680270443E-08
   273   25.935000      0.0000000000000000E+00  5.7398671115425267E-08  9.7281069439713375E-02  8.8834766349324260E-05  2.6787712038065940E-04  5.3370304588833937E-08
   274   26.030000      0.0000000000000000E+00  6.0581662854869733E-08  9.6013042108139476E-02  9.0792754158056229E-05  2.7759752255899215E-04  4.6794046360190951E-08
   275   26.125000      0.0000000000000000E+00  6.4864852236242199E-08  9.4737128219075803E-02  9.2439545159113450E-05  2.8613090550841906E-04  3.9590577790862078E-08
   276   26.220000      0.0000000000000000E+00  6.7261771362251785E-08  9.3459413205865760E-02  9.3827371780233709E-05  2.9313571325840636E-04  3.5791200287983682E-08
   277   26.315000      0.0000000000000000E+00  6.8711893882115208E-08  9.2185250310814051E-02  9.5032283661043962E-05  2.9835475905051913E-04  3.4708361091650118E-08
   278   26.410000      0.0000000000000000E+00  7.4712870133930911E-08  9.0919321151161858E-02  9.6118391065151552E-05  3.0166376815458104E-04  2.9447209968737728E-08
   279   26.505000      0.0000000000000000E+00  8.2690995918664820E-08  8.9665733632966038E-02  9.7146104866102870E-05  3.0311690499059340E-04  2.2321203206411984E-08
   280   26.600000      0.0000000000000000E+00  8.3034357968076694E-08  8.8428222193457751E-02  9.8166003557917844E-05  3.0295515388169036E-04  2.4064818110309831E-08
   281   26.695000      0.0000000000000000E+00  7.5174504831758757E-08  8.7210451549548873E-02  9.9217550386742010E-05  3.0152493512652180E-04  3.4130090139157135E-08
   282   26.790000      0.0000000000000000E+00  6.5604728437382115E-08  8.6016331634068313E-02  1.0034715932290108E-04  2.9921885274502430E-04  4.4528912564947934E-08
   283   26.885000      0.0000000000000000E+00  5.8708980009738880E-08  8.4850233092443439E-02  1.0162583480752444E-04  2.9642603762104828E-04  5.0703677955221919E-08
   284   26.980000      0.0000000000000000E+00  5.4245161872818849E-08  8.3716975027785745E-02  1.0318720729884304E-04  2.9351244121285938E-04  5.4055240253056990E-08
   285   27.075000      0.0000000000000000E+00  5.0429864509310659E-08  8.2621613534943295E-02  1.0520360498332044E-04  2.9081957129712120E-04  5.7932233956829153E-08
   286   27.170000      0.0000000000000000E+00  4.8158679158582119E-08  8.1569144573131691E-02  1.0791422840325082E-04  2.8867637846521433E-04  6.1349500895770842E-08
   287   27.265000      0.0000000000000000E+00  4.8014416229883130E-08  8.0564239810189411E-02  1.1159216191320651E-04  2.8739737711539501E-04  6.2679379853674519E-08
   288   27.360000      0.0000000000000000E+00  4.8680542376192714E-08  7.9611066012767934E-02  1.1649411260670839E-04  2.8720696780949994E-04  6.2104629844404978E-08
   289   27.455000      0.0000000000000000E+00  5.0069606931764900E-08  7.8713028616582761E-02  1.2280298363012153E-04  2.8814462412992905E-04  5.8959205512414641E-08
   290   27.550000      0.0000000000000000E+00  5.4696077759656175E-08  7.7872382751019348E-02  1.3059809694235161E-04  2.9000727226261832E-04  5.0544774798862211E-08
   291   27.645000      0.0000000000000000E+00  6.3334263369147458E-08  7.7089835460731407E-02  1.3984805114741137E-04  2.9238749456476134E-04  3.6932459507330788E-08
   292   27.740000      0.0000000000000000E+00  7.2003457117924883E-08  7.6364402654311603E-02  1.5037312874532029E-04  2.9476959470961929E-04  2.3974372867882835E-08
   293   27.835000      0.0000000000000000E+00  7.6869437506772820E-08  7.5693760898155021E-02  1.6180504580907756E-04  2.9664395403840939E-04  1.6872426409880438E-08
   294   27.930000      0.0000000000000000E+00  7.8240022064835996E-08  7.5075148906175060E-02  1.7359738581793177E-04  2.9756251042683748E-04  1.5418986608892774E-08
   295   28.025000      0.0000000000000000E+00  7.7950492763375531E-08  7.4506380647685930E-02  1.8512038692420054E-04  2.9714234022125473E-04  1.7280907445428645E-08
   296   28.120000      0.0000000000000000E+00  7.5524766542171649E-08  7.3986357996792720E-02  1.9578660345274848E-04  2.9506170236393931E-04  2.2448797522818232E-08
   297   28.215000      0.0000000000000000E+00  6.8959161853494873E-08  7.3514818186005762E-02  2.0509457740089948E-04  2.9107962897043652E-04  3.2833726272695713E-08
   298   28.310000      0.0000000000000000E+00  6.0139379148889762E-08  7.3091533946412393E-02  2.1265258865727310E-04  2.8508292915988736E-04  4.5864948928813400E-08
   299   28.405000      0.0000000000000000E+00  5.3036536029404575E-08  7.2715562406004589E-02  2.1819935553361384E-04  2.7712429819019808E-04  5.7010087001034899E-08
   300   28.500000      0.0000000000000000E+00  4.8709057142962728E-08  7.2385020158885371E-02  2.2159545423450970E-04  2.6743942048344940E-04  6.5402781647060849E-08
   301   28.595000      0.0000000000000000E+00  4.6226861358918101E-08  7.2097441172666879E-02  2.2284224744711998E-04  2.5642273608173009E-04  7.1819088123733810E-08
   302   28.690000      0.0000000000000000E+00  4.6075487180420738E-08  7.1850385309303169E-02  2.2211294974705290E-04  2.4458458746731156E-04  7.4876553184447905E-08
   303   28.785000      0.0000000000000000E+00  5.0942307747914762E-08  7.1641850876239060E-02  2.1976216157928503E-04  2.3250301932171741E-04  7.0329454572317809E-08
   304   28.880000      0.0000000000000000E+00  5.9153275693288737E-08  7.1470198247944122E-02  2.1624942169600647E-04  2.2081768571753505E-04  5.9747069893402956E-08
   305   28.975000      0.0000000000000000E+00  6.4331184918116589E-08  7.1333798380950539E-02  2.1206218353683653E-04  2.1022190602651826E-04  5.1453789203510420E-08
   306   29.070000      0.0000000000000000E+00  6.5625034178279152E-08  7.1230984557699453E-02  2.0765964385387298E-04  2.0140958059979325E-04  4.7507095035034557E-08
   307   29.165000      0.0000000000000000E+00  6.7945971029010143E-08  7.1160520112747649E-02  2.0346023459104313E-04  1.9496178243801166E-04  4.3310737454098812E-08
   308   29.260000      0.0000000000000000E+00  7.3855757203411946E-08  7.1122051326511879E-02  1.9983439898646764E-04  1.9123210974623267E-04  3.6698415433511342E-08
   309   29.355000      0.0000000000000000E+00  8.0419404907941164E-08  7.1116004465682600E-02  1.9708347286149057E-04  1.9031361348648314E-04  3.1257159624160369E-08
   310   29.450000      0.0000000000000000E+00  8.4301126221883631E-08  7.1142934162659752E-02  1.9542154472998940E-04  1.9210336691738320E-04  3.0487520351084358E-08
   311   29.545000      0.0000000000000000E+00  8.6769718096283147E-08  7.1202897787107755E-02  1.9498724843526616E-04  1.9637978980081061E-04  3.2009895973651240E-08
   312   29.640000      0.0000000000000000E+00  8.9687082373546368E-08  7.1295308531921550E-02  1.9584416087655893E-04  2.0280911703954028E-04  3.2846600929046543E-08
   313   29.735000      0.0000000000000000E+00  9.1582889669173817E-08  7.1419179296858815E-02  1.9800423580139485E-04  2.1090967481814731E-04  3.4430369081838874E-08
   314   29.830000      0.0000000000000000E+00  9.1354223926026658E-08  7.1573403509960359E-02  2.0146638558530533E-04  2.2003187272366513E-04  3.8151910614626033E-08
   315   29.925000      0.0000000000000000E+00  9.1068551631101266E-08  7.1756773998990289E-02  2.0625027962913945E-04  2.2938936020235894E-04  4.1698552883445376E-08
   316   30.020000      0.0000000000000000E+00  9.2004604081498362E-08  7.1967755393155794E-02  2.1236004899733956E-04  2.3814832016525898E-04  4.2982195518109487E-08
   317   30.115000      0.0000000000000000E+00  9.0786982918991234E-08  7.2204104299821090E-02  2.1973339612637736E-04  2.4557318995442043E-04  4.4716511806794153E-08
   318   30.210000      0.0000000000000000E+00  8.4066668467662105E-08  7.2462628203268792E-02  2.2819521808713106E-04  2.5116809149201656E-04  4.9560595575983737E-08
   319   30.305000      0.0000000000000000E+00  7.3810639675934845E-08  7.2739552864328247E-02  2.3748542849155350E-04  2.5475446107752555E-04  5.4759850853842490E-08
   320   30.400000      0.0000000000000000E+00  6.4094794732075991E-08  7.3031536159243099E-02  2.4725374867554957E-04  2.5642026548794569E-04  5.6146442614726003E-08
   321   30.495000      0.0000000000000000E+00  5.5082096819322735E-08  7.3336700865728008E-02  2.5702128104440326E-04  2.5645539518879206E-04  5.4767297107521431E-08
   322   30.590000      0.0000000000000000E+00  4.4691331626497480E-08  7.3655093406232747E-02  2.6621375829454712E-04  2.5531362980899929E-04  5.4867932938292254E-08
   323   30.685000      0.0000000000000000E+00  3.6321067358859897E-08  7.3988438485983202E-02  2.7422467750373887E-04  2.5361018695140160E-04  5.4080337342939378E-08
   324   30.780000      0.0000000000000000E+00  3.5235326270054971E-08  7.4339632778202436E-02  2.8050449342536231E-04  2.5210360790765195E-04  4.7111549442941352E-08
   325   30.875000      0.0000000000000000E+00  3.9270516465073471E-08  7.4712419358752377E-02  2.8462726993178870E-04  2.5163893792638678E-04  3.6622369474499695E-08
   326   30.970000      0.0000000000000000E+00  4.2489067004409345E-08  7.5111145151359415E-02  2.8638080754998552E-04  2.5307250489206302E-04  2.8787584245825967E-08
   327   31.065000      0.0000000000000000E+00  4.2721497035456778E-08  7.5540472815061599E-02  2.8577585827615321E-04  2.5721375580864435E-04  2.5601998694961489E-08
   328   31.160000      0.0000000000000000E+00  4.2327592356261617E-08  7.6005073308815216E-02  2.8298628485802111E-04  2.6477893087263832E-04  2.4626694366038738E-08
   329   31.255000      0.0000000000000000E+00  4.3091086783239719E-08  7.6509386212137570E-02  2.7832368459071655E-04  2.7633007574898963E-04  2.4282687453261951E-08
   330   31.350000      0.0000000000000000E+00  4.2720011272293777E-08  7.7057355381649470E-02  2.7224009448957473E-04  2.9220677352480984E-04  2.7704029165071872E-08
   331   31.445000      0.0000000000000000E+00  4.0229604774985837E-08  7.7651963721913395E-02  2.6529749503103299E-04  3.1250833868380043E-04  3.5800083232298362E-08
   332   31.540000      0.0000000000000000E+00  3.7721112557514472E-08  7.8294613031591118E-02  2.5811375972702513E-04  3.3713394544367727E-04  4.5733189873063296E-08
   333   31.635000      0.0000000000000000E+00  3.6782803724359964E-08  7.8984755617811819E-02  2.5134835882944471E-04  3.6588259381090766E-04  5.5508770437957310E-08
   334   31.730000      0.0000000000000000E+00  3.7493212986277268E-08  7.9720170050537553E-02  2.4569793075054436E-04  3.9851549613279891E-04  6.4677974773171731E-08
   335   31.825000      0.0000000000000000E+00  4.0455813888389005E-08  8.0497845066699547E-02  2.4189528432466716E-04  4.3475475860924891E-04  7.1975048615096463E-08
   336   31.920000      0.0000000000000000E+00  4.8790988348820840E-08  8.1314978022308568E-02  2.4068613627891501E-04  4.7422634574899124E-04  7.2909517678153110E-08
   337   32.015000      0.0000000000000000E+00  6.3767008315883739E-08  8.2169496393348126E-02  2.4275754125608254E-04  5.1639769816055621E-04  6.5278719738384440E-08
   338   32.110000      0.0000000000000000E+00  8.1347621204130861E-08  8.3060025790283071E-02  2.4865596616800224E-04  5.6056918781579202E-04  5.3389640908136628E-08
   339   32.205000      0.0000000000000000E+00  9.6751143162702515E-08  8.3985650627814254E-02  2.5869118346749182E-04  6.0589884051256363E-04  4.2318396850575314E-08
   340   32.300000      0.0000000000000000E+00  1.0855355225558446E-07  8.4945876701877532E-02  2.7282551860106458E-04  6.5141927511477068E-04  3.3343095374145951E-08
   341   32.395000      0.0000000000000000E+00  1.1723085977103849E-07  8.5940778435791051E-02  2.9059284505966471E-04  6.9603173157074892E-04  2.5723858905233739E-08
   342   32.490000      0.0000000000000000E+00  1.2140135396225394E-07  8.6971013704112962E-02  3.1106725482980569E-04  7.3850493897578110E-04  2.1305538117509841E-08
   343   32.585000      0.0000000000000000E+00  1.1945392430737552E-07  8.8037574646222305E-02  3.3291107851242044E-04  7.7753117761004238E-04  2.2316399886933269E-08
   344   32.680000      0.0000000000000000E+00  1.1305094861344978E-07  8.9141396637242520E-02  3.5450347787673682E-04  8.1180819091203934E-04  2.7147896696801727E-08
   345   32.775000      0.0000000000000000E+00  1.0550349310631577E-07  9.0283038002680852E-02  3.7410232150641244E-04  8.4010685566320129E-04  3.2345779927549096E-08
   346   32.870000      0.0000000000000000E+00  9.6508085827500589E-08  9.1462430901618152E-02  3.9005788221074773E-04  8.6132863319658053E-04  3.8602734328903641E-08
   347   32.965000      0.0000000000000000E+00  8.2612366000682619E-08  9.2678623062655965E-02  4.0104322074355615E-04  8.7454705720437236E-04  5.0573642795744399E-08
   348   33.060000      0.0000000000000000E+00  6.7721107576735210E-08  9.3929551650908771E-02  4.0624235821549505E-04  8.7903090761646998E-04  6.3621639203132834E-08
   349   33.155000      0.0000000000000000E+00  5.9862050512414586E-08  9.5211918002993612E-02  4.0548312743926009E-04  8.7428917021391381E-04  6.7233175974231624E-08
   350   33.250000      0.0000000000000000E+00  5.6391613720389715E-08  9.6521132748858415E-02  3.9929190385782341E-04  8.6014610192024958E-04  6.3969328128046984E-08
   351   33.345000      0.0000000000000000E+00  5.0050466810787816E-08  9.7851270027400877E-02  3.8884241057948179E-04  8.3679682054155701E-04  6.2068903221758417E-08
   352   33.440000      0.0000000000000000E+00  4.0163948107157594E-08  9.9195042743065301E-02  3.7573549784405719E-04  8.0483308008502587E-04  6.2731743446614350E-08
   353   33.535000      0.0000000000000000E+00  3.1516220495018799E-08  1.0054393342154549E-01  3.6178984401160730E-04  7.6525106722973848E-04  6.1681682875297875E-08
   354   33.630000      0.0000000000000000E+00  2.8153023599285420E-08  1.0188857188057350E-01  3.4881521068958268E-04  7.1943368887610948E-04  5.5043541853228612E-08
   355   33.725000      0.0000000000000000E+00  2.8237433307801317E-08  1.0321927950289776E-01  3.3840643247828330E-04  6.6911811865157729E-04  4.5548401232748538E-08
   356   33.820000      0.0000000000000000E+00  2.8806748747760034E-08  1.0452663009315562E-01  3.3182838498359469E-04  6.1635215933955394E-04  3.6854458210048879E-08
   357   33.915000      0.0000000000000000E+00  2.9493408409249500E-08  1.0580200503877231E-01  3.2998927479474722E-04  5.6342394591324429E-04  2.9848448109887438E-08
   358   34.010000      0.0000000000000000E+00  3.0240286852242157E-08  1.0703822637799042E-01  3.3350864872199831E-04  5.1271721193004761E-04  2.5401432212066658E-08
   359   34.105000      0.0000000000000000E+00  2.9892200855916336E-08  1.0823023101826826E-01  3.4285900365223356E-04  4.6655629314513222E-04  2.5516718329389182E-08
   360   34.200000      0.0000000000000000E+00  2.8840188054975316E-08  1.0937558002901122E-01  3.5850212330829935E-04  4.2707547510130694E-04  2.9736121857442196E-08
   361   34.295000      0.0000000000000000E+00  3.0119844453230738E-08  1.1047465951878258E-01  3.8090887810436012E-04  3.9615359442932667E-04  3.3703407795660136E-08
   362   34.390000      0.0000000000000000E+00  3.4619029542939219E-08  1.1153067891135958E-01  4.1036805949938853E-04  3.7534320571414026E-04  3.5247498569900825E-08
   363   34.485000      0.0000000000000000E+00  3.8848471999584772E-08  1.1254962100195703E-01  4.4674099169623972E-04  3.6575866206113182E-04  3.7481408358566293E-08
   364   34.580000      0.0000000000000000E+00  3.9726532767096428E-08  1.1354005165170947E-01  4.8928548452102161E-04  3.6794729283261821E-04  4.3373212502918165E-08
   365   34.675000      0.0000000000000000E+00  3.8539318883487889E-08  1.1451255865141743E-01  5.3658382302881663E-04  3.8179296924019233E-04  5.1480955502083827E-08
   366   34.770000      0.0000000000000000E+00  3.9167637568881274E-08  1.1547884079141016E-01  5.8652065670390620E-04  4.0651689331881123E-04  5.7550219463011009E-08
   367   34.865000      0.0000000000000000E+00  4.2354256896143771E-08  1.1645069927433785E-01  6.3639792669904164E-04  4.4073132267241221E-04  6.1056724449691162E-08
   368   34.960000      0.0000000000000000E+00  4.6855667566555062E-08  1.1743923304654712E-01  6.8317364415448835E-04  4.8252632376126866E-04  6.3262297130301070E-08
   369   35.055000      0.0000000000000000E+00  5.3483785886724228E-08  1.1845414699217392E-01  7.2379128355323015E-04  5.2960957452357715E-04  6.2337694912511453E-08
   370   35.150000      0.0000000000000000E+00  6.3061585841362805E-08  1.1950298208642920E-01  7.5557729204666648E-04  5.7945256613961798E-04  5.6718956827201463E-08
   371   35.245000      0.0000000000000000E+00  7.3782918300275787E-08  1.2059036196192503E-01  7.7673405909154899E-04  6.2945788175438754E-04  4.8410243216864809E-08
   372   35.340000      0.0000000000000000E+00  8.2148822757860422E-08  1.2171728618932441E-01  7.8671031467648683E-04  6.7714636337295304E-04  4.2073665107048122E-08
   373   35.435000      0.0000000000000000E+00  8.8939376697324493E-08  1.2288070726129426E-01  7.8631686736253890E-04  7.2032442861637194E-04  3.7271797018764899E-08
   374   35.530000      0.0000000000000000E+00  9.8118670692632235E-08  1.2407370813479889E-01  7.7761286714023603E-04  7.5722380072719116E-04  2.9086176583568911E-08
   375   35.625000      0.0000000000000000E+00  1.0705753640978360E-07  1.2528632414466198E-01  7.6365012004067320E-04  7.8654053573036498E-04  2.0435027603117068E-08
   376   35.720000      0.0000000000000000E+00  1.0887348947867753E-07  1.2650654127021385E-01  7.4811048818495748E-04  8.0742608751168527E-04  1.9211290696524003E-08
   377   35.815000      0.0000000000000000E+00  1.0187540928993116E-07  1.2772091541147240E-01  7.3493389765933251E-04  8.1950601608123293E-04  2.7186448176349222E-08
   378   35.910000      0.0000000000000000E+00  9.0534905622885698E-08  1.2891492617896580E-01  7.2790093435838750E-04  8.2292109764597876E-04  3.9070728031463157E-08
   379   36.005000      0.0000000000000000E+00  7.9006450790160605E-08  1.3007352345893619E-01  7.3024817456088611E-04  8.1830748579130399E-04  4.9822882092582810E-08
   380   36.100000      0.0000000000000000E+00  6.6867569447917083E-08  1.3118212152880668E-01  7.4450383373331902E-04  8.0667559278493309E-04  5.9928301861880931E-08
   381   36.195000      0.0000000000000000E+00  5.4064442603275284E-08  1.3222773072046332E-01  7.7222792345696227E-04  7.8929444681118729E-04  6.9447257196647122E-08
   382   36.290000      0.0000000000000000E+00  4.3981928933072251E-08  1.3319978655010717E-01  8.1361900372053312E-04  7.6760597274213357E-04  7.4348567760389819E-08
   383   36.385000      0.0000000000000000E+00  3.8562642805970932E-08  1.3409060951698706E-01  8.6759532273421368E-04  7.4315576670467426E-04  7.2454591359401699E-08
   384   36.480000      0.0000000000000000E+00  3.5841119739967220E-08  1.3489581010635093E-01  9.3194940812098943E-04  7.1754087151231969E-04  6.6537498447788509E-08
   385   36.575000      0.0000000000000000E+00  3.4312604367592378E-08  1.3561477563723676E-01  1.0034448018059192E-03  6.9232304061212727E-04  5.9378462853225869E-08
   386   36.670000      0.0000000000000000E+00  3.5765719862409339E-08  1.3625081917179133E-01  1.0780261834862608E-03  6.6895455149622817E-04  5.0120368329129560E-08
   387   36.765000      0.0000000000000000E+00  4.0628160681940333E-08  1.3681074457308737E-01  1.1511563138686908E-03  6.4876836978438864E-04  3.9057646557049912E-08
   388   36.860000      0.0000000000000000E+00  4.4536422865838043E-08  1.3730402112427706E-01  1.2179518409299352E-03  6.3296570426116553E-04  3.1352265342630224E-08
   389   36.955000      0.0000000000000000E+00  4.3750744409653486E-08  1.3774174648522433E-01  1.2733726109721074E-03  6.2261712574766120E-04  3.0936620886605174E-08
   390   37.050000      0.0000000000000000E+00  4.0543237563340822E-08  1.3813563371046228E-01  1.3126020606300875E-03  6.1862681942589492E-04  3.5012810949782586E-08
   391   37.145000      0.0000000000000000E+00  3.9653873020361079E-08  1.3849725129492094E-01  1.3315367017299022E-03  6.2169224408406066E-04  3.8208771377447064E-08
   392   37.240000      0.0000000000000000E+00  4.0542107827365899E-08  1.3883772446534334E-01  1.3273915682422465E-03  6.3225737299277968E-04  4.1642558666593068E-08
   393   37.335000      0.0000000000000000E+00  4.0803718899409966E-08  1.3916778480101466E-01  1.2992623410082197E-03  6.5041066229283876E-04  4.8407877209878515E-08
   394   37.430000      0.0000000000000000E+00  4.3584328446012696E-08  1.3949746842557098E-01  1.2489436500982129E-03  6.7581877859534869E-04  5.4204095011367964E-08
   395   37.525000      0.0000000000000000E+00  5.2315782707613190E-08  1.3983512270751067E-01  1.1812644625049775E-03  7.0776598607038904E-04  5.4012066643371375E-08
   396   37.620000      0.0000000000000000E+00  6.4470892587881127E-08  1.4018638134192951E-01  1.1039381246094394E-03  7.4522353795088885E-04  4.9391488858521115E-08
   397   37.715000      0.0000000000000000E+00  7.4153277795408924E-08  1.4055401360421946E-01  1.0269315775415439E-03  7.8686576023231057E-04  4.5467207015800151E-08
   398   37.810000      0.0000000000000000E+00  7.8171541864352570E-08  1.4093866389819421E-01  9.6131570084235271E-04  8.3106146412338915E-04  4.4664838491577706E-08
   399   37.905000      0.0000000000000000E+00  7.8540849240761991E-08  1.4133973322705914E-01  9.1774445351899901E-04  8.7594541590443409E-04  4.4202400083844737E-08
   400   38.000000      0.0000000000000000E+00  7.6949104889087832E-08  1.4175591324763714E-01  9.0498497341588680E-04  9.1956609386646443E-04  4.3304650869711252E-08
   401   38.095000      0.0000000000000000E+00  7.3168778435976593E-08  1.4218538107735432E-01  9.2814588889419773E-04  9.6003849242380754E-04  4.4303063691273475E-08
   402   38.190000      0.0000000000000000E+00  6.8383253098260774E-08  1.4262580020664864E-01  9.8722608966127202E-04  9.9565703194495455E-04  4.7140202396665981E-08
   403   38.285000      0.0000000000000000E+00  6.4522474980886135E-08  1.4307426240787868E-01  1.0769716552659874E-03  1.0250199412327906E-03  4.9804172440661111E-08
   404   38.380000      0.0000000000000000E+00  6.2215259203993888E-08  1.4352749191851008E-01  1.1877705663410711E-03  1.0470864722414521E-03  5.0957521003752649E-08
   405   38.475000      0.0000000000000000E+00  5.9954596303958766E-08  1.4398253019761684E-01  1.3069855414528091E-03  1.0611873481781314E-03  5.2191542861395504E-08
   406   38.570000      0.0000000000000000E+00  5.8011684536073754E-08  1.4443764339911236E-01  1.4207984165848983E-03  1.0670130866837089E-03  5.3614246823939347E-08
   407   38.665000      0.0000000000000000E+00  5.9919825834614343E-08  1.4489278159162611E-01  1.5164085091169746E-03  1.0646242731330630E-03  5.1363491248216959E-08
   408   38.760000      0.0000000000000000E+00  6.6714619049914335E-08  1.4534924176672348E-01  1.5838040480065819E-03  1.0545088022657185E-03  4.4124414857359018E-08
   409   38.855000      0.0000000000000000E+00  7.4715578359238012E-08  1.4580889054633167E-01  1.6169037308426529E-03  1.0376104391846977E-03  3.5724978326518618E-08
   410   38.950000      0.0000000000000000E+00  7.9910756594530740E-08  1.4627372330593846E-01  1.6140812083998352E-03  1.0151880102812869E-03  3.0631423779316558E-08
   411   39.045000      0.0000000000000000E+00  8.2087804815853060E-08  1.4674602133596051E-01  1.5783609454080106E-03  9.8872167071957311E-04  2.9389397779020956E-08
   412   39.140000      0.0000000000000000E+00  8.2485423045356748E-08  1.4722862614740473E-01  1.5170804163032394E-03  9.5986225914303051E-04  3.0880509425361049E-08
   413   39.235000      0.0000000000000000E+00  7.9824818021510749E-08  1.4772486052879599E-01  1.4409042472766313E-03  9.3048243612988573E-04  3.6258982052195462E-08
   414   39.330000      0.0000000000000000E+00  7.2531916743231379E-08  1.4823815701424214E-01  1.3621055401985376E-03  9.0266082706279423E-04  4.6174730825712428E-08
   415   39.425000      0.0000000000000000E+00  6.3387896315208506E-08  1.4877180311935709E-01  1.2924232531440448E-03  8.7855947078053923E-04  5.6414215972870985E-08
   416   39.520000      0.0000000000000000E+00  5.7786752511770438E-08  1.4932887861812869E-01  1.2411413989035138E-03  8.6021199432959744E-04  6.0296818597070549E-08
   417   39.615000      0.0000000000000000E+00  5.4144305287933028E-08  1.4991227277885288E-01  1.2136412242263563E-03  8.4941039451675963E-04  6.0386193466120928E-08
   418   39.710000      0.0000000000000000E+00  4.7556932501955826E-08  1.5052480079403383E-01  1.2106269055161209E-03  8.4756572133809775E-04  6.3735655630236732E-08
   419   39.805000      0.0000000000000000E+00  4.2477586811565698E-08  1.5116928179369238E-01  1.2283586622125911E-03  8.5551678964789391E-04  6.5300831291555470E-08
   420   39.900000      0.0000000000000000E+00  4.4835393488188333E-08  1.5184839084652380E-01  1.2603964729858347E-03  8.7348644939975366E-04  5.8041110415481438E-08
   421   39.995000      0.0000000000000000E+00  5.1904108624748653E-08  1.5256435423024406E-01  1.3001265300908280E-03  9.0107860559436993E-04  4.5389079843323577E-08
   422   40.090000      0.0000000000000000E+00  5.7245196263370764E-08  1.5331867890627029E-01  1.3429845927005407E-03  9.3733590222620745E-04  3.5143750475935961E-08
