! Kinetic energy for species "positrons-down"
  Iter        Time          Total Par.             Kin. Energy
     0   0.0000000              25600  2.8273808258908695E-01
     1  0.95000000E-01          25600  2.8273782909282741E-01
     2  0.19000000              25600  2.8273707462127418E-01
     3  0.28500000              25600  2.8273583589500539E-01
     4  0.38000000              25600  2.8273413700605898E-01
     5  0.47500000              25600  2.8273200680760346E-01
     6  0.57000000              25600  2.8272947887144650E-01
     7  0.66500000              25600  2.8272659246494247E-01
     8  0.76000000              25600  2.8272339279790643E-01
     9  0.85500000              25600  2.8271993081859259E-01
    10  0.95000000              25600  2.8271626308364084E-01
    11   1.0450000              25600  2.8271245060994099E-01
    12   1.1400000              25600  2.8270855602491285E-01
    13   1.2350000              25600  2.8270464051196847E-01
    14   1.3300000              25600  2.8270076266136801E-01
    15   1.4250000              25600  2.8269697979395064E-01
    16   1.5200000              25600  2.8269334992217288E-01
    17   1.6150000              25600  2.8268993141670823E-01
    18   1.7100000              25600  2.8268677983906132E-01
    19   1.8050000              25600  2.8268394472926650E-01
    20   1.9000000              25600  2.8268146869011423E-01
    21   1.9950000              25600  2.8267938828161604E-01
    22   2.0900000              25600  2.8267773538976149E-01
    23   2.1850000              25600  2.8267653812886834E-01
    24   2.2800000              25600  2.8267581968989525E-01
    25   2.3750000              25600  2.8267559441451762E-01
    26   2.4700000              25600  2.8267586437692671E-01
    27   2.5650000              25600  2.8267662074740085E-01
    28   2.6600000              25600  2.8267784833840226E-01
    29   2.7550000              25600  2.8267952765283078E-01
    30   2.8500000              25600  2.8268163346671821E-01
    31   2.9450000              25600  2.8268413375801466E-01
    32   3.0400000              25600  2.8268698994436137E-01
    33   3.1350000              25600  2.8269015680687437E-01
    34   3.2300000              25600  2.8269358317629878E-01
    35   3.3250000              25600  2.8269721452273522E-01
    36   3.4200000              25600  2.8270099452657782E-01
    37   3.5150000              25600  2.8270486357208785E-01
    38   3.6100000              25600  2.8270875786069027E-01
    39   3.7050000              25600  2.8271261271885006E-01
    40   3.8000000              25600  2.8271636659192684E-01
    41   3.8950000              25600  2.8271996064185501E-01
    42   3.9900000              25600  2.8272333610873585E-01
    43   4.0850000              25600  2.8272643471857695E-01
    44   4.1800000              25600  2.8272920214014102E-01
    45   4.2750000              25600  2.8273159138746962E-01
    46   4.3700000              25600  2.8273356485985812E-01
    47   4.4650000              25600  2.8273509467476515E-01
    48   4.5600000              25600  2.8273616130386076E-01
    49   4.6550000              25600  2.8273675114746810E-01
    50   4.7500000              25600  2.8273685381266528E-01
    51   4.8450000              25600  2.8273646212887649E-01
    52   4.9400000              25600  2.8273557816499040E-01
    53   5.0350000              25600  2.8273422032206402E-01
    54   5.1300000              25600  2.8273242128278142E-01
    55   5.2250000              25600  2.8273021637143964E-01
    56   5.3200000              25600  2.8272763414572855E-01
    57   5.4150000              25600  2.8272469883990409E-01
    58   5.5100000              25600  2.8272144174174879E-01
    59   5.6050000              25600  2.8271790996393648E-01
    60   5.7000000              25600  2.8271416414232886E-01
    61   5.7950000              25600  2.8271026817710843E-01
    62   5.8900000              25600  2.8270628170786460E-01
    63   5.9850000              25600  2.8270226100269891E-01
    64   6.0800000              25600  2.8269826359139549E-01
    65   6.1750000              25600  2.8269435000095733E-01
    66   6.2700000              25600  2.8269058320570345E-01
    67   6.3650000              25600  2.8268702867905227E-01
    68   6.4600000              25600  2.8268375091910558E-01
    69   6.5550000              25600  2.8268080346604474E-01
    70   6.6500000              25600  2.8267822251597419E-01
    71   6.7450000              25600  2.8267603401632074E-01
    72   6.8400000              25600  2.8267426537436335E-01
    73   6.9350000              25600  2.8267294671335336E-01
    74   7.0300000              25600  2.8267210259266157E-01
    75   7.1250000              25600  2.8267174501609588E-01
    76   7.2200000              25600  2.8267187122478815E-01
    77   7.3150000              25600  2.8267246406604729E-01
    78   7.4100000              25600  2.8267349621960847E-01
    79   7.5050000              25600  2.8267493955935058E-01
    80   7.6000000              25600  2.8267677228214394E-01
    81   7.6950000              25600  2.8267897317065843E-01
    82   7.7900000              25600  2.8268150550890780E-01
    83   7.8850000              25600  2.8268430816844486E-01
    84   7.9800000              25600  2.8268730630993361E-01
    85   8.0750000              25600  2.8269043324420645E-01
    86   8.1700000              25600  2.8269364199591196E-01
    87   8.2650000              25600  2.8269689447058455E-01
    88   8.3600000              25600  2.8270014036808028E-01
    89   8.4550000              25600  2.8270331009325456E-01
    90   8.5500000              25600  2.8270632849876226E-01
    91   8.6450000              25600  2.8270913225179528E-01
    92   8.7400000              25600  2.8271167418327953E-01
    93   8.8350000              25600  2.8271391552968073E-01
    94   8.9300000              25600  2.8271581593895001E-01
    95   9.0250000              25600  2.8271732733398874E-01
    96   9.1200000              25600  2.8271839307777463E-01
    97   9.2150000              25600  2.8271895439884698E-01
    98   9.3100000              25600  2.8271896447968975E-01
    99   9.4050000              25600  2.8271840059801157E-01
   100   9.5000000              25600  2.8271726005827436E-01
   101   9.5950000              25600  2.8271554136133198E-01
   102   9.6900000              25600  2.8271323159167155E-01
   103   9.7850000              25600  2.8271031665988977E-01
   104   9.8800000              25600  2.8270680536759496E-01
   105   9.9750000              25600  2.8270274064053719E-01
   106   10.070000              25600  2.8269818427218213E-01
   107   10.165000              25600  2.8269319262431347E-01
   108   10.260000              25600  2.8268780954272343E-01
   109   10.355000              25600  2.8268207686734531E-01
   110   10.450000              25600  2.8267604197857321E-01
   111   10.545000              25600  2.8266975377367370E-01
   112   10.640000              25600  2.8266325706097178E-01
   113   10.735000              25600  2.8265659239214014E-01
   114   10.830000              25600  2.8264979694539977E-01
   115   10.925000              25600  2.8264290354999722E-01
   116   11.020000              25600  2.8263594262631447E-01
   117   11.115000              25600  2.8262894789877724E-01
   118   11.210000              25600  2.8262195655837485E-01
   119   11.305000              25600  2.8261500011940038E-01
   120   11.400000              25600  2.8260809929988712E-01
   121   11.495000              25600  2.8260127334042862E-01
   122   11.590000              25600  2.8259454997684619E-01
   123   11.685000              25600  2.8258795692555105E-01
   124   11.780000              25600  2.8258150121527992E-01
   125   11.875000              25600  2.8257515854727444E-01
   126   11.970000              25600  2.8256887879532228E-01
   127   12.065000              25600  2.8256259635831177E-01
   128   12.160000              25600  2.8255623903838167E-01
   129   12.255000              25600  2.8254973716015530E-01
   130   12.350000              25600  2.8254302869106740E-01
   131   12.445000              25600  2.8253605230271145E-01
   132   12.540000              25600  2.8252873315582278E-01
   133   12.635000              25600  2.8252097923391856E-01
   134   12.730000              25600  2.8251269727870776E-01
   135   12.825000              25600  2.8250381401669367E-01
   136   12.920000              25600  2.8249427948078337E-01
   137   13.015000              25600  2.8248404820827666E-01
   138   13.110000              25600  2.8247305687861424E-01
   139   13.205000              25600  2.8246121047401984E-01
   140   13.300000              25600  2.8244836603509998E-01
   141   13.395000              25600  2.8243431125426716E-01
   142   13.490000              25600  2.8241877020893935E-01
   143   13.585000              25600  2.8240146253682369E-01
   144   13.680000              25600  2.8238218074637456E-01
   145   13.775000              25600  2.8236081649862155E-01
   146   13.870000              25600  2.8233731626553266E-01
   147   13.965000              25600  2.8231162076632754E-01
   148   14.060000              25600  2.8228365104632491E-01
   149   14.155000              25600  2.8225334234686789E-01
   150   14.250000              25600  2.8222067333983963E-01
   151   14.345000              25600  2.8218565184266964E-01
   152   14.440000              25600  2.8214826869350701E-01
   153   14.535000              25600  2.8210845391456130E-01
   154   14.630000              25600  2.8206605589966660E-01
   155   14.725000              25600  2.8202085059090853E-01
   156   14.820000              25600  2.8197258065608266E-01
   157   14.915000              25600  2.8192100857815633E-01
   158   15.010000              25600  2.8186595067650427E-01
   159   15.105000              25600  2.8180726909976200E-01
   160   15.200000              25600  2.8174483761288438E-01
   161   15.295000              25600  2.8167852283019801E-01
   162   15.390000              25600  2.8160819943593657E-01
   163   15.485000              25600  2.8153377066194868E-01
   164   15.580000              25600  2.8145515380254571E-01
   165   15.675000              25600  2.8137223389694133E-01
   166   15.770000              25600  2.8128483548108696E-01
   167   15.865000              25600  2.8119275144702915E-01
   168   15.960000              25600  2.8109580705811577E-01
   169   16.055000              25600  2.8099389092723842E-01
   170   16.150000              25600  2.8088690067294869E-01
   171   16.245000              25600  2.8077462356961613E-01
   172   16.340000              25600  2.8065665217466040E-01
   173   16.435000              25600  2.8053243840041525E-01
   174   16.530000              25600  2.8040147944656302E-01
   175   16.625000              25600  2.8026349563334524E-01
   176   16.720000              25600  2.8011844762994548E-01
   177   16.815000              25600  2.7996637868259966E-01
   178   16.910000              25600  2.7980722317180323E-01
   179   17.005000              25600  2.7964073429495639E-01
   180   17.100000              25600  2.7946653987746306E-01
   181   17.195000              25600  2.7928421621175342E-01
   182   17.290000              25600  2.7909332068957354E-01
   183   17.385000              25600  2.7889342638501841E-01
   184   17.480000              25600  2.7868418031760656E-01
   185   17.575000              25600  2.7846532729613543E-01
   186   17.670000              25600  2.7823665706424633E-01
   187   17.765000              25600  2.7799791909446481E-01
   188   17.860000              25600  2.7774878042802442E-01
   189   17.955000              25600  2.7748886730259259E-01
   190   18.050000              25600  2.7721787723996411E-01
   191   18.145000              25600  2.7693569908550730E-01
   192   18.240000              25600  2.7664247591846503E-01
   193   18.335000              25600  2.7633856675742674E-01
   194   18.430000              25600  2.7602439701991827E-01
   195   18.525000              25600  2.7570026761953759E-01
   196   18.620000              25600  2.7536626114774876E-01
   197   18.715000              25600  2.7502232589239672E-01
   198   18.810000              25600  2.7466845182509170E-01
   199   18.905000              25600  2.7430476223383216E-01
   200   19.000000              25600  2.7393144655584684E-01
   201   19.095000              25600  2.7354863147534281E-01
   202   19.190000              25600  2.7315633751605417E-01
   203   19.285000              25600  2.7275455744552901E-01
   204   19.380000              25600  2.7234337219939253E-01
   205   19.475000              25600  2.7192303716502336E-01
   206   19.570000              25600  2.7149403173167980E-01
   207   19.665000              25600  2.7105703643167334E-01
   208   19.760000              25600  2.7061283162499972E-01
   209   19.855000              25600  2.7016218585952806E-01
   210   19.950000              25600  2.6970576531747631E-01
   211   20.045000              25600  2.6924400460840880E-01
   212   20.140000              25600  2.6877700107934233E-01
   213   20.235000              25600  2.6830464753877081E-01
   214   20.330000              25600  2.6782695609554769E-01
   215   20.425000              25600  2.6734426411570833E-01
   216   20.520000              25600  2.6685714211654554E-01
   217   20.615000              25600  2.6636610886159451E-01
   218   20.710000              25600  2.6587140642654572E-01
   219   20.805000              25600  2.6537298771167650E-01
   220   20.900000              25600  2.6487069586366452E-01
   221   20.995000              25600  2.6436455638626821E-01
   222   21.090000              25600  2.6385500365195153E-01
   223   21.185000              25600  2.6334281302810852E-01
   224   21.280000              25600  2.6282875553028562E-01
   225   21.375000              25600  2.6231331894372906E-01
   226   21.470000              25600  2.6179674087404808E-01
   227   21.565000              25600  2.6127921552955807E-01
   228   21.660000              25600  2.6076107189378983E-01
   229   21.755000              25600  2.6024291662042937E-01
   230   21.850000              25600  2.5972576963998306E-01
   231   21.945000              25600  2.5921105594164340E-01
   232   22.040000              25600  2.5870034579892554E-01
   233   22.135000              25600  2.5819501685177654E-01
   234   22.230000              25600  2.5769612629609795E-01
   235   22.325000              25600  2.5720460911513776E-01
   236   22.420000              25600  2.5672167493398673E-01
   237   22.515000              25600  2.5624904880642629E-01
   238   22.610000              25600  2.5578879411408695E-01
   239   22.705000              25600  2.5534292514634516E-01
   240   22.800000              25600  2.5491325710292034E-01
   241   22.895000              25600  2.5450159760090596E-01
   242   22.990000              25600  2.5410990755455631E-01
   243   23.085000              25600  2.5374016330737559E-01
   244   23.180000              25600  2.5339417723515323E-01
   245   23.275000              25600  2.5307376873610543E-01
   246   23.370000              25600  2.5278114418264258E-01
   247   23.465000              25600  2.5251897057839184E-01
   248   23.560000              25600  2.5228998107746015E-01
   249   23.655000              25600  2.5209643706849105E-01
   250   23.750000              25600  2.5193988109004439E-01
   251   23.845000              25600  2.5182132082572029E-01
   252   23.940000              25600  2.5174159750587466E-01
   253   24.035000              25600  2.5170159146018023E-01
   254   24.130000              25600  2.5170217692992647E-01
   255   24.225000              25600  2.5174419940618842E-01
   256   24.320000              25600  2.5182861065880291E-01
   257   24.415000              25600  2.5195652969127663E-01
   258   24.510000              25600  2.5212906622416920E-01
   259   24.605000              25600  2.5234712459748598E-01
   260   24.700000              25600  2.5261142278763937E-01
   261   24.795000              25600  2.5292266615063713E-01
   262   24.890000              25600  2.5328163999539000E-01
   263   24.985000              25600  2.5368898636884551E-01
   264   25.080000              25600  2.5414469324566380E-01
   265   25.175000              25600  2.5464760441079287E-01
   266   25.270000              25600  2.5519526017646033E-01
   267   25.365000              25600  2.5578401349551744E-01
   268   25.460000              25600  2.5640915534828657E-01
   269   25.555000              25600  2.5706500293336404E-01
   270   25.650000              25600  2.5774507625450593E-01
   271   25.745000              25600  2.5844244762685614E-01
   272   25.840000              25600  2.5915016853601791E-01
   273   25.935000              25600  2.5986153662001266E-01
   274   26.030000              25600  2.6057012821698067E-01
   275   26.125000              25600  2.6126979451841609E-01
   276   26.220000              25600  2.6195477903890418E-01
   277   26.315000              25600  2.6261982808875756E-01
   278   26.410000              25600  2.6326016869366420E-01
   279   26.505000              25600  2.6387148025183566E-01
   280   26.600000              25600  2.6444997021849509E-01
   281   26.695000              25600  2.6499238137168690E-01
   282   26.790000              25600  2.6549576426576532E-01
   283   26.885000              25600  2.6595721808237260E-01
   284   26.980000              25600  2.6637388799456219E-01
   285   27.075000              25600  2.6674317938398673E-01
   286   27.170000              25600  2.6706295156323462E-01
   287   27.265000              25600  2.6733155750961524E-01
   288   27.360000              25600  2.6754779168478349E-01
   289   27.455000              25600  2.6771093284179565E-01
   290   27.550000              25600  2.6782095495657710E-01
   291   27.645000              25600  2.6787872897594933E-01
   292   27.740000              25600  2.6788611585301642E-01
   293   27.835000              25600  2.6784596102816149E-01
   294   27.930000              25600  2.6776188984070676E-01
   295   28.025000              25600  2.6763793228493815E-01
   296   28.120000              25600  2.6747830955699631E-01
   297   28.215000              25600  2.6728758210800452E-01
   298   28.310000              25600  2.6707092501264407E-01
   299   28.405000              25600  2.6683426659424414E-01
   300   28.500000              25600  2.6658423271115128E-01
   301   28.595000              25600  2.6632793155175216E-01
   302   28.690000              25600  2.6607262376359686E-01
   303   28.785000              25600  2.6582534451135054E-01
   304   28.880000              25600  2.6559267469016218E-01
   305   28.975000              25600  2.6538078424107725E-01
   306   29.070000              25600  2.6519551471783914E-01
   307   29.165000              25600  2.6504216845048822E-01
   308   29.260000              25600  2.6492513457876316E-01
   309   29.355000              25600  2.6484773022811559E-01
   310   29.450000              25600  2.6481233115050090E-01
   311   29.545000              25600  2.6482053415979601E-01
   312   29.640000              25600  2.6487309062367698E-01
   313   29.735000              25600  2.6496961762157967E-01
   314   29.830000              25600  2.6510836994634457E-01
   315   29.925000              25600  2.6528629255335556E-01
   316   30.020000              25600  2.6549923911700718E-01
   317   30.115000              25600  2.6574218808551309E-01
   318   30.210000              25600  2.6600934057870496E-01
   319   30.305000              25600  2.6629401064753028E-01
   320   30.400000              25600  2.6658841988408855E-01
   321   30.495000              25600  2.6688371329960014E-01
   322   30.590000              25600  2.6717034951187213E-01
   323   30.685000              25600  2.6743868854681646E-01
   324   30.780000              25600  2.6767946151222405E-01
   325   30.875000              25600  2.6788402668461075E-01
   326   30.970000              25600  2.6804455509691372E-01
   327   31.065000              25600  2.6815414847888963E-01
   328   31.160000              25600  2.6820683470608586E-01
   329   31.255000              25600  2.6819756358265079E-01
   330   31.350000              25600  2.6812238224875540E-01
   331   31.445000              25600  2.6797877536379744E-01
   332   31.540000              25600  2.6776601037019077E-01
   333   31.635000              25600  2.6748527024501462E-01
   334   31.730000              25600  2.6713938700491913E-01
   335   31.825000              25600  2.6673219598917836E-01
   336   31.920000              25600  2.6626784760523314E-01
   337   32.015000              25600  2.6575044120213942E-01
   338   32.110000              25600  2.6518396793974608E-01
   339   32.205000              25600  2.6457241767844619E-01
   340   32.300000              25600  2.6391991693808114E-01
   341   32.395000              25600  2.6323081576058732E-01
   342   32.490000              25600  2.6250980748472785E-01
   343   32.585000              25600  2.6176211366946261E-01
   344   32.680000              25600  2.6099356975444343E-01
   345   32.775000              25600  2.6021049781772215E-01
   346   32.870000              25600  2.5941952435083609E-01
   347   32.965000              25600  2.5862752762742314E-01
   348   33.060000              25600  2.5784161890244717E-01
   349   33.155000              25600  2.5706895568767807E-01
   350   33.250000              25600  2.5631640103378006E-01
   351   33.345000              25600  2.5559020322253856E-01
   352   33.440000              25600  2.5489582562224805E-01
   353   33.535000              25600  2.5423789685107978E-01
   354   33.630000              25600  2.5362013022178770E-01
   355   33.725000              25600  2.5304516263102728E-01
   356   33.820000              25600  2.5251440505790501E-01
   357   33.915000              25600  2.5202796711378639E-01
   358   34.010000              25600  2.5158464346591741E-01
   359   34.105000              25600  2.5118195972846202E-01
   360   34.200000              25600  2.5081629739308364E-01
   361   34.295000              25600  2.5048310807954921E-01
   362   34.390000              25600  2.5017725191506446E-01
   363   34.485000              25600  2.4989345514608147E-01
   364   34.580000              25600  2.4962681659228816E-01
   365   34.675000              25600  2.4937320089116644E-01
   366   34.770000              25600  2.4912941165163413E-01
   367   34.865000              25600  2.4889316082387952E-01
   368   34.960000              25600  2.4866288148945084E-01
   369   35.055000              25600  2.4843752153908039E-01
   370   35.150000              25600  2.4821644511412119E-01
   371   35.245000              25600  2.4799943867999524E-01
   372   35.340000              25600  2.4778667328776718E-01
   373   35.435000              25600  2.4757857651244369E-01
   374   35.530000              25600  2.4737573769153551E-01
   375   35.625000              25600  2.4717887217188678E-01
   376   35.720000              25600  2.4698880470563647E-01
   377   35.815000              25600  2.4680656825574193E-01
   378   35.910000              25600  2.4663369104389846E-01
   379   36.005000              25600  2.4647247876921310E-01
   380   36.100000              25600  2.4632604485760887E-01
   381   36.195000              25600  2.4619809530916956E-01
   382   36.290000              25600  2.4609267521087219E-01
   383   36.385000              25600  2.4601401194455166E-01
   384   36.480000              25600  2.4596629504488790E-01
   385   36.575000              25600  2.4595329175741310E-01
   386   36.670000              25600  2.4597793124688133E-01
   387   36.765000              25600  2.4604189707830471E-01
   388   36.860000              25600  2.4614518245013856E-01
   389   36.955000              25600  2.4628584589109534E-01
   390   37.050000              25600  2.4646021392482187E-01
   391   37.145000              25600  2.4666331479452241E-01
   392   37.240000              25600  2.4688924990686914E-01
   393   37.335000              25600  2.4713162285881657E-01
   394   37.430000              25600  2.4738436001418357E-01
   395   37.525000              25600  2.4764275139204389E-01
   396   37.620000              25600  2.4790416448489749E-01
   397   37.715000              25600  2.4816817349553885E-01
   398   37.810000              25600  2.4843618851133903E-01
   399   37.905000              25600  2.4871093241844205E-01
   400   38.000000              25600  2.4899617948505204E-01
   401   38.095000              25600  2.4929667932272592E-01
   402   38.190000              25600  2.4961796886794455E-01
   403   38.285000              25600  2.4996620412736925E-01
   404   38.380000              25600  2.5034808015387533E-01
   405   38.475000              25600  2.5077047321567131E-01
   406   38.570000              25600  2.5123948210670100E-01
   407   38.665000              25600  2.5175907947647536E-01
   408   38.760000              25600  2.5232995490994337E-01
   409   38.855000              25600  2.5294868212640409E-01
   410   38.950000              25600  2.5360691911963390E-01
   411   39.045000              25600  2.5429075160119508E-01
   412   39.140000              25600  2.5498086231805572E-01
   413   39.235000              25600  2.5565391839960250E-01
   414   39.330000              25600  2.5628485944220147E-01
   415   39.425000              25600  2.5684943186564407E-01
   416   39.520000              25600  2.5732632243051268E-01
   417   39.615000              25600  2.5769859003996681E-01
   418   39.710000              25600  2.5795439925206287E-01
   419   39.805000              25600  2.5808702527138627E-01
   420   39.900000              25600  2.5809414851685530E-01
   421   39.995000              25600  2.5797670103920900E-01
   422   40.090000              25600  2.5773761593342848E-01
