! Kinetic energy for species "electrons-down"
  Iter        Time          Total Par.             Kin. Energy
     0   0.0000000              25600  2.8285984295300720E-01
     1  0.95000000E-01          25600  2.8286008326926504E-01
     2  0.19000000              25600  2.8286080262623103E-01
     3  0.28500000              25600  2.8286199438560716E-01
     4  0.38000000              25600  2.8286364378325801E-01
     5  0.47500000              25600  2.8286572642618890E-01
     6  0.57000000              25600  2.8286820853799061E-01
     7  0.66500000              25600  2.8287104880505015E-01
     8  0.76000000              25600  2.8287420112359307E-01
     9  0.85500000              25600  2.8287761656081334E-01
    10  0.95000000              25600  2.8288124337444287E-01
    11   1.0450000              25600  2.8288502600203258E-01
    12   1.1400000              25600  2.8288890495079755E-01
    13   1.2350000              25600  2.8289281815856160E-01
    14   1.3300000              25600  2.8289670271109335E-01
    15   1.4250000              25600  2.8290049591591315E-01
    16   1.5200000              25600  2.8290413607516052E-01
    17   1.6150000              25600  2.8290756399058692E-01
    18   1.7100000              25600  2.8291072507552550E-01
    19   1.8050000              25600  2.8291357037994991E-01
    20   1.9000000              25600  2.8291605595291491E-01
    21   1.9950000              25600  2.8291814240811275E-01
    22   2.0900000              25600  2.8291979563393183E-01
    23   2.1850000              25600  2.8292098716432373E-01
    24   2.2800000              25600  2.8292169408896273E-01
    25   2.3750000              25600  2.8292190078743251E-01
    26   2.4700000              25600  2.8292160271896671E-01
    27   2.5650000              25600  2.8292080864872415E-01
    28   2.6600000              25600  2.8291953821134885E-01
    29   2.7550000              25600  2.8291781630134172E-01
    30   2.8500000              25600  2.8291566877883489E-01
    31   2.9450000              25600  2.8291312253994672E-01
    32   3.0400000              25600  2.8291020961360891E-01
    33   3.1350000              25600  2.8290697243790808E-01
    34   3.2300000              25600  2.8290346630846475E-01
    35   3.3250000              25600  2.8289975610810481E-01
    36   3.4200000              25600  2.8289590864851977E-01
    37   3.5150000              25600  2.8289198623447220E-01
    38   3.6100000              25600  2.8288804632326869E-01
    39   3.7050000              25600  2.8288414590639432E-01
    40   3.8000000              25600  2.8288034431866782E-01
    41   3.8950000              25600  2.8287670114135732E-01
    42   3.9900000              25600  2.8287327275969126E-01
    43   4.0850000              25600  2.8287011211996327E-01
    44   4.1800000              25600  2.8286727017622848E-01
    45   4.2750000              25600  2.8286479408145115E-01
    46   4.3700000              25600  2.8286272246829974E-01
    47   4.4650000              25600  2.8286108397723236E-01
    48   4.5600000              25600  2.8285990086286406E-01
    49   4.6550000              25600  2.8285919128396692E-01
    50   4.7500000              25600  2.8285896634317714E-01
    51   4.8450000              25600  2.8285922744605396E-01
    52   4.9400000              25600  2.8285996882099007E-01
    53   5.0350000              25600  2.8286118015578432E-01
    54   5.1300000              25600  2.8286284387659044E-01
    55   5.2250000              25600  2.8286493178281608E-01
    56   5.3200000              25600  2.8286740801301968E-01
    57   5.4150000              25600  2.8287023534939471E-01
    58   5.5100000              25600  2.8287337575376792E-01
    59   5.6050000              25600  2.8287678300238450E-01
    60   5.7000000              25600  2.8288039617152838E-01
    61   5.7950000              25600  2.8288414340420304E-01
    62   5.8900000              25600  2.8288795372682551E-01
    63   5.9850000              25600  2.8289176517401371E-01
    64   6.0800000              25600  2.8289552303474264E-01
    65   6.1750000              25600  2.8289917427876698E-01
    66   6.2700000              25600  2.8290266607354947E-01
    67   6.3650000              25600  2.8290594728836266E-01
    68   6.4600000              25600  2.8290896670082522E-01
    69   6.5550000              25600  2.8291166811980650E-01
    70   6.6500000              25600  2.8291399053883387E-01
    71   6.7450000              25600  2.8291587729393142E-01
    72   6.8400000              25600  2.8291728702836993E-01
    73   6.9350000              25600  2.8291819746468971E-01
    74   7.0300000              25600  2.8291860168279998E-01
    75   7.1250000              25600  2.8291850223441384E-01
    76   7.2200000              25600  2.8291790648761450E-01
    77   7.3150000              25600  2.8291682316772998E-01
    78   7.4100000              25600  2.8291525945504709E-01
    79   7.5050000              25600  2.8291322091210108E-01
    80   7.6000000              25600  2.8291071827535841E-01
    81   7.6950000              25600  2.8290777901446479E-01
    82   7.7900000              25600  2.8290445237481487E-01
    83   7.8850000              25600  2.8290079961004777E-01
    84   7.9800000              25600  2.8289687808626285E-01
    85   8.0750000              25600  2.8289273686982436E-01
    86   8.1700000              25600  2.8288842625752320E-01
    87   8.2650000              25600  2.8288400484255283E-01
    88   8.3600000              25600  2.8287953425368811E-01
    89   8.4550000              25600  2.8287507192998906E-01
    90   8.5500000              25600  2.8287067281731526E-01
    91   8.6450000              25600  2.8286639490918969E-01
    92   8.7400000              25600  2.8286229963376397E-01
    93   8.8350000              25600  2.8285844705065466E-01
    94   8.9300000              25600  2.8285488965520633E-01
    95   9.0250000              25600  2.8285166757752350E-01
    96   9.1200000              25600  2.8284880822832426E-01
    97   9.2150000              25600  2.8284633010839721E-01
    98   9.3100000              25600  2.8284424622152332E-01
    99   9.4050000              25600  2.8284256522529283E-01
   100   9.5000000              25600  2.8284129109976941E-01
   101   9.5950000              25600  2.8284042006810511E-01
   102   9.6900000              25600  2.8283993716074474E-01
   103   9.7850000              25600  2.8283982063049096E-01
   104   9.8800000              25600  2.8284005373149390E-01
   105   9.9750000              25600  2.8284062928405340E-01
   106   10.070000              25600  2.8284153722638689E-01
   107   10.165000              25600  2.8284274396831915E-01
   108   10.260000              25600  2.8284418080332846E-01
   109   10.355000              25600  2.8284575189343364E-01
   110   10.450000              25600  2.8284735891081525E-01
   111   10.545000              25600  2.8284892502106579E-01
   112   10.640000              25600  2.8285039809104684E-01
   113   10.735000              25600  2.8285173180661582E-01
   114   10.830000              25600  2.8285286450699593E-01
   115   10.925000              25600  2.8285371269032966E-01
   116   11.020000              25600  2.8285417818915448E-01
   117   11.115000              25600  2.8285415998457053E-01
   118   11.210000              25600  2.8285356507330717E-01
   119   11.305000              25600  2.8285231692409474E-01
   120   11.400000              25600  2.8285036184766110E-01
   121   11.495000              25600  2.8284767135588518E-01
   122   11.590000              25600  2.8284423486515003E-01
   123   11.685000              25600  2.8284004248760364E-01
   124   11.780000              25600  2.8283506854763479E-01
   125   11.875000              25600  2.8282926552832638E-01
   126   11.970000              25600  2.8282256856847854E-01
   127   12.065000              25600  2.8281490862064707E-01
   128   12.160000              25600  2.8280623185569242E-01
   129   12.255000              25600  2.8279651420264162E-01
   130   12.350000              25600  2.8278575911205800E-01
   131   12.445000              25600  2.8277398247455465E-01
   132   12.540000              25600  2.8276119951750356E-01
   133   12.635000              25600  2.8274742224139326E-01
   134   12.730000              25600  2.8273266612458692E-01
   135   12.825000              25600  2.8271695942324160E-01
   136   12.920000              25600  2.8270034627468293E-01
   137   13.015000              25600  2.8268288038417216E-01
   138   13.110000              25600  2.8266461368155166E-01
   139   13.205000              25600  2.8264558059270389E-01
   140   13.300000              25600  2.8262577481802542E-01
   141   13.395000              25600  2.8260512957831219E-01
   142   13.490000              25600  2.8258352450518154E-01
   143   13.585000              25600  2.8256082465801324E-01
   144   13.680000              25600  2.8253692591337043E-01
   145   13.775000              25600  2.8251177342743439E-01
   146   13.870000              25600  2.8248534401783648E-01
   147   13.965000              25600  2.8245761562422378E-01
   148   14.060000              25600  2.8242855662316346E-01
   149   14.155000              25600  2.8239814396360463E-01
   150   14.250000              25600  2.8236638480664222E-01
   151   14.345000              25600  2.8233330740362467E-01
   152   14.440000              25600  2.8229891386180606E-01
   153   14.535000              25600  2.8226312154908273E-01
   154   14.630000              25600  2.8222572908986687E-01
   155   14.725000              25600  2.8218642783571690E-01
   156   14.820000              25600  2.8214485609660078E-01
   157   14.915000              25600  2.8210066865559302E-01
   158   15.010000              25600  2.8205358253117108E-01
   159   15.105000              25600  2.8200337776739681E-01
   160   15.200000              25600  2.8194986477221551E-01
   161   15.295000              25600  2.8189284602059539E-01
   162   15.390000              25600  2.8183209332369108E-01
   163   15.485000              25600  2.8176734515583446E-01
   164   15.580000              25600  2.8169831605879836E-01
   165   15.675000              25600  2.8162471356711433E-01
   166   15.770000              25600  2.8154626528533111E-01
   167   15.865000              25600  2.8146274235673946E-01
   168   15.960000              25600  2.8137394373435587E-01
   169   16.055000              25600  2.8127963116532395E-01
   170   16.150000              25600  2.8117946820829842E-01
   171   16.245000              25600  2.8107303244528919E-01
   172   16.340000              25600  2.8095990088442585E-01
   173   16.435000              25600  2.8083973016796460E-01
   174   16.530000              25600  2.8071225660581256E-01
   175   16.625000              25600  2.8057722630219428E-01
   176   16.720000              25600  2.8043434475266366E-01
   177   16.815000              25600  2.8028331978446525E-01
   178   16.910000              25600  2.8012396745805135E-01
   179   17.005000              25600  2.7995626667816104E-01
   180   17.100000              25600  2.7978028405962074E-01
   181   17.195000              25600  2.7959601054328487E-01
   182   17.290000              25600  2.7940322872893425E-01
   183   17.385000              25600  2.7920150460389415E-01
   184   17.480000              25600  2.7899031242787370E-01
   185   17.575000              25600  2.7876921156829237E-01
   186   17.670000              25600  2.7853796167736783E-01
   187   17.765000              25600  2.7829653018309614E-01
   188   17.860000              25600  2.7804503726698565E-01
   189   17.955000              25600  2.7778369001595105E-01
   190   18.050000              25600  2.7751270631056563E-01
   191   18.145000              25600  2.7723223758098897E-01
   192   18.240000              25600  2.7694235874082346E-01
   193   18.335000              25600  2.7664316725390892E-01
   194   18.430000              25600  2.7633490186239851E-01
   195   18.525000              25600  2.7601793487920390E-01
   196   18.620000              25600  2.7569265747049654E-01
   197   18.715000              25600  2.7535943333986768E-01
   198   18.810000              25600  2.7501864925404235E-01
   199   18.905000              25600  2.7467068977246317E-01
   200   19.000000              25600  2.7431576166566135E-01
   201   19.095000              25600  2.7395375667201416E-01
   202   19.190000              25600  2.7358434216454652E-01
   203   19.285000              25600  2.7320721668901465E-01
   204   19.380000              25600  2.7282233182976040E-01
   205   19.475000              25600  2.7242994147129296E-01
   206   19.570000              25600  2.7203050099930132E-01
   207   19.665000              25600  2.7162453195423525E-01
   208   19.760000              25600  2.7121252503853055E-01
   209   19.855000              25600  2.7079487246032180E-01
   210   19.950000              25600  2.7037185082955822E-01
   211   20.045000              25600  2.6994371197432543E-01
   212   20.140000              25600  2.6951080646166725E-01
   213   20.235000              25600  2.6907357736789400E-01
   214   20.330000              25600  2.6863241484362077E-01
   215   20.425000              25600  2.6818756534872035E-01
   216   20.520000              25600  2.6773925437533103E-01
   217   20.615000              25600  2.6728792612268459E-01
   218   20.710000              25600  2.6683435481738282E-01
   219   20.805000              25600  2.6637955887430548E-01
   220   20.900000              25600  2.6592464972194219E-01
   221   20.995000              25600  2.6547067909930161E-01
   222   21.090000              25600  2.6501848079264567E-01
   223   21.185000              25600  2.6456866516889133E-01
   224   21.280000              25600  2.6412192592026390E-01
   225   21.375000              25600  2.6367943506011082E-01
   226   21.470000              25600  2.6324290011010609E-01
   227   21.565000              25600  2.6281419539620454E-01
   228   21.660000              25600  2.6239492419329846E-01
   229   21.755000              25600  2.6198624525726966E-01
   230   21.850000              25600  2.6158895767486917E-01
   231   21.945000              25600  2.6120364837318177E-01
   232   22.040000              25600  2.6083081460443885E-01
   233   22.135000              25600  2.6047099074063118E-01
   234   22.230000              25600  2.6012487438573562E-01
   235   22.325000              25600  2.5979337867132440E-01
   236   22.420000              25600  2.5947751088225812E-01
   237   22.515000              25600  2.5917815585235493E-01
   238   22.610000              25600  2.5889604078940764E-01
   239   22.705000              25600  2.5863193693994446E-01
   240   22.800000              25600  2.5838676063000565E-01
   241   22.895000              25600  2.5816138473566475E-01
   242   22.990000              25600  2.5795648394562609E-01
   243   23.085000              25600  2.5777271005079949E-01
   244   23.180000              25600  2.5761099063803461E-01
   245   23.275000              25600  2.5747257200246920E-01
   246   23.370000              25600  2.5735880633479391E-01
   247   23.465000              25600  2.5727090587924661E-01
   248   23.560000              25600  2.5720970674360077E-01
   249   23.655000              25600  2.5717534611972187E-01
   250   23.750000              25600  2.5716690411063065E-01
   251   23.845000              25600  2.5718215294937818E-01
   252   23.940000              25600  2.5721749488529538E-01
   253   24.035000              25600  2.5726829489521852E-01
   254   24.130000              25600  2.5732946040792065E-01
   255   24.225000              25600  2.5739576936625364E-01
   256   24.320000              25600  2.5746192010263275E-01
   257   24.415000              25600  2.5752260747992151E-01
   258   24.510000              25600  2.5757273897046018E-01
   259   24.605000              25600  2.5760776130840113E-01
   260   24.700000              25600  2.5762407668344112E-01
   261   24.795000              25600  2.5761942411697003E-01
   262   24.890000              25600  2.5759300023452814E-01
   263   24.985000              25600  2.5754527949458722E-01
   264   25.080000              25600  2.5747768620202727E-01
   265   25.175000              25600  2.5739225871843124E-01
   266   25.270000              25600  2.5729143645828856E-01
   267   25.365000              25600  2.5717800482295411E-01
   268   25.460000              25600  2.5705504671399637E-01
   269   25.555000              25600  2.5692577731502353E-01
   270   25.650000              25600  2.5679337868847463E-01
   271   25.745000              25600  2.5666098921963998E-01
   272   25.840000              25600  2.5653182491078863E-01
   273   25.935000              25600  2.5640934526838693E-01
   274   26.030000              25600  2.5629728095991916E-01
   275   26.125000              25600  2.5619942331360857E-01
   276   26.220000              25600  2.5611933224498540E-01
   277   26.315000              25600  2.5606019421538145E-01
   278   26.410000              25600  2.5602485382474138E-01
   279   26.505000              25600  2.5601581991753436E-01
   280   26.600000              25600  2.5603513362230235E-01
   281   26.695000              25600  2.5608426169963378E-01
   282   26.790000              25600  2.5616418632852450E-01
   283   26.885000              25600  2.5627557272015827E-01
   284   26.980000              25600  2.5641883273962374E-01
   285   27.075000              25600  2.5659406655699912E-01
   286   27.170000              25600  2.5680097164674642E-01
   287   27.265000              25600  2.5703878676885339E-01
   288   27.360000              25600  2.5730634903390137E-01
   289   27.455000              25600  2.5760229316410155E-01
   290   27.550000              25600  2.5792519637639005E-01
   291   27.645000              25600  2.5827353466200087E-01
   292   27.740000              25600  2.5864556373873526E-01
   293   27.835000              25600  2.5903922289058040E-01
   294   27.930000              25600  2.5945193896685220E-01
   295   28.025000              25600  2.5988034454301423E-01
   296   28.120000              25600  2.6032010650855864E-01
   297   28.215000              25600  2.6076597268516361E-01
   298   28.310000              25600  2.6121203786758407E-01
   299   28.405000              25600  2.6165211305135772E-01
   300   28.500000              25600  2.6207998858252923E-01
   301   28.595000              25600  2.6248940884763750E-01
   302   28.690000              25600  2.6287392913883123E-01
   303   28.785000              25600  2.6322702011707272E-01
   304   28.880000              25600  2.6354245788809838E-01
   305   28.975000              25600  2.6381465226420781E-01
   306   29.070000              25600  2.6403866834255896E-01
   307   29.165000              25600  2.6421011543754280E-01
   308   29.260000              25600  2.6432520141572891E-01
   309   29.355000              25600  2.6438098885260980E-01
   310   29.450000              25600  2.6437568088079261E-01
   311   29.545000              25600  2.6430877734359365E-01
   312   29.640000              25600  2.6418114010782867E-01
   313   29.735000              25600  2.6399505803165063E-01
   314   29.830000              25600  2.6375428222350544E-01
   315   29.925000              25600  2.6346394249048893E-01
   316   30.020000              25600  2.6313033137668296E-01
   317   30.115000              25600  2.6276072154466223E-01
   318   30.210000              25600  2.6236333165489967E-01
   319   30.305000              25600  2.6194726118937295E-01
   320   30.400000              25600  2.6152210647913066E-01
   321   30.495000              25600  2.6109729028885925E-01
   322   30.590000              25600  2.6068142961707463E-01
   323   30.685000              25600  2.6028197417456150E-01
   324   30.780000              25600  2.5990505316469648E-01
   325   30.875000              25600  2.5955543867668368E-01
   326   30.970000              25600  2.5923668664896454E-01
   327   31.065000              25600  2.5895143325279446E-01
   328   31.160000              25600  2.5870170727393915E-01
   329   31.255000              25600  2.5848910288856236E-01
   330   31.350000              25600  2.5831480281045860E-01
   331   31.445000              25600  2.5817955692331379E-01
   332   31.540000              25600  2.5808366866938087E-01
   333   31.635000              25600  2.5802692705407881E-01
   334   31.730000              25600  2.5800846302899116E-01
   335   31.825000              25600  2.5802662545952848E-01
   336   31.920000              25600  2.5807897230771454E-01
   337   32.015000              25600  2.5816240354290665E-01
   338   32.110000              25600  2.5827334162323318E-01
   339   32.205000              25600  2.5840781722701600E-01
   340   32.300000              25600  2.5856141583473441E-01
   341   32.395000              25600  2.5872920964328483E-01
   342   32.490000              25600  2.5890577840845630E-01
   343   32.585000              25600  2.5908532618202207E-01
   344   32.680000              25600  2.5926186114609046E-01
   345   32.775000              25600  2.5942937478936745E-01
   346   32.870000              25600  2.5958198384691261E-01
   347   32.965000              25600  2.5971404858328340E-01
   348   33.060000              25600  2.5982031047519982E-01
   349   33.155000              25600  2.5989601795508066E-01
   350   33.250000              25600  2.5993699101862117E-01
   351   33.345000              25600  2.5993968919716598E-01
   352   33.440000              25600  2.5990135249557267E-01
   353   33.535000              25600  2.5982016260929253E-01
   354   33.630000              25600  2.5969534235836311E-01
   355   33.725000              25600  2.5952719728872364E-01
   356   33.820000              25600  2.5931715165607455E-01
   357   33.915000              25600  2.5906777050117591E-01
   358   34.010000              25600  2.5878267494399471E-01
   359   34.105000              25600  2.5846626583644805E-01
   360   34.200000              25600  2.5812332040536257E-01
   361   34.295000              25600  2.5775865663623465E-01
   362   34.390000              25600  2.5737689524124574E-01
   363   34.485000              25600  2.5698219957579765E-01
   364   34.580000              25600  2.5657801709101125E-01
   365   34.675000              25600  2.5616703668662244E-01
   366   34.770000              25600  2.5575138691205995E-01
   367   34.865000              25600  2.5533286726933174E-01
   368   34.960000              25600  2.5491300563955333E-01
   369   35.055000              25600  2.5449299147764526E-01
   370   35.150000              25600  2.5407367822944127E-01
   371   35.245000              25600  2.5365565517618494E-01
   372   35.340000              25600  2.5323939631612669E-01
   373   35.435000              25600  2.5282535065217182E-01
   374   35.530000              25600  2.5241370790713935E-01
   375   35.625000              25600  2.5200381897039537E-01
   376   35.720000              25600  2.5159365677588408E-01
   377   35.815000              25600  2.5117970365643211E-01
   378   35.910000              25600  2.5075727481491217E-01
   379   36.005000              25600  2.5032118595292280E-01
   380   36.100000              25600  2.4986676827176257E-01
   381   36.195000              25600  2.4939122328888219E-01
   382   36.290000              25600  2.4889502792527779E-01
   383   36.385000              25600  2.4838291771564269E-01
   384   36.480000              25600  2.4786403276814842E-01
   385   36.575000              25600  2.4735107434019069E-01
   386   36.670000              25600  2.4685876053446887E-01
   387   36.765000              25600  2.4640201311765447E-01
   388   36.860000              25600  2.4599421207342376E-01
   389   36.955000              25600  2.4564571273274211E-01
   390   37.050000              25600  2.4536252557045846E-01
   391   37.145000              25600  2.4514515168908807E-01
   392   37.240000              25600  2.4498780899346020E-01
   393   37.335000              25600  2.4487829336270456E-01
   394   37.430000              25600  2.4479868233829141E-01
   395   37.525000              25600  2.4472690714177636E-01
   396   37.620000              25600  2.4463880642600139E-01
   397   37.715000              25600  2.4451004898337150E-01
   398   37.810000              25600  2.4431770323248661E-01
   399   37.905000              25600  2.4404167025006487E-01
   400   38.000000              25600  2.4366620368270459E-01
   401   38.095000              25600  2.4318150474294653E-01
   402   38.190000              25600  2.4258508299964324E-01
   403   38.285000              25600  2.4188231700386020E-01
   404   38.380000              25600  2.4108576859025371E-01
   405   38.475000              25600  2.4021335341655237E-01
   406   38.570000              25600  2.3928586824602482E-01
   407   38.665000              25600  2.3832445700741922E-01
   408   38.760000              25600  2.3734870601024072E-01
   409   38.855000              25600  2.3637585880581438E-01
   410   38.950000              25600  2.3542091340167587E-01
   411   39.045000              25600  2.3449693716483577E-01
   412   39.140000              25600  2.3361517717927277E-01
   413   39.235000              25600  2.3278505729744289E-01
   414   39.330000              25600  2.3201419475901278E-01
   415   39.425000              25600  2.3130829176701370E-01
   416   39.520000              25600  2.3067106687565830E-01
   417   39.615000              25600  2.3010467683540242E-01
   418   39.710000              25600  2.2961055918736095E-01
   419   39.805000              25600  2.2919014398087800E-01
   420   39.900000              25600  2.2884516302100572E-01
   421   39.995000              25600  2.2857769952997403E-01
   422   40.090000              25600  2.2839001782293683E-01
