! Kinetic energy for species "positrons-up"
  Iter        Time          Total Par.             Kin. Energy
     0   0.0000000              25600  2.8261512688975710E-01
     1  0.95000000E-01          25600  2.8261536849002888E-01
     2  0.19000000              25600  2.8261609102104229E-01
     3  0.28500000              25600  2.8261728642733996E-01
     4  0.38000000              25600  2.8261893870010579E-01
     5  0.47500000              25600  2.8262102311285964E-01
     6  0.57000000              25600  2.8262350705612366E-01
     7  0.66500000              25600  2.8262635122993585E-01
     8  0.76000000              25600  2.8262951036640727E-01
     9  0.85500000              25600  2.8263293362996422E-01
    10  0.95000000              25600  2.8263656545379584E-01
    11   1.0450000              25600  2.8264034734844434E-01
    12   1.1400000              25600  2.8264421997819611E-01
    13   1.2350000              25600  2.8264812390023375E-01
    14   1.3300000              25600  2.8265199853464318E-01
    15   1.4250000              25600  2.8265578124741325E-01
    16   1.5200000              25600  2.8265940889350771E-01
    17   1.6150000              25600  2.8266282157456413E-01
    18   1.7100000              25600  2.8266596551150397E-01
    19   1.8050000              25600  2.8266879282286639E-01
    20   1.9000000              25600  2.8267125984419583E-01
    21   1.9950000              25600  2.8267332705228843E-01
    22   2.0900000              25600  2.8267496092524458E-01
    23   2.1850000              25600  2.8267613550236415E-01
    24   2.2800000              25600  2.8267683218210371E-01
    25   2.3750000              25600  2.8267703882730111E-01
    26   2.4700000              25600  2.8267675021628114E-01
    27   2.5650000              25600  2.8267596977530585E-01
    28   2.6600000              25600  2.8267471026395902E-01
    29   2.7550000              25600  2.8267299232016618E-01
    30   2.8500000              25600  2.8267084240995277E-01
    31   2.9450000              25600  2.8266829177404401E-01
    32   3.0400000              25600  2.8266537677151116E-01
    33   3.1350000              25600  2.8266214102326537E-01
    34   3.2300000              25600  2.8265863822095605E-01
    35   3.3250000              25600  2.8265493107801065E-01
    36   3.4200000              25600  2.8265108445854653E-01
    37   3.5150000              25600  2.8264715941879204E-01
    38   3.6100000              25600  2.8264321490354261E-01
    39   3.7050000              25600  2.8263931215644300E-01
    40   3.8000000              25600  2.8263551327598435E-01
    41   3.8950000              25600  2.8263187605663009E-01
    42   3.9900000              25600  2.8262845265057285E-01
    43   4.0850000              25600  2.8262529263010350E-01
    44   4.1800000              25600  2.8262244569178574E-01
    45   4.2750000              25600  2.8261996021834279E-01
    46   4.3700000              25600  2.8261787751496487E-01
    47   4.4650000              25600  2.8261622750145082E-01
    48   4.5600000              25600  2.8261503150458839E-01
    49   4.6550000              25600  2.8261430686713901E-01
    50   4.7500000              25600  2.8261406518753074E-01
    51   4.8450000              25600  2.8261430921725278E-01
    52   4.9400000              25600  2.8261503675257288E-01
    53   5.0350000              25600  2.8261624405055608E-01
    54   5.1300000              25600  2.8261791771830319E-01
    55   5.2250000              25600  2.8262002374945927E-01
    56   5.3200000              25600  2.8262251142970707E-01
    57   5.4150000              25600  2.8262533072074963E-01
    58   5.5100000              25600  2.8262844314960356E-01
    59   5.6050000              25600  2.8263181362713258E-01
    60   5.7000000              25600  2.8263539268004617E-01
    61   5.7950000              25600  2.8263910968848460E-01
    62   5.8900000              25600  2.8264288560231149E-01
    63   5.9850000              25600  2.8264665108529397E-01
    64   6.0800000              25600  2.8265035131305211E-01
    65   6.1750000              25600  2.8265393754593898E-01
    66   6.2700000              25600  2.8265735984930751E-01
    67   6.3650000              25600  2.8266056726855660E-01
    68   6.4600000              25600  2.8266350921839489E-01
    69   6.5550000              25600  2.8266613335158391E-01
    70   6.6500000              25600  2.8266838389481946E-01
    71   6.7450000              25600  2.8267020631026041E-01
    72   6.8400000              25600  2.8267155731883187E-01
    73   6.9350000              25600  2.8267241251040109E-01
    74   7.0300000              25600  2.8267276533310282E-01
    75   7.1250000              25600  2.8267261959194445E-01
    76   7.2200000              25600  2.8267198236465818E-01
    77   7.3150000              25600  2.8267085957906457E-01
    78   7.4100000              25600  2.8266925263742437E-01
    79   7.5050000              25600  2.8266716132987024E-01
    80   7.6000000              25600  2.8266459928057958E-01
    81   7.6950000              25600  2.8266160903218390E-01
    82   7.7900000              25600  2.8265825406715350E-01
    83   7.8850000              25600  2.8265459192861109E-01
    84   7.9800000              25600  2.8265066070002465E-01
    85   8.0750000              25600  2.8264649432200928E-01
    86   8.1700000              25600  2.8264214372929047E-01
    87   8.2650000              25600  2.8263767672712548E-01
    88   8.3600000              25600  2.8263316125752463E-01
    89   8.4550000              25600  2.8262865576001128E-01
    90   8.5500000              25600  2.8262421545565508E-01
    91   8.6450000              25600  2.8261990203177428E-01
    92   8.7400000              25600  2.8261578245621488E-01
    93   8.8350000              25600  2.8261191719530354E-01
    94   8.9300000              25600  2.8260835096909198E-01
    95   9.0250000              25600  2.8260511469062621E-01
    96   9.1200000              25600  2.8260223157896741E-01
    97   9.2150000              25600  2.8259971888990221E-01
    98   9.3100000              25600  2.8259758875514096E-01
    99   9.4050000              25600  2.8259585042751079E-01
   100   9.5000000              25600  2.8259450676352998E-01
   101   9.5950000              25600  2.8259354596420660E-01
   102   9.6900000              25600  2.8259294168932136E-01
   103   9.7850000              25600  2.8259266518044801E-01
   104   9.8800000              25600  2.8259269777377316E-01
   105   9.9750000              25600  2.8259303183618001E-01
   106   10.070000              25600  2.8259365667674774E-01
   107   10.165000              25600  2.8259453875785834E-01
   108   10.260000              25600  2.8259561534449540E-01
   109   10.355000              25600  2.8259680811734367E-01
   110   10.450000              25600  2.8259804008739514E-01
   111   10.545000              25600  2.8259924081680243E-01
   112   10.640000              25600  2.8260034296342473E-01
   113   10.735000              25600  2.8260127628606785E-01
   114   10.830000              25600  2.8260196212282462E-01
   115   10.925000              25600  2.8260231499885868E-01
   116   11.020000              25600  2.8260225145738638E-01
   117   11.115000              25600  2.8260169400127755E-01
   118   11.210000              25600  2.8260056649171461E-01
   119   11.305000              25600  2.8259879384268005E-01
   120   11.400000              25600  2.8259631382503514E-01
   121   11.495000              25600  2.8259309105284625E-01
   122   11.590000              25600  2.8258911637650441E-01
   123   11.685000              25600  2.8258438547725001E-01
   124   11.780000              25600  2.8257887215168642E-01
   125   11.875000              25600  2.8257252177959785E-01
   126   11.970000              25600  2.8256527055219449E-01
   127   12.065000              25600  2.8255706971532074E-01
   128   12.160000              25600  2.8254789484417808E-01
   129   12.255000              25600  2.8253773978944613E-01
   130   12.350000              25600  2.8252660574463073E-01
   131   12.445000              25600  2.8251449256836803E-01
   132   12.540000              25600  2.8250139499381477E-01
   133   12.635000              25600  2.8248730766706853E-01
   134   12.730000              25600  2.8247224061565523E-01
   135   12.825000              25600  2.8245623410590670E-01
   136   12.920000              25600  2.8243935597348435E-01
   137   13.015000              25600  2.8242168022318176E-01
   138   13.110000              25600  2.8240326366899676E-01
   139   13.205000              25600  2.8238413115570205E-01
   140   13.300000              25600  2.8236426081494004E-01
   141   13.395000              25600  2.8234356532236460E-01
   142   13.490000              25600  2.8232189321292728E-01
   143   13.585000              25600  2.8229907461149073E-01
   144   13.680000              25600  2.8227498752882008E-01
   145   13.775000              25600  2.8224958632876818E-01
   146   13.870000              25600  2.8222286931518992E-01
   147   13.965000              25600  2.8219482618697123E-01
   148   14.060000              25600  2.8216541827358443E-01
   149   14.155000              25600  2.8213459862550100E-01
   150   14.250000              25600  2.8210233810175162E-01
   151   14.345000              25600  2.8206862648895970E-01
   152   14.440000              25600  2.8203344303400979E-01
   153   14.535000              25600  2.8199670808565530E-01
   154   14.630000              25600  2.8195823779578222E-01
   155   14.725000              25600  2.8191773225986083E-01
   156   14.820000              25600  2.8187481760259397E-01
   157   14.915000              25600  2.8182912515474434E-01
   158   15.010000              25600  2.8178035530572160E-01
   159   15.105000              25600  2.8172828284990464E-01
   160   15.200000              25600  2.8167271339363820E-01
   161   15.295000              25600  2.8161343853624510E-01
   162   15.390000              25600  2.8155022088217441E-01
   163   15.485000              25600  2.8148280103191792E-01
   164   15.580000              25600  2.8141090884186820E-01
   165   15.675000              25600  2.8133427785766302E-01
   166   15.770000              25600  2.8125266609894117E-01
   167   15.865000              25600  2.8116586713087088E-01
   168   15.960000              25600  2.8107368454386078E-01
   169   16.055000              25600  2.8097587095494148E-01
   170   16.150000              25600  2.8087208221926585E-01
   171   16.245000              25600  2.8076190401469364E-01
   172   16.340000              25600  2.8064494027180659E-01
   173   16.435000              25600  2.8052088111822099E-01
   174   16.530000              25600  2.8038948569379096E-01
   175   16.625000              25600  2.8025051051862859E-01
   176   16.720000              25600  2.8010367464890995E-01
   177   16.815000              25600  2.7994870953197237E-01
   178   16.910000              25600  2.7978544915449916E-01
   179   17.005000              25600  2.7961386994950921E-01
   180   17.100000              25600  2.7943402494944958E-01
   181   17.195000              25600  2.7924589928303933E-01
   182   17.290000              25600  2.7904928204909157E-01
   183   17.385000              25600  2.7884374903893872E-01
   184   17.480000              25600  2.7862877748154635E-01
   185   17.575000              25600  2.7840391734083231E-01
   186   17.670000              25600  2.7816890803096767E-01
   187   17.765000              25600  2.7792369338729633E-01
   188   17.860000              25600  2.7766837272943945E-01
   189   17.955000              25600  2.7740313546419620E-01
   190   18.050000              25600  2.7712818405783779E-01
   191   18.145000              25600  2.7684365896171220E-01
   192   18.240000              25600  2.7654963217915279E-01
   193   18.335000              25600  2.7624620618337575E-01
   194   18.430000              25600  2.7593362621313466E-01
   195   18.525000              25600  2.7561226390139942E-01
   196   18.620000              25600  2.7528249795249282E-01
   197   18.715000              25600  2.7494467456657712E-01
   198   18.810000              25600  2.7459917624701824E-01
   199   18.905000              25600  2.7424641100946995E-01
   200   19.000000              25600  2.7388663270780456E-01
   201   19.095000              25600  2.7351979066783538E-01
   202   19.190000              25600  2.7314561743645244E-01
   203   19.285000              25600  2.7276388745135377E-01
   204   19.380000              25600  2.7237463256790995E-01
   205   19.475000              25600  2.7197818226488490E-01
   206   19.570000              25600  2.7157507032945427E-01
   207   19.665000              25600  2.7116591977111310E-01
   208   19.760000              25600  2.7075135099986286E-01
   209   19.855000              25600  2.7033188701787003E-01
   210   19.950000              25600  2.6990790093235589E-01
   211   20.045000              25600  2.6947969823214712E-01
   212   20.140000              25600  2.6904765354959265E-01
   213   20.235000              25600  2.6861221144209541E-01
   214   20.330000              25600  2.6817373061616978E-01
   215   20.425000              25600  2.6773237357966589E-01
   216   20.520000              25600  2.6728821354068077E-01
   217   20.615000              25600  2.6684147008628861E-01
   218   20.710000              25600  2.6639262920008633E-01
   219   20.805000              25600  2.6594237538556781E-01
   220   20.900000              25600  2.6549146634207416E-01
   221   20.995000              25600  2.6504061433386256E-01
   222   21.090000              25600  2.6459036093928712E-01
   223   21.185000              25600  2.6414108810603576E-01
   224   21.280000              25600  2.6369332949130198E-01
   225   21.375000              25600  2.6324817631858255E-01
   226   21.470000              25600  2.6280735805726302E-01
   227   21.565000              25600  2.6237289868985891E-01
   228   21.660000              25600  2.6194668589923487E-01
   229   21.755000              25600  2.6153028944816931E-01
   230   21.850000              25600  2.6112503597710557E-01
   231   21.945000              25600  2.6073214893012164E-01
   232   22.040000              25600  2.6035286796360524E-01
   233   22.135000              25600  2.5998856408476934E-01
   234   22.230000              25600  2.5964083648440639E-01
   235   22.325000              25600  2.5931151179338907E-01
   236   22.420000              25600  2.5900244971561925E-01
   237   22.515000              25600  2.5871527178848797E-01
   238   22.610000              25600  2.5845127719701827E-01
   239   22.705000              25600  2.5821156567520570E-01
   240   22.800000              25600  2.5799704970327353E-01
   241   22.895000              25600  2.5780818858472121E-01
   242   22.990000              25600  2.5764477493227467E-01
   243   23.085000              25600  2.5750607915972645E-01
   244   23.180000              25600  2.5739113926548962E-01
   245   23.275000              25600  2.5729883976496337E-01
   246   23.370000              25600  2.5722778658231804E-01
   247   23.465000              25600  2.5717619387984925E-01
   248   23.560000              25600  2.5714184117107075E-01
   249   23.655000              25600  2.5712200917687333E-01
   250   23.750000              25600  2.5711343491414518E-01
   251   23.845000              25600  2.5711234554901596E-01
   252   23.940000              25600  2.5711463904637033E-01
   253   24.035000              25600  2.5711641509992000E-01
   254   24.130000              25600  2.5711459976107970E-01
   255   24.225000              25600  2.5710712105030198E-01
   256   24.320000              25600  2.5709265249447405E-01
   257   24.415000              25600  2.5707033761021969E-01
   258   24.510000              25600  2.5703965071826851E-01
   259   24.605000              25600  2.5700033372399778E-01
   260   24.700000              25600  2.5695248363910123E-01
   261   24.795000              25600  2.5689676463558520E-01
   262   24.890000              25600  2.5683446579786273E-01
   263   24.985000              25600  2.5676730294474437E-01
   264   25.080000              25600  2.5669714310151404E-01
   265   25.175000              25600  2.5662581343047397E-01
   266   25.270000              25600  2.5655504388418970E-01
   267   25.365000              25600  2.5648645395461267E-01
   268   25.460000              25600  2.5642143882402935E-01
   269   25.555000              25600  2.5636097318503037E-01
   270   25.650000              25600  2.5630554154332724E-01
   271   25.745000              25600  2.5625529224685883E-01
   272   25.840000              25600  2.5621032676538325E-01
   273   25.935000              25600  2.5617101945168036E-01
   274   26.030000              25600  2.5613820514223867E-01
   275   26.125000              25600  2.5611316131667483E-01
   276   26.220000              25600  2.5609752435034117E-01
   277   26.315000              25600  2.5609328734920500E-01
   278   26.410000              25600  2.5610282377057675E-01
   279   26.505000              25600  2.5612874288520726E-01
   280   26.600000              25600  2.5617355277488651E-01
   281   26.695000              25600  2.5623935317044533E-01
   282   26.790000              25600  2.5632775096007165E-01
   283   26.885000              25600  2.5643989931022326E-01
   284   26.980000              25600  2.5657649611322486E-01
   285   27.075000              25600  2.5673775055981174E-01
   286   27.170000              25600  2.5692338951971977E-01
   287   27.265000              25600  2.5713270924854681E-01
   288   27.360000              25600  2.5736467086934445E-01
   289   27.455000              25600  2.5761807779665064E-01
   290   27.550000              25600  2.5789174642837021E-01
   291   27.645000              25600  2.5818456896146919E-01
   292   27.740000              25600  2.5849545799321427E-01
   293   27.835000              25600  2.5882318825881512E-01
   294   27.930000              25600  2.5916610061777878E-01
   295   28.025000              25600  2.5952181389513485E-01
   296   28.120000              25600  2.5988714397854257E-01
   297   28.215000              25600  2.6025822308834917E-01
   298   28.310000              25600  2.6063074058732455E-01
   299   28.405000              25600  2.6100023558126445E-01
   300   28.500000              25600  2.6136230838094826E-01
   301   28.595000              25600  2.6171254817869416E-01
   302   28.690000              25600  2.6204631448496363E-01
   303   28.785000              25600  2.6235877559030979E-01
   304   28.880000              25600  2.6264526477579797E-01
   305   28.975000              25600  2.6290155902224743E-01
   306   29.070000              25600  2.6312382177424731E-01
   307   29.165000              25600  2.6330844038450391E-01
   308   29.260000              25600  2.6345205841384628E-01
   309   29.355000              25600  2.6355179520336042E-01
   310   29.450000              25600  2.6360545058831575E-01
   311   29.545000              25600  2.6361154135157816E-01
   312   29.640000              25600  2.6356927826215160E-01
   313   29.735000              25600  2.6347863499531382E-01
   314   29.830000              25600  2.6334045692939534E-01
   315   29.925000              25600  2.6315645449610214E-01
   316   30.020000              25600  2.6292906006866085E-01
   317   30.115000              25600  2.6266137436163400E-01
   318   30.210000              25600  2.6235736886715072E-01
   319   30.305000              25600  2.6202214202572399E-01
   320   30.400000              25600  2.6166187439767841E-01
   321   30.495000              25600  2.6128344876722009E-01
   322   30.590000              25600  2.6089399930700258E-01
   323   30.685000              25600  2.6050060777548212E-01
   324   30.780000              25600  2.6011010236332194E-01
   325   30.875000              25600  2.5972886091626257E-01
   326   30.970000              25600  2.5936268799322909E-01
   327   31.065000              25600  2.5901682592594816E-01
   328   31.160000              25600  2.5869603417810816E-01
   329   31.255000              25600  2.5840457255472782E-01
   330   31.350000              25600  2.5814606991524264E-01
   331   31.445000              25600  2.5792343540832907E-01
   332   31.540000              25600  2.5773887577254151E-01
   333   31.635000              25600  2.5759386079376811E-01
   334   31.730000              25600  2.5748894174794956E-01
   335   31.825000              25600  2.5742358046587660E-01
   336   31.920000              25600  2.5739619202132707E-01
   337   32.015000              25600  2.5740438987658554E-01
   338   32.110000              25600  2.5744517938730094E-01
   339   32.205000              25600  2.5751491200384857E-01
   340   32.300000              25600  2.5760910754838873E-01
   341   32.395000              25600  2.5772241262684692E-01
   342   32.490000              25600  2.5784875039058158E-01
   343   32.585000              25600  2.5798156381072901E-01
   344   32.680000              25600  2.5811415261573123E-01
   345   32.775000              25600  2.5824008236651730E-01
   346   32.870000              25600  2.5835355905117269E-01
   347   32.965000              25600  2.5844972637980901E-01
   348   33.060000              25600  2.5852492935726201E-01
   349   33.155000              25600  2.5857685130253583E-01
   350   33.250000              25600  2.5860443235747138E-01
   351   33.345000              25600  2.5860771787692993E-01
   352   33.440000              25600  2.5858771959310589E-01
   353   33.535000              25600  2.5854617904478061E-01
   354   33.630000              25600  2.5848519066822884E-01
   355   33.725000              25600  2.5840680858568255E-01
   356   33.820000              25600  2.5831280313089455E-01
   357   33.915000              25600  2.5820460514981186E-01
   358   34.010000              25600  2.5808326529811004E-01
   359   34.105000              25600  2.5794927106642546E-01
   360   34.200000              25600  2.5780235956606468E-01
   361   34.295000              25600  2.5764155172021763E-01
   362   34.390000              25600  2.5746538707779398E-01
   363   34.485000              25600  2.5727219128348644E-01
   364   34.580000              25600  2.5706027889479677E-01
   365   34.675000              25600  2.5682815809228032E-01
   366   34.770000              25600  2.5657477691804181E-01
   367   34.865000              25600  2.5629969666012209E-01
   368   34.960000              25600  2.5600302307212008E-01
   369   35.055000              25600  2.5568516546666442E-01
   370   35.150000              25600  2.5534666661400374E-01
   371   35.245000              25600  2.5498814967535410E-01
   372   35.340000              25600  2.5461049375969502E-01
   373   35.435000              25600  2.5421526019796714E-01
   374   35.530000              25600  2.5380511618367274E-01
   375   35.625000              25600  2.5338402339058824E-01
   376   35.720000              25600  2.5295729622061403E-01
   377   35.815000              25600  2.5253169505569362E-01
   378   35.910000              25600  2.5211525248866562E-01
   379   36.005000              25600  2.5171648413790093E-01
   380   36.100000              25600  2.5134301422074173E-01
   381   36.195000              25600  2.5099995555313936E-01
   382   36.290000              25600  2.5068846449403720E-01
   383   36.385000              25600  2.5040476520293664E-01
   384   36.480000              25600  2.5013964684641893E-01
   385   36.575000              25600  2.4987850478618467E-01
   386   36.670000              25600  2.4960242956278622E-01
   387   36.765000              25600  2.4929053100616422E-01
   388   36.860000              25600  2.4892286699082017E-01
   389   36.955000              25600  2.4848313311714409E-01
   390   37.050000              25600  2.4796067139220240E-01
   391   37.145000              25600  2.4735178800610219E-01
   392   37.240000              25600  2.4666019735720235E-01
   393   37.335000              25600  2.4589622043598480E-01
   394   37.430000              25600  2.4507494973382327E-01
   395   37.525000              25600  2.4421422111243438E-01
   396   37.620000              25600  2.4333293775309817E-01
   397   37.715000              25600  2.4244954348925571E-01
   398   37.810000              25600  2.4158051545218401E-01
   399   37.905000              25600  2.4073930926276355E-01
   400   38.000000              25600  2.3993605889592640E-01
   401   38.095000              25600  2.3917776078994959E-01
   402   38.190000              25600  2.3846860098828249E-01
   403   38.285000              25600  2.3781023725727274E-01
   404   38.380000              25600  2.3720188082131149E-01
   405   38.475000              25600  2.3664030636829358E-01
   406   38.570000              25600  2.3612011335941019E-01
   407   38.665000              25600  2.3563442763962997E-01
   408   38.760000              25600  2.3517595713599238E-01
   409   38.855000              25600  2.3473811569973652E-01
   410   38.950000              25600  2.3431583371882000E-01
   411   39.045000              25600  2.3390587685146463E-01
   412   39.140000              25600  2.3350680533634982E-01
   413   39.235000              25600  2.3311879702532243E-01
   414   39.330000              25600  2.3274358693225350E-01
   415   39.425000              25600  2.3238446377662636E-01
   416   39.520000              25600  2.3204605930693009E-01
   417   39.615000              25600  2.3173382578391169E-01
   418   39.710000              25600  2.3145329961650274E-01
   419   39.805000              25600  2.3120920476978360E-01
   420   39.900000              25600  2.3100434687765686E-01
   421   39.995000              25600  2.3083846010403236E-01
   422   40.090000              25600  2.3070746911391637E-01
