! Kinetic energy for species "electrons-up"
  Iter        Time          Total Par.             Kin. Energy
     0   0.0000000              25600  2.8286396705501465E-01
     1  0.95000000E-01          25600  2.8286371296284085E-01
     2  0.19000000              25600  2.8286295653210297E-01
     3  0.28500000              25600  2.8286171380090064E-01
     4  0.38000000              25600  2.8286000809967093E-01
     5  0.47500000              25600  2.8285786834071580E-01
     6  0.57000000              25600  2.8285532912376699E-01
     7  0.66500000              25600  2.8285243148350003E-01
     8  0.76000000              25600  2.8284922288424375E-01
     9  0.85500000              25600  2.8284575598619394E-01
    10  0.95000000              25600  2.8284208679571654E-01
    11   1.0450000              25600  2.8283827308126547E-01
    12   1.1400000              25600  2.8283437357782981E-01
    13   1.2350000              25600  2.8283044781276645E-01
    14   1.3300000              25600  2.8282655588373590E-01
    15   1.4250000              25600  2.8282275819639524E-01
    16   1.5200000              25600  2.8281911549699107E-01
    17   1.6150000              25600  2.8281568791179146E-01
    18   1.7100000              25600  2.8281253173400778E-01
    19   1.8050000              25600  2.8280969621667112E-01
    20   1.9000000              25600  2.8280722360278976E-01
    21   1.9950000              25600  2.8280515131671213E-01
    22   2.0900000              25600  2.8280351245132673E-01
    23   2.1850000              25600  2.8280233352907497E-01
    24   2.2800000              25600  2.8280163222675986E-01
    25   2.3750000              25600  2.8280141762487604E-01
    26   2.4700000              25600  2.8280169228558771E-01
    27   2.5650000              25600  2.8280245307183549E-01
    28   2.6600000              25600  2.8280368965567210E-01
    29   2.7550000              25600  2.8280538333601579E-01
    30   2.8500000              25600  2.8280750779095787E-01
    31   2.9450000              25600  2.8281002992987980E-01
    32   3.0400000              25600  2.8281290988489294E-01
    33   3.1350000              25600  2.8281610175568805E-01
    34   3.2300000              25600  2.8281955523310626E-01
    35   3.3250000              25600  2.8282321635161434E-01
    36   3.4200000              25600  2.8282702742492311E-01
    37   3.5150000              25600  2.8283092732980752E-01
    38   3.6100000              25600  2.8283485215198723E-01
    39   3.7050000              25600  2.8283873683331839E-01
    40   3.8000000              25600  2.8284251857949522E-01
    41   3.8950000              25600  2.8284613941077164E-01
    42   3.9900000              25600  2.8284954482122682E-01
    43   4.0850000              25600  2.8285268037611855E-01
    44   4.1800000              25600  2.8285549072821836E-01
    45   4.2750000              25600  2.8285792374823754E-01
    46   4.3700000              25600  2.8285993822049982E-01
    47   4.4650000              25600  2.8286150765726714E-01
    48   4.5600000              25600  2.8286261454396838E-01
    49   4.6550000              25600  2.8286324221709958E-01
    50   4.7500000              25600  2.8286337528329608E-01
    51   4.8450000              25600  2.8286300582700891E-01
    52   4.9400000              25600  2.8286213634371948E-01
    53   5.0350000              25600  2.8286078004566867E-01
    54   5.1300000              25600  2.8285896238259733E-01
    55   5.2250000              25600  2.8285672035581738E-01
    56   5.3200000              25600  2.8285409635418679E-01
    57   5.4150000              25600  2.8285113039082421E-01
    58   5.5100000              25600  2.8284785734090523E-01
    59   5.6050000              25600  2.8284431309574110E-01
    60   5.7000000              25600  2.8284054579288342E-01
    61   5.7950000              25600  2.8283661994367243E-01
    62   5.8900000              25600  2.8283260651039183E-01
    63   5.9850000              25600  2.8282856904577014E-01
    64   6.0800000              25600  2.8282456142631968E-01
    65   6.1750000              25600  2.8282063782492195E-01
    66   6.2700000              25600  2.8281686093009234E-01
    67   6.3650000              25600  2.8281329856657922E-01
    68   6.4600000              25600  2.8281001338491962E-01
    69   6.5550000              25600  2.8280705566108222E-01
    70   6.6500000              25600  2.8280446310778301E-01
    71   6.7450000              25600  2.8280226579253820E-01
    72   6.8400000              25600  2.8280049241637883E-01
    73   6.9350000              25600  2.8279917287164513E-01
    74   7.0300000              25600  2.8279833354295414E-01
    75   7.1250000              25600  2.8279798812207940E-01
    76   7.2200000              25600  2.8279813232832895E-01
    77   7.3150000              25600  2.8279874874475075E-01
    78   7.4100000              25600  2.8279981757686246E-01
    79   7.5050000              25600  2.8280132154382687E-01
    80   7.6000000              25600  2.8280323952811803E-01
    81   7.6950000              25600  2.8280553710474043E-01
    82   7.7900000              25600  2.8280816500328698E-01
    83   7.8850000              25600  2.8281106641737341E-01
    84   7.9800000              25600  2.8281418532133779E-01
    85   8.0750000              25600  2.8281746960669069E-01
    86   8.1700000              25600  2.8282086878748341E-01
    87   8.2650000              25600  2.8282432882127390E-01
    88   8.3600000              25600  2.8282778755300531E-01
    89   8.4550000              25600  2.8283117457244844E-01
    90   8.5500000              25600  2.8283441624395939E-01
    91   8.6450000              25600  2.8283744316018805E-01
    92   8.7400000              25600  2.8284019730357096E-01
    93   8.8350000              25600  2.8284263548200977E-01
    94   8.9300000              25600  2.8284472353901768E-01
    95   9.0250000              25600  2.8284642192709830E-01
    96   9.1200000              25600  2.8284767548456924E-01
    97   9.2150000              25600  2.8284842012589773E-01
    98   9.3100000              25600  2.8284860252062360E-01
    99   9.4050000              25600  2.8284819553056861E-01
   100   9.5000000              25600  2.8284719629145205E-01
   101   9.5950000              25600  2.8284560937236836E-01
   102   9.6900000              25600  2.8284343155198838E-01
   103   9.7850000              25600  2.8284065486101662E-01
   104   9.8800000              25600  2.8283728600431013E-01
   105   9.9750000              25600  2.8283336085804345E-01
   106   10.070000              25600  2.8282893732443709E-01
   107   10.165000              25600  2.8282407349532324E-01
   108   10.260000              25600  2.8281881133002279E-01
   109   10.355000              25600  2.8281317777420878E-01
   110   10.450000              25600  2.8280719996471437E-01
   111   10.545000              25600  2.8280092104380317E-01
   112   10.640000              25600  2.8279440266299416E-01
   113   10.735000              25600  2.8278771197245300E-01
   114   10.830000              25600  2.8278090478317169E-01
   115   10.925000              25600  2.8277401794368839E-01
   116   11.020000              25600  2.8276707476867657E-01
   117   11.115000              25600  2.8276009749713915E-01
   118   11.210000              25600  2.8275311560801442E-01
   119   11.305000              25600  2.8274616435623873E-01
   120   11.400000              25600  2.8273927966980922E-01
   121   11.495000              25600  2.8273249652059312E-01
   122   11.590000              25600  2.8272584904516179E-01
   123   11.685000              25600  2.8271936828284905E-01
   124   11.780000              25600  2.8271307523698008E-01
   125   11.875000              25600  2.8270696673732654E-01
   126   11.970000              25600  2.8270099958516631E-01
   127   12.065000              25600  2.8269509022705652E-01
   128   12.160000              25600  2.8268913877455876E-01
   129   12.255000              25600  2.8268306098487628E-01
   130   12.350000              25600  2.8267680173109405E-01
   131   12.445000              25600  2.8267032112769874E-01
   132   12.540000              25600  2.8266356979211998E-01
   133   12.635000              25600  2.8265647685180517E-01
   134   12.730000              25600  2.8264895769060566E-01
   135   12.825000              25600  2.8264092807916008E-01
   136   12.920000              25600  2.8263230972378317E-01
   137   13.015000              25600  2.8262302668048511E-01
   138   13.110000              25600  2.8261299908657755E-01
   139   13.205000              25600  2.8260213124039268E-01
   140   13.300000              25600  2.8259028780628753E-01
   141   13.395000              25600  2.8257727132117333E-01
   142   13.490000              25600  2.8256282984239722E-01
   143   13.585000              25600  2.8254670364815881E-01
   144   13.680000              25600  2.8252868101825190E-01
   145   13.775000              25600  2.8250861995209442E-01
   146   13.870000              25600  2.8248642316807032E-01
   147   13.965000              25600  2.8246199995174498E-01
   148   14.060000              25600  2.8243525954303167E-01
   149   14.155000              25600  2.8240614054199498E-01
   150   14.250000              25600  2.8237463528528162E-01
   151   14.345000              25600  2.8234076911247885E-01
   152   14.440000              25600  2.8230453886871038E-01
   153   14.535000              25600  2.8226585551647732E-01
   154   14.630000              25600  2.8222453208007792E-01
   155   14.725000              25600  2.8218031828078932E-01
   156   14.820000              25600  2.8213295299661367E-01
   157   14.915000              25600  2.8208220752127655E-01
   158   15.010000              25600  2.8202790480366197E-01
   159   15.105000              25600  2.8196990969493047E-01
   160   15.200000              25600  2.8190810326452748E-01
   161   15.295000              25600  2.8184236747577823E-01
   162   15.390000              25600  2.8177259092287360E-01
   163   15.485000              25600  2.8169867759587719E-01
   164   15.580000              25600  2.8162053387110164E-01
   165   15.675000              25600  2.8153803288847401E-01
   166   15.770000              25600  2.8145099025451292E-01
   167   15.865000              25600  2.8135919248856522E-01
   168   15.960000              25600  2.8126247036219121E-01
   169   16.055000              25600  2.8116073894628313E-01
   170   16.150000              25600  2.8105392911545063E-01
   171   16.245000              25600  2.8094184200912836E-01
   172   16.340000              25600  2.8082406154557193E-01
   173   16.435000              25600  2.8070003015429001E-01
   174   16.530000              25600  2.8056924791718829E-01
   175   16.625000              25600  2.8043144058417796E-01
   176   16.720000              25600  2.8028656405956320E-01
   177   16.815000              25600  2.8013465080361105E-01
   178   16.910000              25600  2.7997563432816475E-01
   179   17.005000              25600  2.7980928420666223E-01
   180   17.100000              25600  2.7963524926372862E-01
   181   17.195000              25600  2.7945311140775286E-01
   182   17.290000              25600  2.7926241284901976E-01
   183   17.385000              25600  2.7906270306454506E-01
   184   17.480000              25600  2.7885361092969013E-01
   185   17.575000              25600  2.7863487298527323E-01
   186   17.670000              25600  2.7840627799141193E-01
   187   17.765000              25600  2.7816757563633343E-01
   188   17.860000              25600  2.7791842729973892E-01
   189   17.955000              25600  2.7765844629459452E-01
   190   18.050000              25600  2.7738731614710993E-01
   191   18.145000              25600  2.7710491298927403E-01
   192   18.240000              25600  2.7681136079547353E-01
   193   18.335000              25600  2.7650698907690852E-01
   194   18.430000              25600  2.7619219514493676E-01
   195   18.525000              25600  2.7586726946124840E-01
   196   18.620000              25600  2.7553230583560467E-01
   197   18.715000              25600  2.7518727781297281E-01
   198   18.810000              25600  2.7483220705029238E-01
   199   18.905000              25600  2.7446725393701810E-01
   200   19.000000              25600  2.7409265270690819E-01
   201   19.095000              25600  2.7370858086792693E-01
   202   19.190000              25600  2.7331510982743190E-01
   203   19.285000              25600  2.7291228290276853E-01
   204   19.380000              25600  2.7250024110537752E-01
   205   19.475000              25600  2.7207931836628962E-01
   206   19.570000              25600  2.7165008424521347E-01
   207   19.665000              25600  2.7121330197882115E-01
   208   19.760000              25600  2.7076981413498530E-01
   209   19.855000              25600  2.7032043162655506E-01
   210   19.950000              25600  2.6986584683544479E-01
   211   20.045000              25600  2.6940650062748933E-01
   212   20.140000              25600  2.6894246781763276E-01
   213   20.235000              25600  2.6847358852116987E-01
   214   20.330000              25600  2.6799980240626931E-01
   215   20.425000              25600  2.6752136450435443E-01
   216   20.520000              25600  2.6703875418684386E-01
   217   20.615000              25600  2.6655238607126669E-01
   218   20.710000              25600  2.6606238399457494E-01
   219   20.805000              25600  2.6556857554298907E-01
   220   20.900000              25600  2.6507067723960054E-01
   221   20.995000              25600  2.6456857723430266E-01
   222   21.090000              25600  2.6406254505268939E-01
   223   21.185000              25600  2.6355316555782193E-01
   224   21.280000              25600  2.6304101859817675E-01
   225   21.375000              25600  2.6252643030778966E-01
   226   21.470000              25600  2.6200951915589965E-01
   227   21.565000              25600  2.6149038739939928E-01
   228   21.660000              25600  2.6096927764304401E-01
   229   21.755000              25600  2.6044671340573222E-01
   230   21.850000              25600  2.5992364987169042E-01
   231   21.945000              25600  2.5940148474392899E-01
   232   22.040000              25600  2.5888182123335529E-01
   233   22.135000              25600  2.5836615597776214E-01
   234   22.230000              25600  2.5785575462496080E-01
   235   22.325000              25600  2.5735182266353773E-01
   236   22.420000              25600  2.5685586562588614E-01
   237   22.515000              25600  2.5636989704411889E-01
   238   22.610000              25600  2.5589623088420532E-01
   239   22.705000              25600  2.5543707467741661E-01
   240   22.800000              25600  2.5499437110284134E-01
   241   22.895000              25600  2.5456997394594805E-01
   242   22.990000              25600  2.5416579086290825E-01
   243   23.085000              25600  2.5378364283811916E-01
   244   23.180000              25600  2.5342509340499014E-01
   245   23.275000              25600  2.5309163664532008E-01
   246   23.370000              25600  2.5278513057073237E-01
   247   23.465000              25600  2.5250796060652947E-01
   248   23.560000              25600  2.5226273176544800E-01
   249   23.655000              25600  2.5205179479233569E-01
   250   23.750000              25600  2.5187704572366959E-01
   251   23.845000              25600  2.5174013744130835E-01
   252   23.940000              25600  2.5164283849553393E-01
   253   24.035000              25600  2.5158717455424506E-01
   254   24.130000              25600  2.5157525969277528E-01
   255   24.225000              25600  2.5160910286975297E-01
   256   24.320000              25600  2.5169056100196707E-01
   257   24.415000              25600  2.5182124336953032E-01
   258   24.510000              25600  2.5200225030618267E-01
   259   24.605000              25600  2.5223395334341242E-01
   260   24.700000              25600  2.5251601128168777E-01
   261   24.795000              25600  2.5284760507361875E-01
   262   24.890000              25600  2.5322769532332867E-01
   263   24.985000              25600  2.5365502583085286E-01
   264   25.080000              25600  2.5412783460898980E-01
   265   25.175000              25600  2.5464355344434908E-01
   266   25.270000              25600  2.5519878158573500E-01
   267   25.365000              25600  2.5578948013786568E-01
   268   25.460000              25600  2.5641112776130437E-01
   269   25.555000              25600  2.5705876226600932E-01
   270   25.650000              25600  2.5772704273270941E-01
   271   25.745000              25600  2.5841045981630151E-01
   272   25.840000              25600  2.5910364071623881E-01
   273   25.935000              25600  2.5980151409313562E-01
   274   26.030000              25600  2.6049922383564861E-01
   275   26.125000              25600  2.6119200139153220E-01
   276   26.220000              25600  2.6187516894637614E-01
   277   26.315000              25600  2.6254412819371209E-01
   278   26.410000              25600  2.6319422964950917E-01
   279   26.505000              25600  2.6382074000666711E-01
   280   26.600000              25600  2.6441903989911075E-01
   281   26.695000              25600  2.6498479069375380E-01
   282   26.790000              25600  2.6551383473505352E-01
   283   26.885000              25600  2.6600200760229770E-01
   284   26.980000              25600  2.6644515700569754E-01
   285   27.075000              25600  2.6683935726960639E-01
   286   27.170000              25600  2.6718117045199613E-01
   287   27.265000              25600  2.6746785413804852E-01
   288   27.360000              25600  2.6769749016620592E-01
   289   27.455000              25600  2.6786910939078290E-01
   290   27.550000              25600  2.6798286992386561E-01
   291   27.645000              25600  2.6804022942142880E-01
   292   27.740000              25600  2.6804403587350417E-01
   293   27.835000              25600  2.6799844134217998E-01
   294   27.930000              25600  2.6790855048616319E-01
   295   28.025000              25600  2.6777992739299128E-01
   296   28.120000              25600  2.6761829554259797E-01
   297   28.215000              25600  2.6742956725625827E-01
   298   28.310000              25600  2.6721993721431270E-01
   299   28.405000              25600  2.6699584232311735E-01
   300   28.500000              25600  2.6676383992838210E-01
   301   28.595000              25600  2.6653044520775787E-01
   302   28.690000              25600  2.6630189195100912E-01
   303   28.785000              25600  2.6608380991747649E-01
   304   28.880000              25600  2.6588101823036314E-01
   305   28.975000              25600  2.6569764693470410E-01
   306   29.070000              25600  2.6553735401282513E-01
   307   29.165000              25600  2.6540322344470041E-01
   308   29.260000              25600  2.6529748541509757E-01
   309   29.355000              25600  2.6522147625088865E-01
   310   29.450000              25600  2.6517589921509677E-01
   311   29.545000              25600  2.6516111061500353E-01
   312   29.640000              25600  2.6517715426875521E-01
   313   29.735000              25600  2.6522353275465488E-01
   314   29.830000              25600  2.6529899345546154E-01
   315   29.925000              25600  2.6540158659952851E-01
   316   30.020000              25600  2.6552891885171309E-01
   317   30.115000              25600  2.6567840852245794E-01
   318   30.210000              25600  2.6584734368835616E-01
   319   30.305000              25600  2.6603257501371136E-01
   320   30.400000              25600  2.6622999460197960E-01
   321   30.495000              25600  2.6643427723005186E-01
   322   30.590000              25600  2.6663914225081137E-01
   323   30.685000              25600  2.6683788757406657E-01
   324   30.780000              25600  2.6702375800265232E-01
   325   30.875000              25600  2.6719002310489981E-01
   326   30.970000              25600  2.6732997533755093E-01
   327   31.065000              25600  2.6743693755195486E-01
   328   31.160000              25600  2.6750428121726233E-01
   329   31.255000              25600  2.6752554953110763E-01
   330   31.350000              25600  2.6749474481148261E-01
   331   31.445000              25600  2.6740669510918291E-01
   332   31.540000              25600  2.6725741071847564E-01
   333   31.635000              25600  2.6704440220984732E-01
   334   31.730000              25600  2.6676685849726728E-01
   335   31.825000              25600  2.6642548361807350E-01
   336   31.920000              25600  2.6602206434463493E-01
   337   32.015000              25600  2.6555922442878555E-01
   338   32.110000              25600  2.6504057294616312E-01
   339   32.205000              25600  2.6447105073043992E-01
   340   32.300000              25600  2.6385713334251576E-01
   341   32.395000              25600  2.6320670007664110E-01
   342   32.490000              25600  2.6252870779845455E-01
   343   32.585000              25600  2.6183282915787565E-01
   344   32.680000              25600  2.6112899111849791E-01
   345   32.775000              25600  2.6042676116289032E-01
   346   32.870000              25600  2.5973477926932076E-01
   347   32.965000              25600  2.5906042767805287E-01
   348   33.060000              25600  2.5840961197985957E-01
   349   33.155000              25600  2.5778652976094468E-01
   350   33.250000              25600  2.5719364276372614E-01
   351   33.345000              25600  2.5663199942855031E-01
   352   33.440000              25600  2.5610174744804648E-01
   353   33.535000              25600  2.5560267618056404E-01
   354   33.630000              25600  2.5513471501663054E-01
   355   33.725000              25600  2.5469826191689304E-01
   356   33.820000              25600  2.5429423541574769E-01
   357   33.915000              25600  2.5392386908846731E-01
   358   34.010000              25600  2.5358833049065549E-01
   359   34.105000              25600  2.5328830022066323E-01
   360   34.200000              25600  2.5302363837760988E-01
   361   34.295000              25600  2.5279313060586683E-01
   362   34.390000              25600  2.5259431102085644E-01
   363   34.485000              25600  2.5242338676277271E-01
   364   34.580000              25600  2.5227527819628182E-01
   365   34.675000              25600  2.5214382615878334E-01
   366   34.770000              25600  2.5202218979196178E-01
   367   34.865000              25600  2.5190335734060737E-01
   368   34.960000              25600  2.5178066885304179E-01
   369   35.055000              25600  2.5164835661897711E-01
   370   35.150000              25600  2.5150210016868729E-01
   371   35.245000              25600  2.5133947917886701E-01
   372   35.340000              25600  2.5116014982215706E-01
   373   35.435000              25600  2.5096574170812880E-01
   374   35.530000              25600  2.5075962664860241E-01
   375   35.625000              25600  2.5054655617599453E-01
   376   35.720000              25600  2.5033220684981916E-01
   377   35.815000              25600  2.5012288186887743E-01
   378   35.910000              25600  2.4992536400396587E-01
   379   36.005000              25600  2.4974654254953654E-01
   380   36.100000              25600  2.4959267518728079E-01
   381   36.195000              25600  2.4946865830496329E-01
   382   36.290000              25600  2.4937766213437057E-01
   383   36.385000              25600  2.4932120157055432E-01
   384   36.480000              25600  2.4929952354598781E-01
   385   36.575000              25600  2.4931217463633010E-01
   386   36.670000              25600  2.4935864164188892E-01
   387   36.765000              25600  2.4943879865747187E-01
   388   36.860000              25600  2.4955299599587863E-01
   389   36.955000              25600  2.4970196293780217E-01
   390   37.050000              25600  2.4988673431524822E-01
   391   37.145000              25600  2.5010852474819006E-01
   392   37.240000              25600  2.5036820558341427E-01
   393   37.335000              25600  2.5066550565480994E-01
   394   37.430000              25600  2.5099863105178000E-01
   395   37.525000              25600  2.5136455577160649E-01
   396   37.620000              25600  2.5175948815660176E-01
   397   37.715000              25600  2.5217907062625966E-01
   398   37.810000              25600  2.5261841719817657E-01
   399   37.905000              25600  2.5307225637752900E-01
   400   38.000000              25600  2.5353516255095165E-01
   401   38.095000              25600  2.5400177095905219E-01
   402   38.190000              25600  2.5446690768451097E-01
   403   38.285000              25600  2.5492569286307393E-01
   404   38.380000              25600  2.5537369536063270E-01
   405   38.475000              25600  2.5580683234027390E-01
   406   38.570000              25600  2.5622090636197947E-01
   407   38.665000              25600  2.5661134959786047E-01
   408   38.760000              25600  2.5697364087950469E-01
   409   38.855000              25600  2.5730401662781571E-01
   410   38.950000              25600  2.5759965104205290E-01
   411   39.045000              25600  2.5785809579384189E-01
   412   39.140000              25600  2.5807651753745059E-01
   413   39.235000              25600  2.5825135569733865E-01
   414   39.330000              25600  2.5837860634726856E-01
   415   39.425000              25600  2.5845458008231398E-01
   416   39.520000              25600  2.5847684303696283E-01
   417   39.615000              25600  2.5844485247222643E-01
   418   39.710000              25600  2.5835998490104167E-01
   419   39.805000              25600  2.5822509680443628E-01
   420   39.900000              25600  2.5804391863264664E-01
   421   39.995000              25600  2.5782046347397747E-01
   422   40.090000              25600  2.5755858446325813E-01
